step,x,y,z,speed_3d,speed_xy,command_v,command_w,outcome
0,0.267666757106781,-4.549860000610352,-0.009893059730529785,0.0,0.0,0.0,0.0,success
1,0.267661988735199,-4.549876689910889,-0.00500215869396925,0.15284161269664764,0.0005424104747362435,1.0,0.0,success
2,0.267661988735199,-4.549876689910889,-0.004033063538372517,0.030284222215414047,0.0,0.0,-3.0,success
3,0.2676379084587097,-4.548841953277588,-0.0032703762408345938,0.04017723724246025,0.0323442704975605,1.0,-3.0,success
4,0.2676161229610443,-4.547785758972168,-0.002664820523932576,0.038052164018154144,0.03301309049129486,1.0,3.0,success
5,0.26761600375175476,-4.54778528213501,-0.002185763791203499,0.01497053075581789,1.5359764802269638e-05,0.0,0.0,success
6,0.26759231090545654,-4.546751022338867,-0.0017930251779034734,0.03458032384514809,0.032329097390174866,1.0,-3.0,success
7,0.2675924599170685,-4.546750545501709,-0.0014882638351991773,0.009523804299533367,1.5611809430993162e-05,0.0,0.0,success
8,0.2675715386867523,-4.545715808868408,-0.0012351790210232139,0.033295102417469025,0.032342128455638885,1.0,-3.0,success
9,0.2675530016422272,-4.544659614562988,-0.001037148293107748,0.033586207777261734,0.03301115334033966,1.0,0.0,success
10,0.2675529420375824,-4.544638633728027,-0.0008839425281621516,0.004832366015762091,0.000655653711874038,0.0,3.0,success
11,0.2675528824329376,-4.544638633728027,-0.0007568591390736401,0.003971355967223644,1.8626450355441193e-06,0.0,3.0,success
12,0.26752981543540955,-4.543603897094727,-0.000650032190605998,0.032515380531549454,0.0323435515165329,1.0,-3.0,success
13,0.26750868558883667,-4.542548179626465,-0.0005691688857041299,0.03309439495205879,0.032997775822877884,1.0,3.0,success
14,0.2674850523471832,-4.541492462158203,-0.0005047879531048238,0.0330607108771801,0.0329994335770607,1.0,3.0,success
15,0.2674589157104492,-4.540436744689941,-0.0004533135215751827,0.03304045647382736,0.03300127759575844,1.0,3.0,success
16,0.2674582302570343,-4.5404157638549805,-0.0004170292231719941,0.001309973536990583,0.0006560008623637259,0.0,3.0,success
17,0.26745763421058655,-4.5404157638549805,-0.000383444334147498,0.0010496929753571749,1.862645149230957e-05,0.0,3.0,success
18,0.2674243748188019,-4.539381504058838,-0.00035140139516443014,0.03235282376408577,0.03233732283115387,1.0,3.0,success
19,0.2673891484737396,-4.538325786590576,-0.00033031689235940576,0.033016104251146317,0.03300952911376953,1.0,-3.0,success
20,0.26735571026802063,-4.537270545959473,-0.0003137749445158988,0.03299687057733536,0.03299282118678093,1.0,3.0,success
21,0.26735591888427734,-4.5372490882873535,-0.00030542188324034214,0.0007195978541858494,0.0006705838604830205,0.0,-3.0,success
22,0.26732248067855835,-4.536214828491211,-0.00028931332053616643,0.032341424375772476,0.032337505370378494,1.0,3.0,success
23,0.2672872245311737,-4.535159587860107,-0.000280676904367283,0.03299577161669731,0.03299466893076897,1.0,-3.0,success
24,0.2672537863254547,-4.534103870391846,-0.00027407598099671304,0.033008359372615814,0.03300771489739418,1.0,3.0,success
25,0.26721861958503723,-4.533048629760742,-0.0002687912492547184,0.032994989305734634,0.032994575798511505,1.0,-3.0,success
26,0.2671859860420227,-4.531993389129639,-0.00026457454077899456,0.032992295920848846,0.032992031425237656,1.0,-3.0,success
27,0.26715511083602905,-4.530937671661377,-0.0002612129901535809,0.03300544619560242,0.03300527483224869,1.0,3.0,success
28,0.2671217918395996,-4.529881954193115,-0.0002585147740319371,0.033007703721523285,0.03300759568810463,1.0,3.0,success
29,0.2671220898628235,-4.529860973358154,-0.00026122742565348744,0.0006611740100197494,0.0006557172164320946,0.0,-3.0,success
30,0.26712214946746826,-4.529860973358154,-0.0002588413772173226,7.458727486664429e-05,1.8626450355441193e-06,0.0,-3.0,success
31,0.2670920491218567,-4.528826713562012,-0.0002517482789698988,0.0323350615799427,0.03233430162072182,1.0,-3.0,success
32,0.26709166169166565,-4.528805732727051,-0.0002555231039877981,0.0006662884261459112,0.0006557627930305898,0.0,3.0,success
33,0.26706188917160034,-4.52777099609375,-0.00024936950649134815,0.03234947472810745,0.03234890103340149,1.0,-3.0,success
34,0.2670624554157257,-4.527750015258789,-0.0002536228857934475,0.0006692224415019155,0.000655889802146703,0.0,-3.0,success
35,0.2670626938343048,-4.527750015258789,-0.00025275073130615056,2.8254853532416746e-05,7.450580142176477e-06,0.0,0.0,success
36,0.26706257462501526,-4.527750015258789,-0.0002517672546673566,3.09585957438685e-05,3.7252900710882386e-06,0.0,3.0,success
37,0.2670624256134033,-4.527750015258789,-0.00025096084573306143,2.562689951446373e-05,4.656612873077393e-06,0.0,3.0,success
38,0.267032265663147,-4.5267157554626465,-0.0002454305358696729,0.032334815710783005,0.032334357500076294,1.0,3.0,success
39,0.26699936389923096,-4.525660037994385,-0.0002455755602568388,0.0330071859061718,0.0330071859061718,1.0,3.0,success
40,0.26696470379829407,-4.524604797363281,-0.0002459827810525894,0.03299405425786972,0.03299405053257942,1.0,-3.0,success
41,0.26693254709243774,-4.5235490798950195,-0.00024633266730234027,0.033006470650434494,0.033006470650434494,1.0,-3.0,success
42,0.2669028639793396,-4.522493362426758,-0.0002466138103045523,0.03300420939922333,0.03300420939922333,1.0,-3.0,success
43,0.26687532663345337,-4.521437644958496,-0.0002468437305651605,0.03300239145755768,0.03300238773226738,1.0,0.0,success
44,0.2668473422527313,-4.520381927490234,-0.00024702836526557803,0.033002760261297226,0.03300275653600693,1.0,3.0,success
45,0.26681753993034363,-4.519326686859131,-0.0002471604966558516,0.032989419996738434,0.032989416271448135,1.0,-3.0,success
46,0.2667901813983917,-4.518270969390869,-0.00024727548588998616,0.03300224617123604,0.03300224617123604,1.0,-3.0,success
47,0.2667652666568756,-4.517215251922607,-0.00024736797786317766,0.03300035372376442,0.03300035372376442,1.0,-3.0,success
48,0.26676616072654724,-4.517193794250488,-0.0002523228758946061,0.0006887644995003939,0.0006711340975016356,0.0,-3.0,success
49,0.26674607396125793,-4.516159534454346,-0.00024683683295734227,0.032327163964509964,0.03232670947909355,1.0,-3.0,success
50,0.26672792434692383,-4.515103340148926,-0.00024672679137438536,0.03301094472408295,0.03301094472408295,1.0,3.0,success
51,0.26672857999801636,-4.515082359313965,-0.00025178599753417075,0.0006747546140104532,0.0006559711182489991,0.0,-3.0,success
52,0.26672908663749695,-4.515082359313965,-0.00025129035930149257,2.214874984929338e-05,1.5832483768463135e-05,0.0,-3.0,success
53,0.2667137384414673,-4.514047622680664,-0.00024570946698077023,0.03233954682946205,0.032339077442884445,1.0,-3.0,success
54,0.2667010724544525,-4.512991905212402,-0.0002458005619700998,0.03299354389309883,0.03299354389309883,1.0,-3.0,success
55,0.26669010519981384,-4.511935710906982,-0.0002461828989908099,0.03300785273313522,0.033007849007844925,1.0,3.0,success
56,0.2666766047477722,-4.510879993438721,-0.00024649343686178327,0.0329938679933548,0.0329938642680645,1.0,3.0,success
57,0.26666057109832764,-4.509823799133301,-0.00024674227461218834,0.03300987556576729,0.03300987184047699,1.0,3.0,success
58,0.2666420638561249,-4.508768081665039,-0.0002469414612278342,0.03299623727798462,0.03299623727798462,1.0,3.0,success
59,0.2666420042514801,-4.508747100830078,-0.00025197150534950197,0.0006742330151610076,0.000655653711874038,0.0,-3.0,success
60,0.2666236162185669,-4.507712364196777,-0.00024656642926856875,0.032341066747903824,0.03234062343835831,1.0,3.0,success
61,0.26662346720695496,-4.507691383361816,-0.0002513712679501623,0.000672640569973737,0.0006556676235049963,0.0,-3.0,success
62,0.2666226625442505,-4.507691383361816,-0.0002509550249669701,2.8310847483226098e-05,2.5145707695628516e-05,0.0,3.0,success
63,0.2666020691394806,-4.506656646728516,-0.00024544194457121193,0.03234237805008888,0.03234191983938217,1.0,3.0,success
64,0.2665787935256958,-4.505600929260254,-0.0002455857174936682,0.032999187707901,0.032999187707901,1.0,3.0,success
65,0.2665531635284424,-4.504545211791992,-0.0002460013492964208,0.0330008938908577,0.0330008901655674,1.0,3.0,success
66,0.26652586460113525,-4.5034894943237305,-0.0002463377604726702,0.03300220146775246,0.03300219774246216,1.0,-3.0,success
67,0.26650115847587585,-4.502433776855469,-0.00024661695351824164,0.03300020098686218,0.03300020098686218,1.0,-3.0,success
68,0.2664790153503418,-4.501378059387207,-0.0002468409657012671,0.032998427748680115,0.032998427748680115,1.0,-3.0,success
69,0.266458660364151,-4.500322341918945,-0.00024703051894903183,0.03299730271100998,0.03299729898571968,1.0,3.0,success
70,0.2664589583873749,-4.500300884246826,-0.00025204342091456056,0.0006886706105433404,0.0006706169224344194,0.0,-3.0,success
71,0.2664393484592438,-4.499266147613525,-0.00024661238421685994,0.032341767102479935,0.03234132379293442,1.0,-3.0,success
72,0.26643916964530945,-4.4992451667785645,-0.0002514300576876849,0.0006727373111061752,0.0006556748994626105,0.0,3.0,success
73,0.2664194405078888,-4.498189449310303,-0.00024600536562502384,0.03299736604094505,0.03299693018198013,1.0,0.0,success
74,0.266400009393692,-4.497133731842041,-0.00024613874848000705,0.032996758818626404,0.032996758818626404,1.0,-3.0,success
75,0.2664003074169159,-4.497133255004883,-0.0002514315419830382,0.00016633060295134783,1.7572157958056778e-05,0.0,0.0,success
76,0.2664005756378174,-4.497133255004883,-0.0002509152691345662,1.8180951883550733e-05,8.381903171539307e-06,0.0,0.0,success
77,0.26638275384902954,-4.49609899520874,-0.00024541185121051967,0.032325875014066696,0.032325416803359985,1.0,3.0,success
78,0.26636290550231934,-4.49504280090332,-0.00024555143318139017,0.03301189839839935,0.03301189839839935,1.0,-3.0,success
79,0.2663455009460449,-4.493987083435059,-0.0002459730894770473,0.03299565613269806,0.03299565240740776,1.0,-3.0,success
80,0.2663305699825287,-4.492931365966797,-0.0002463255950715393,0.03299446776509285,0.03299446776509285,1.0,-3.0,success
81,0.26631733775138855,-4.491875171661377,-0.0002466181758791208,0.03300866112112999,0.03300866112112999,1.0,3.0,success
82,0.26630154252052307,-4.490819454193115,-0.0002468423335812986,0.03299486264586449,0.03299486264586449,1.0,3.0,success
83,0.266283243894577,-4.4897637367248535,-0.0002470213221386075,0.032996125519275665,0.032996125519275665,1.0,3.0,success
84,0.2662624716758728,-4.488708019256592,-0.00024716462939977646,0.032997556030750275,0.032997552305459976,1.0,3.0,success
85,0.26626166701316833,-4.488686561584473,-0.00025216140784323215,0.0006889522774145007,0.0006710235029459,0.0,3.0,success
86,0.266236811876297,-4.48765230178833,-0.0002466962905600667,0.03233040124177933,0.032329946756362915,1.0,-3.0,success
87,0.266213983297348,-4.486596584320068,-0.00024661424686200917,0.03299888223409653,0.03299888223409653,1.0,3.0,success
88,0.26618871092796326,-4.485540866851807,-0.0002468248421791941,0.03300062194466591,0.03300062194466591,1.0,3.0,success
89,0.2661879360675812,-4.4855194091796875,-0.00025188905419781804,0.0006893995450809598,0.0006709892768412828,0.0,3.0,success
90,0.2661586105823517,-4.484485149383545,-0.00024647830286994576,0.03233404830098152,0.032333604991436005,1.0,-3.0,success
91,0.26615816354751587,-4.484464168548584,-0.0002513225772418082,0.0006730456370860338,0.0006557998713105917,0.0,3.0,success
92,0.2661292254924774,-4.483429431915283,-0.00024601095356047153,0.03234858438372612,0.032348159700632095,1.0,-3.0,success
93,0.2661297917366028,-4.483408451080322,-0.0002509367768652737,0.0006737109506502748,0.000655889802146703,0.0,-3.0,success
94,0.26610592007637024,-4.4823737144470215,-0.0002457127848174423,0.03234453499317169,0.03234412148594856,1.0,-3.0,success
95,0.2660847306251526,-4.48131799697876,-0.00024581729667261243,0.03299781307578087,0.03299781307578087,1.0,-3.0,success
96,0.26606595516204834,-4.480262279510498,-0.00024618726456537843,0.032996390014886856,0.03299638628959656,1.0,-3.0,success
97,0.26606622338294983,-4.480240821838379,-0.00025138931232504547,0.0006900272564962506,0.0006706046406179667,0.0,3.0,success
98,0.26604723930358887,-4.479206085205078,-0.0002460792602505535,0.03234138712286949,0.03234096243977547,1.0,-3.0,success
99,0.2660301625728607,-4.478150367736816,-0.0002461205003783107,0.03299548476934433,0.03299548476934433,1.0,3.0,success
100,0.26603084802627563,-4.4781293869018555,-0.00025130133144557476,0.0006756841321475804,0.0006560008623637259,0.0,-3.0,success
101,0.266031414270401,-4.4781293869018555,-0.0002509027544874698,2.1639265469275415e-05,1.7695128917694092e-05,0.0,-3.0,success
102,0.26601630449295044,-4.477094650268555,-0.00024541045422665775,0.032339420169591904,0.03233896568417549,1.0,3.0,success
103,0.2659984827041626,-4.476038455963135,-0.00024556071730330586,0.03301076963543892,0.03301076963543892,1.0,3.0,success
104,0.2659781873226166,-4.474982738494873,-0.0002459811221342534,0.032997265458106995,0.032997265458106995,1.0,3.0,success
105,0.26595619320869446,-4.473927021026611,-0.00024632172426208854,0.032998327165842056,0.032998327165842056,1.0,-3.0,success
106,0.26595640182495117,-4.47390604019165,-0.00025148550048470497,0.0006752483895979822,0.0006556834559887648,0.0,-3.0,success
107,0.26593950390815735,-4.47287130355835,-0.00024616645532660186,0.03234025463461876,0.032339829951524734,1.0,-3.0,success
108,0.2659246325492859,-4.47181510925293,-0.00024619087344035506,0.03300934284925461,0.03300934284925461,1.0,3.0,success
109,0.2659245431423187,-4.47181510925293,-0.00025145968538708985,0.00016467407112941146,2.79396749647276e-06,0.0,0.0,success
110,0.2659071981906891,-4.470780372619629,-0.0002460588584654033,0.03234050050377846,0.03234006091952324,1.0,3.0,success
111,0.2658878564834595,-4.469724655151367,-0.00024607955128885806,0.032996706664562225,0.032996706664562225,1.0,-3.0,success
112,0.26587098836898804,-4.468668460845947,-0.00024639585171826184,0.03301028162240982,0.03301027789711952,1.0,-3.0,success
113,0.26585665345191956,-4.4676127433776855,-0.00024666357785463333,0.032994210720062256,0.032994210720062256,1.0,-3.0,success
114,0.26585665345191956,-4.467591762542725,-0.0002517708344385028,0.0006747970473952591,0.000655651034321636,0.0,3.0,success
115,0.26584145426750183,-4.466557025909424,-0.0002463950077071786,0.032339442521333694,0.032339006662368774,1.0,3.0,success
116,0.26582419872283936,-4.465501308441162,-0.000246352341491729,0.03299557417631149,0.03299557417631149,1.0,-3.0,success
117,0.2658093571662903,-4.464445114135742,-0.0002466144214849919,0.03300933167338371,0.03300933167338371,1.0,-3.0,success
118,0.26580938696861267,-4.464424133300781,-0.0002517308166716248,0.0006748652667738497,0.0006556517328135669,0.0,3.0,success
119,0.2657944858074188,-4.4633893966674805,-0.00024635245790705085,0.03233930841088295,0.03233887255191803,1.0,-3.0,success
120,0.265794962644577,-4.463388919830322,-0.00025131282745860517,0.00015643741062376648,2.1073423340567388e-05,0.0,0.0,success
121,0.26579535007476807,-4.463388919830322,-0.00025080618797801435,1.9931172573706135e-05,1.2107192560506519e-05,0.0,0.0,success
122,0.2657821774482727,-4.4623541831970215,-0.00024532381212338805,0.032338593155145645,0.03233813866972923,1.0,3.0,success
123,0.2657662332057953,-4.46129846572876,-0.0002454908099025488,0.03299492970108986,0.03299492970108986,1.0,3.0,success
124,0.2657485008239746,-4.460242748260498,-0.0002459149691276252,0.03299582749605179,0.03299582377076149,1.0,-3.0,success
125,0.2657332420349121,-4.459186553955078,-0.0002462784468661994,0.03300951421260834,0.03300951421260834,1.0,-3.0,success
126,0.2657334804534912,-4.459186553955078,-0.00025155398179776967,0.00016502873040735722,7.450580142176477e-06,0.0,0.0,success
127,0.2657206952571869,-4.458151817321777,-0.00024612448760308325,0.03233843296766281,0.032337989658117294,1.0,-3.0,success
128,0.26570987701416016,-4.457095623016357,-0.00024615286383777857,0.033007800579071045,0.033007800579071045,1.0,3.0,success
129,0.2656972408294678,-4.456039905548096,-0.00024644567747600377,0.032993532717227936,0.03299352899193764,1.0,-3.0,success
130,0.2656971514225006,-4.456018447875977,-0.0002515955420676619,0.0006895996048115194,0.000670558016281575,0.0,3.0,success
131,0.26569709181785583,-4.456018447875977,-0.00025113808806054294,1.441627500753384e-05,1.8626450355441193e-06,0.0,3.0,success
132,0.26568207144737244,-4.454984188079834,-0.00024557768483646214,0.03232449293136597,0.03232402727007866,1.0,-3.0,success
133,0.26566970348358154,-4.453927993774414,-0.00024569479865022004,0.033008333295583725,0.033008333295583725,1.0,-3.0,success
134,0.26565971970558167,-4.452872276306152,-0.0002460885443724692,0.0329926460981369,0.0329926460981369,1.0,-3.0,success
135,0.26566073298454285,-4.452850818634033,-0.00025129926507361233,0.0006907663773745298,0.0006712994072586298,0.0,-3.0,success
136,0.26565513014793396,-4.4517951011657715,-0.0002459262905176729,0.03299206122756004,0.03299163654446602,1.0,0.0,success
137,0.26564982533454895,-4.450738906860352,-0.0002460769610479474,0.033006489276885986,0.033006489276885986,1.0,-3.0,success
138,0.26564687490463257,-4.44968318939209,-0.0002463988494127989,0.03299130126833916,0.03299130126833916,1.0,-3.0,success
139,0.2656455934047699,-4.44862699508667,-0.0002466761798132211,0.03300609439611435,0.03300609067082405,1.0,3.0,success
140,0.26564595103263855,-4.448626518249512,-0.000251862162258476,0.00016312883235514164,1.862645149230957e-05,0.0,0.0,success
141,0.2656419575214386,-4.447591781616211,-0.00024638144532218575,0.03233621269464493,0.032335758209228516,1.0,3.0,success
142,0.2656359374523163,-4.446536064147949,-0.00024633767316117883,0.03299170732498169,0.03299170732498169,1.0,-3.0,success
143,0.26563239097595215,-4.445479869842529,-0.00024660243070684373,0.03300625458359718,0.03300625458359718,1.0,-3.0,success
144,0.2656305432319641,-4.444424152374268,-0.00024683887022547424,0.03299121931195259,0.03299121931195259,1.0,3.0,success
145,0.26562654972076416,-4.443367958068848,-0.00024701390066184103,0.03300630673766136,0.03300630673766136,1.0,0.0,success
146,0.26562219858169556,-4.442311763763428,-0.00024716416373848915,0.03300635144114494,0.03300635144114494,1.0,3.0,success
147,0.2656160295009613,-4.441256046295166,-0.0002472689375281334,0.03299173340201378,0.03299173340201378,1.0,-3.0,success
148,0.2656116485595703,-4.440199851989746,-0.0002473724016454071,0.03300635516643524,0.03300635516643524,1.0,3.0,success
149,0.26560550928115845,-4.439144134521484,-0.0002474357024766505,0.03299172967672348,0.03299172967672348,1.0,-3.0,success
150,0.26560595631599426,-4.439122676849365,-0.00025237613590434194,0.0006882377783767879,0.0006706977146677673,0.0,-3.0,success
151,0.2656056880950928,-4.439123153686523,-0.00025177368661388755,2.5431072572246194e-05,1.7096808733185753e-05,0.0,3.0,success
152,0.2656061053276062,-4.439123153686523,-0.00025097132311202586,2.826130366884172e-05,1.3038515135121997e-05,0.0,-3.0,success
153,0.26560646295547485,-4.439123153686523,-0.00025032382109202445,2.311563366674818e-05,1.117586998589104e-05,0.0,-3.0,success
154,0.2656075358390808,-4.438088417053223,-0.00024492060765624046,0.032335978001356125,0.03233553469181061,1.0,-3.0,success
155,0.26561063528060913,-4.437032222747803,-0.000245178904151544,0.0330062136054039,0.0330062136054039,1.0,3.0,success
156,0.2656112313270569,-4.435976028442383,-0.00024567602667957544,0.033006079494953156,0.03300607576966286,1.0,3.0,success
157,0.2656097114086151,-4.434920310974121,-0.0002460828109178692,0.0329912044107914,0.0329912006855011,1.0,0.0,success
158,0.2656078338623047,-4.433864116668701,-0.0002464196877554059,0.03300612419843674,0.03300612047314644,1.0,3.0,success
159,0.26560425758361816,-4.432807922363281,-0.0002466735022608191,0.03300625830888748,0.03300625830888748,1.0,-3.0,success
160,0.2656024694442749,-4.4317522048950195,-0.0002468962920829654,0.03299121558666229,0.03299121558666229,1.0,3.0,success
161,0.26560184359550476,-4.4317307472229,-0.00025194717454724014,0.0006891562370583415,0.0006708374130539596,0.0,3.0,success
162,0.2655951678752899,-4.4306960105896,-0.0002465361321810633,0.032336633652448654,0.03233619034290314,1.0,3.0,success
163,0.2655864953994751,-4.429640293121338,-0.00024646500241942704,0.03299228101968765,0.03299228101968765,1.0,-3.0,success
164,0.2655867338180542,-4.429618835449219,-0.00025158532662317157,0.0006894193356856704,0.0006705935811623931,0.0,-3.0,success
165,0.265582412481308,-4.428584098815918,-0.0002462571137584746,0.03233622759580612,0.0323357991874218,1.0,3.0,success
166,0.2655760943889618,-4.427528381347656,-0.0002462424454279244,0.03299175947904587,0.03299175947904587,1.0,-3.0,success
167,0.26557567715644836,-4.427506923675537,-0.000251419231062755,0.000689913984388113,0.0006706789718009531,0.0,3.0,success
168,0.2655694782733917,-4.426472187042236,-0.00024610236869193614,0.03233652561903,0.032336097210645676,1.0,-3.0,success
169,0.2655659317970276,-4.425416469573975,-0.00024612894048914313,0.032991353422403336,0.032991353422403336,1.0,-3.0,success
170,0.2655641436576843,-4.424360275268555,-0.0002464463177602738,0.03300611674785614,0.03300611674785614,1.0,3.0,success
171,0.2655605375766754,-4.423304080963135,-0.00024669451522640884,0.03300626203417778,0.03300626203417778,1.0,-3.0,success
172,0.2655593454837799,-4.422248363494873,-0.00024690284044481814,0.0329911895096302,0.0329911895096302,1.0,-3.0,success
173,0.2655598819255829,-4.421192169189453,-0.000247079849941656,0.03300607576966286,0.03300607576966286,1.0,3.0,success
174,0.2655585706233978,-4.420136451721191,-0.000247201940510422,0.0329911932349205,0.0329911932349205,1.0,-3.0,success
175,0.26555898785591125,-4.4190802574157715,-0.0002473187050782144,0.03300607576966286,0.03300607576966286,1.0,3.0,success
176,0.26555943489074707,-4.4190592765808105,-0.0002522736613173038,0.0006738320225849748,0.0006557998713105917,0.0,-3.0,success
177,0.26555976271629333,-4.418024063110352,-0.0002468081656843424,0.032350875437259674,0.03235042095184326,1.0,3.0,success
178,0.26555806398391724,-4.41696834564209,-0.0002466832520440221,0.032991211861371994,0.032991211861371994,1.0,-3.0,success
179,0.2655588984489441,-4.41591215133667,-0.0002468789170961827,0.033006083220243454,0.033006083220243454,1.0,-3.0,success
180,0.26556217670440674,-4.414856433868408,-0.00024704996030777693,0.032991331070661545,0.032991331070661545,1.0,-3.0,success
181,0.2655618190765381,-4.414856433868408,-0.0002480681287124753,3.372343417140655e-05,1.117586998589104e-05,0.0,3.0,success
182,0.26556453108787537,-4.4138007164001465,-0.00024301651865243912,0.03299165517091751,0.032991278916597366,1.0,0.0,success
183,0.2655676007270813,-4.412744522094727,-0.00024373354972340167,0.0330062173306942,0.0330062098801136,1.0,-3.0,success
184,0.2655723989009857,-4.411688804626465,-0.00024453396326862276,0.03299151733517647,0.03299150988459587,1.0,3.0,success
185,0.26557543873786926,-4.410632610321045,-0.0002451652835588902,0.0330062136054039,0.0330062061548233,1.0,-3.0,success
186,0.2655802071094513,-4.409576892852783,-0.0002456900547258556,0.03299150615930557,0.03299150615930557,1.0,3.0,success
187,0.2655797600746155,-4.409555435180664,-0.0002509829355403781,0.0006907918723300099,0.0006706977146677673,0.0,3.0,success
188,0.2655794024467468,-4.409555435180664,-0.0002506480668671429,1.5310417438740842e-05,1.117586998589104e-05,0.0,3.0,success
189,0.26557689905166626,-4.408520698547363,-0.00024519639555364847,0.03233606368303299,0.032335612922906876,1.0,3.0,success
190,0.26557663083076477,-4.408520698547363,-0.0002503631985746324,0.00016168000001925975,8.381903171539307e-06,0.0,0.0,success
191,0.2655722200870514,-4.4074859619140625,-0.0002451554755680263,0.032336220145225525,0.03233581408858299,1.0,-3.0,success
192,0.2655705213546753,-4.406429767608643,-0.0002453668275848031,0.03300611302256584,0.03300611302256584,1.0,-3.0,success
193,0.2655711770057678,-4.406408786773682,-0.0002507079625502229,0.0006768731400370598,0.0006559711182489991,0.0,-3.0,success
194,0.26557445526123047,-4.405373573303223,-0.0002455438661854714,0.03235098347067833,0.032350584864616394,1.0,-3.0,success
195,0.26557448506355286,-4.405352592468262,-0.0002505757729522884,0.0006742446566931903,0.0006556517328135669,0.0,3.0,success
196,0.26557791233062744,-4.404317855834961,-0.00024541368475183845,0.032336097210645676,0.03233569487929344,1.0,-3.0,success
197,0.26558396220207214,-4.403261661529541,-0.0002455777139402926,0.033006612211465836,0.033006612211465836,1.0,-3.0,success
198,0.26558423042297363,-4.40324068069458,-0.00025088805705308914,0.0006763780838809907,0.0006557046435773373,0.0,3.0,success
199,0.265590101480484,-4.402205944061279,-0.00024567751097492874,0.03233645111322403,0.0323360376060009,1.0,-3.0,success
200,0.2655978500843048,-4.401149749755859,-0.00024579919409006834,0.03300695866346359,0.03300695866346359,1.0,3.0,success
201,0.2656037211418152,-4.400094032287598,-0.00024616310838609934,0.0329916812479496,0.0329916775226593,1.0,-3.0,success
202,0.2656119763851166,-4.399037837982178,-0.0002464772842358798,0.03300707787275314,0.03300707787275314,1.0,-3.0,success
203,0.2656121850013733,-4.399016857147217,-0.0002516218810342252,0.0006751054315827787,0.0006556834559887648,0.0,3.0,success
204,0.2656194865703583,-4.397982120513916,-0.00024627565289847553,0.0323367565870285,0.03233632072806358,1.0,3.0,success
205,0.2656240165233612,-4.396925926208496,-0.00024626663071103394,0.03300637751817703,0.033006373792886734,1.0,3.0,success
206,0.265623539686203,-4.396904945373535,-0.00025142860249616206,0.0006753678899258375,0.0006558204186148942,0.0,3.0,success
207,0.2656237781047821,-4.395870208740234,-0.00024610941181890666,0.03233594447374344,0.032335519790649414,1.0,-3.0,success
208,0.2656260132789612,-4.3948140144348145,-0.00024614474386908114,0.03300614282488823,0.03300614282488823,1.0,3.0,success
209,0.2656264901161194,-4.3937578201293945,-0.0002464392746333033,0.03300607576966286,0.03300607576966286,1.0,-3.0,success
210,0.2656290531158447,-4.392702102661133,-0.0002467028971295804,0.03299126774072647,0.03299126774072647,1.0,0.0,success
211,0.2656291723251343,-4.392701625823975,-0.0002518890833016485,0.00016279453120660037,1.5359764802269638e-05,0.0,0.0,success
212,0.2656313478946686,-4.391666889190674,-0.00024640338961035013,0.0323360413312912,0.032335590571165085,1.0,3.0,success
213,0.26563146710395813,-4.390610694885254,-0.00024635513545945287,0.03300607204437256,0.03300607204437256,1.0,-3.0,success
214,0.26563340425491333,-4.389554977416992,-0.00024662664509378374,0.03299122676253319,0.03299122303724289,1.0,3.0,success
215,0.26563283801078796,-4.388498783111572,-0.00024684862000867724,0.03300607576966286,0.03300607576966286,1.0,3.0,success
216,0.26563018560409546,-4.387442588806152,-0.0002470212639309466,0.033006176352500916,0.033006176352500916,1.0,0.0,success
217,0.2656279504299164,-4.386386871337891,-0.00024715973995625973,0.03299124166369438,0.03299124166369438,1.0,-3.0,success
218,0.26562821865081787,-4.385330677032471,-0.0002472748456057161,0.03300607204437256,0.03300607204437256,1.0,-3.0,success
219,0.26562878489494324,-4.38530969619751,-0.00025224804994650185,0.0006740508251823485,0.000655889802146703,0.0,-3.0,success
220,0.26563403010368347,-4.384274959564209,-0.0002467768208589405,0.03233638405799866,0.03233593329787254,1.0,-3.0,success
221,0.2656412720680237,-4.383218765258789,-0.0002466788864694536,0.03300684690475464,0.03300684690475464,1.0,3.0,success
222,0.2656410038471222,-4.383197784423828,-0.00025175849441438913,0.0006746453000232577,0.0006557046435773373,0.0,3.0,success
223,0.2656439244747162,-4.382163047790527,-0.0002463734126649797,0.03233608603477478,0.03233564645051956,1.0,-3.0,success
224,0.26564422249794006,-4.382162570953369,-0.00025132944574579597,0.00015586971130687743,1.7572157958056778e-05,0.0,0.0,success
225,0.2656490206718445,-4.381127834320068,-0.000245941017055884,0.03233630582690239,0.03233586624264717,1.0,3.0,success
226,0.2656489908695221,-4.381127834320068,-0.00025096844183281064,0.00015710976731497794,9.313225177720597e-07,0.0,0.0,success
227,0.26564863324165344,-4.381127834320068,-0.0002505352604202926,1.7554151781951077e-05,1.117586998589104e-05,0.0,3.0,success
228,0.26564839482307434,-4.380093097686768,-0.00024510157527402043,0.03233596682548523,0.032335519790649414,1.0,3.0,success
229,0.26564547419548035,-4.379036903381348,-0.00024531304370611906,0.033006198704242706,0.033006198704242706,1.0,3.0,success
230,0.2656446695327759,-4.379015922546387,-0.0002506657619960606,0.0006771194166503847,0.0006561331101693213,0.0,3.0,success
231,0.2656368613243103,-4.377981185913086,-0.0002455101639498025,0.03233683854341507,0.032336439937353134,1.0,3.0,success
232,0.2656271159648895,-4.376924991607666,-0.0002456444490235299,0.03300747647881508,0.03300747647881508,1.0,-3.0,success
233,0.2656199038028717,-4.375868797302246,-0.00024604794452898204,0.03300684317946434,0.03300684317946434,1.0,-3.0,success
234,0.26562032103538513,-4.375847816467285,-0.0002512664650566876,0.0006757536320947111,0.0006557807209901512,0.0,-3.0,success
235,0.2656203508377075,-4.375847816467285,-0.00025088083930313587,1.2086738024663646e-05,9.313225177720597e-07,0.0,0.0,success
236,0.2656174302101135,-4.374813079833984,-0.0002453888300806284,0.032336100935935974,0.03233564645051956,1.0,3.0,success
237,0.26561686396598816,-4.374791622161865,-0.00025042612105607986,0.0006890087388455868,0.0006707856664434075,0.0,3.0,success
238,0.2656170427799225,-4.374791622161865,-0.0002501773415133357,9.574219802743755e-06,5.58793499294552e-06,0.0,-3.0,success
239,0.2656111717224121,-4.3737568855285645,-0.0002448290179017931,0.03233646973967552,0.0323360376060009,1.0,3.0,success
240,0.2656104564666748,-4.3737359046936035,-0.00024997894070111215,0.0006754835485480726,0.0006560319452546537,0.0,3.0,success
241,0.26559945940971375,-4.372701168060303,-0.00024494589888490736,0.032337725162506104,0.03233734518289566,1.0,3.0,success
242,0.2655858099460602,-4.371644973754883,-0.0002452029148116708,0.03300882875919342,0.03300882875919342,1.0,3.0,success
243,0.2655704617500305,-4.370589256286621,-0.00024568531080149114,0.03299465775489807,0.03299465402960777,1.0,-3.0,success
244,0.2655576765537262,-4.369533538818359,-0.00024609456886537373,0.03299359232187271,0.03299358859658241,1.0,-3.0,success
245,0.2655467391014099,-4.3684773445129395,-0.0002464336866978556,0.03300784155726433,0.03300783783197403,1.0,3.0,success
246,0.26553335785865784,-4.367421627044678,-0.00024669512640684843,0.03299381956458092,0.03299381956458092,1.0,3.0,success
247,0.2655329704284668,-4.3674211502075195,-0.0002518770343158394,0.00016306883480865508,1.9199706002837047e-05,0.0,0.0,success
248,0.2655329704284668,-4.3674211502075195,-0.00025126655236817896,1.9077560864388943e-05,0.0,0.0,-3.0,success
249,0.26552024483680725,-4.366386413574219,-0.000245685747358948,0.03233843296766281,0.032337963581085205,1.0,-3.0,success
250,0.2655206620693207,-4.366365432739258,-0.00025066270609386265,0.000673971779178828,0.0006557807209901512,0.0,-3.0,success
251,0.26551321148872375,-4.365330696105957,-0.00024549278896301985,0.0323367603123188,0.03233635425567627,1.0,-3.0,success
252,0.26550814509391785,-4.364274501800537,-0.0002456461079418659,0.0330064482986927,0.0330064482986927,1.0,0.0,success
253,0.2655034065246582,-4.363218307495117,-0.0002460460818838328,0.03300640359520912,0.03300640359520912,1.0,-3.0,success
254,0.26550108194351196,-4.3621625900268555,-0.0002463838900439441,0.03299125283956528,0.03299124911427498,1.0,-3.0,success
255,0.2655004560947418,-4.3611063957214355,-0.00024666477111168206,0.033006079494953156,0.03300607576966286,1.0,3.0,success
256,0.2655006945133209,-4.3611063957214355,-0.000251853110967204,0.00016230670735239983,7.450580142176477e-06,0.0,0.0,success
257,0.2655011713504791,-4.3611063957214355,-0.00025124772218987346,2.4082159143290482e-05,1.4901160284352954e-05,0.0,-3.0,success
258,0.26550009846687317,-4.360071659088135,-0.00024568222579546273,0.032336004078388214,0.03233553469181061,1.0,3.0,success
259,0.26549702882766724,-4.359015464782715,-0.00024576784926466644,0.0330062098801136,0.0330062098801136,1.0,-3.0,success
260,0.2654957175254822,-4.357959747314453,-0.00024615644360892475,0.0329911932349205,0.0329911932349205,1.0,3.0,success
261,0.26549264788627625,-4.356903553009033,-0.0002464625285938382,0.0330062136054039,0.0330062098801136,1.0,-3.0,success
262,0.26549234986305237,-4.356882572174072,-0.0002516098029445857,0.0006751581095159054,0.0006557172164320946,0.0,3.0,success
263,0.2654924690723419,-4.356882095336914,-0.0002511447237338871,2.1145957362023182e-05,1.5359764802269638e-05,0.0,0.0,success
264,0.2654885947704315,-4.355847358703613,-0.0002455994253978133,0.03233620896935463,0.03233574330806732,1.0,3.0,success
265,0.26548272371292114,-4.354791641235352,-0.00024570157984271646,0.0329916775226593,0.0329916775226593,1.0,-3.0,success
266,0.26547861099243164,-4.353735446929932,-0.0002461034746374935,0.033006321638822556,0.033006321638822556,1.0,3.0,success
267,0.26547273993492126,-4.35267972946167,-0.0002464201534166932,0.0329916812479496,0.0329916775226593,1.0,-3.0,success
268,0.2654731869697571,-4.352658271789551,-0.0002515643136575818,0.0006896938430145383,0.0006706977146677673,0.0,-3.0,success
269,0.2654719352722168,-4.351602554321289,-0.0002461382537148893,0.03299162909388542,0.0329911895096302,1.0,0.0,success
270,0.26547104120254517,-4.350546360015869,-0.00024624622892588377,0.033006083220243454,0.033006083220243454,1.0,-3.0,success
271,0.2654726207256317,-4.349490642547607,-0.0002465339784976095,0.032991208136081696,0.0329912044107914,1.0,-3.0,success
272,0.26547661423683167,-4.3484344482421875,-0.0002467744634486735,0.03300630673766136,0.03300630673766136,1.0,-3.0,success
273,0.26548299193382263,-4.347378730773926,-0.00024696742184460163,0.03299177438020706,0.03299177438020706,1.0,-3.0,success
274,0.2654910385608673,-4.346322536468506,-0.00024713139282539487,0.03300702944397926,0.03300702944397926,1.0,3.0,success
275,0.2654917538166046,-4.346301555633545,-0.0002521240385249257,0.0006743294652551413,0.0006560319452546537,0.0,-3.0,success
276,0.26550036668777466,-4.345266819000244,-0.00024667734396643937,0.03233708441257477,0.03233663737773895,1.0,-3.0,success
277,0.2655109465122223,-4.344210624694824,-0.00024659925838932395,0.033007726073265076,0.033007726073265076,1.0,3.0,success
278,0.2655196785926819,-4.3431549072265625,-0.00024680286878719926,0.032992295920848846,0.032992295920848846,1.0,-3.0,success
279,0.26553013920783997,-4.342098712921143,-0.00024699882487766445,0.03300768882036209,0.03300768882036209,1.0,3.0,success
280,0.2655298411846161,-4.342077732086182,-0.00025202895631082356,0.000674295355565846,0.0006557172164320946,0.0,3.0,success
281,0.2655295431613922,-4.342077732086182,-0.00025148451095446944,1.939612047863193e-05,9.313225746154785e-06,0.0,3.0,success
282,0.2655326724052429,-4.341042995452881,-0.0002458656090311706,0.032336145639419556,0.03233566880226135,1.0,3.0,success
283,0.26553377509117126,-4.339986801147461,-0.00024591415422037244,0.03300608694553375,0.03300608694553375,1.0,-3.0,success
284,0.2655373811721802,-4.338931083679199,-0.0002462630800437182,0.03299136087298393,0.03299136087298393,1.0,-3.0,success
285,0.26553797721862793,-4.33890962600708,-0.0002514385269023478,0.000690032378770411,0.0006708108703605831,0.0,-3.0,success
286,0.2655457854270935,-4.337874889373779,-0.0002461403200868517,0.03233686089515686,0.032336439937353134,1.0,3.0,success
287,0.2655453383922577,-4.337853908538818,-0.0002510417834855616,0.0006734498892910779,0.0006557998713105917,0.0,3.0,success
288,0.2655453085899353,-4.337853908538818,-0.0002506753080524504,1.149016316048801e-05,9.313225177720597e-07,0.0,0.0,success
289,0.26554784178733826,-4.336819171905518,-0.0002452231419738382,0.03233606368303299,0.032335612922906876,1.0,3.0,success
290,0.26554837822914124,-4.335762977600098,-0.0002454005880281329,0.03300607576966286,0.03300607576966286,1.0,-3.0,success
291,0.2655514180660248,-4.334706783294678,-0.0002458523667883128,0.0330062098801136,0.0330062061548233,1.0,-3.0,success
292,0.2655569612979889,-4.333651065826416,-0.00024622894125059247,0.03299162909388542,0.03299162536859512,1.0,-3.0,success
293,0.2655577063560486,-4.333629608154297,-0.00025141212972812355,0.0006902305176481605,0.0006709563313052058,0.0,-3.0,success
294,0.2655583322048187,-4.333629608154297,-0.00025099259801208973,2.3545448129880242e-05,1.9557772247935645e-05,0.0,-3.0,success
295,0.26557019352912903,-4.332594871520996,-0.00024548242799937725,0.03233810141682625,0.03233764320611954,1.0,3.0,success
296,0.26558002829551697,-4.331539154052734,-0.00024560836027376354,0.03299260139465332,0.03299260139465332,1.0,-3.0,success
297,0.2655923366546631,-4.3304829597473145,-0.000246018695179373,0.03300831466913223,0.033008310943841934,1.0,-3.0,success
298,0.2656070590019226,-4.329427242279053,-0.0002463621203787625,0.03299437835812569,0.03299437835812569,1.0,-3.0,success
299,0.2656234800815582,-4.328371524810791,-0.0002466473961248994,0.032995160669088364,0.032995160669088364,1.0,3.0,success
300,0.2656380832195282,-4.327315330505371,-0.0002468560996931046,0.03300922363996506,0.03300922363996506,1.0,-3.0,success
301,0.26565438508987427,-4.326259613037109,-0.00024704213137738407,0.03299510106444359,0.03299510106444359,1.0,3.0,success
302,0.2656681537628174,-4.3252034187316895,-0.00024718142230995,0.0330088771879673,0.0330088771879673,1.0,3.0,success
303,0.2656683623790741,-4.3251824378967285,-0.0002521634451113641,0.0006739136297255754,0.0006556834559887648,0.0,-3.0,success
304,0.2656828761100769,-4.324147701263428,-0.00024670851416885853,0.032339148223400116,0.032338697463274,1.0,-3.0,success
305,0.2656833529472351,-4.324126720428467,-0.000251495250267908,0.0006726635037921369,0.0006558204186148942,0.0,-3.0,success
306,0.26570236682891846,-4.323091983795166,-0.00024617102462798357,0.032341405749320984,0.03234097361564636,1.0,3.0,success
307,0.26571863889694214,-4.322036266326904,-0.0002461829863023013,0.032995086163282394,0.032995086163282394,1.0,3.0,success
308,0.2657324969768524,-4.320980072021484,-0.0002464794961269945,0.03300891071557999,0.03300891071557999,1.0,3.0,success
309,0.2657445967197418,-4.319924354553223,-0.0002467203012201935,0.032993339002132416,0.032993339002132416,1.0,-3.0,success
310,0.26574406027793884,-4.3199028968811035,-0.0002518159453757107,0.0006894042599014938,0.0006707617430947721,0.0,3.0,success
311,0.2657563090324402,-4.318868160247803,-0.00024642047355882823,0.0323382243514061,0.03233778476715088,1.0,-3.0,success
312,0.2657712996006012,-4.317812442779541,-0.000246383307967335,0.03299449384212494,0.03299449384212494,1.0,-3.0,success
313,0.2657880485057831,-4.316756725311279,-0.0002466497535351664,0.0329953208565712,0.0329953208565712,1.0,3.0,success
314,0.26580294966697693,-4.315700531005859,-0.0002468571765348315,0.033009354025125504,0.033009354025125504,1.0,-3.0,success
315,0.26580357551574707,-4.315679550170898,-0.0002519138506613672,0.0006747084553353488,0.0006559426547028124,0.0,-3.0,success
316,0.26582303643226624,-4.314623832702637,-0.00024641791242174804,0.03299722447991371,0.0329967699944973,1.0,0.0,success
317,0.2658424973487854,-4.313568115234375,-0.0002464747813064605,0.0329967699944973,0.0329967699944973,1.0,0.0,success
318,0.26586225628852844,-4.312511920928955,-0.00024671267601661384,0.033011846244335175,0.033011842519044876,1.0,-3.0,success
319,0.26588377356529236,-4.311456203460693,-0.0002469270839355886,0.03299802169203758,0.03299802169203758,1.0,3.0,success
320,0.26590344309806824,-4.310400485992432,-0.00024707967531867325,0.03299689665436745,0.03299689665436745,1.0,-3.0,success
321,0.265924870967865,-4.30934476852417,-0.00024722094531171024,0.032997965812683105,0.032997965812683105,1.0,3.0,success
322,0.2659445106983185,-4.308289051055908,-0.0002473146596457809,0.032996878027915955,0.032996878027915955,1.0,-3.0,success
323,0.26594433188438416,-4.308267593383789,-0.000252291007200256,0.0006883713649585843,0.0006705755367875099,0.0,3.0,success
324,0.26596394181251526,-4.3072333335876465,-0.0002468006277922541,0.03232688084244728,0.03232642635703087,1.0,-3.0,success
325,0.2659861743450165,-4.306177616119385,-0.0002466875303070992,0.03299848362803459,0.03299848362803459,1.0,-3.0,success
326,0.2660108506679535,-4.305121898651123,-0.0002468831662554294,0.03300018236041069,0.03300018236041069,1.0,-3.0,success
327,0.2660371661186218,-4.304066181182861,-0.0002470632898621261,0.03300141915678978,0.03300141915678978,1.0,3.0,success
328,0.2660609483718872,-4.3030104637146,-0.0002471981570124626,0.032999541610479355,0.032999541610479355,1.0,3.0,success
329,0.26608216762542725,-4.30195426940918,-0.0002473058120813221,0.03301273286342621,0.03301273286342621,1.0,3.0,success
330,0.2661009132862091,-4.300898551940918,-0.00024739207583479583,0.032996371388435364,0.032996371388435364,1.0,3.0,success
331,0.2661179006099701,-4.299842834472656,-0.0002474508946761489,0.03299544006586075,0.03299544006586075,1.0,-3.0,success
332,0.2661367356777191,-4.2987871170043945,-0.0002475179499015212,0.032996419817209244,0.032996419817209244,1.0,3.0,success
333,0.26615381240844727,-4.297730922698975,-0.0002475520595908165,0.03301038593053818,0.03301038593053818,1.0,-3.0,success
334,0.26615414023399353,-4.297709941864014,-0.00025246915174648166,0.0006734941271133721,0.000655731069855392,0.0,-3.0,success
335,0.2661755084991455,-4.296675205230713,-0.00024696491891518235,0.03234286978840828,0.03234241157770157,1.0,3.0,success
336,0.266194224357605,-4.295619487762451,-0.0002468187303747982,0.03299635276198387,0.03299635276198387,1.0,3.0,success
337,0.2662111818790436,-4.2945637702941895,-0.0002469776081852615,0.032995425164699554,0.032995425164699554,1.0,-3.0,success
338,0.2662299871444702,-4.2935075759887695,-0.00024713872699066997,0.0330113023519516,0.0330113023519516,1.0,3.0,success
339,0.2662467062473297,-4.292451858520508,-0.000247253745328635,0.032995305955410004,0.032995305955410004,1.0,0.0,success
340,0.26626312732696533,-4.291396141052246,-0.0002473561617080122,0.032995160669088364,0.032995160669088364,1.0,3.0,success
341,0.26627784967422485,-4.290339946746826,-0.00024742240202613175,0.033009279519319534,0.033009279519319534,1.0,-3.0,success
342,0.26627805829048157,-4.290318965911865,-0.00025236542569473386,0.0006736331270076334,0.0006556834559887648,0.0,-3.0,success
343,0.2662978768348694,-4.2892842292785645,-0.0002468703896738589,0.03234190121293068,0.03234144672751427,1.0,-3.0,success
344,0.26632004976272583,-4.288228511810303,-0.00024674859014339745,0.03299844637513161,0.03299844637513161,1.0,0.0,success
345,0.266341894865036,-4.287172794342041,-0.00024693767772987485,0.032998230308294296,0.032998230308294296,1.0,3.0,success
346,0.2663612365722656,-4.286117076873779,-0.00024709710851311684,0.032996706664562225,0.032996706664562225,1.0,3.0,success
347,0.26637810468673706,-4.285060882568359,-0.0002472252235747874,0.03301027789711952,0.03301027789711952,1.0,3.0,success
348,0.2663925588130951,-4.284005165100098,-0.00024732781457714736,0.032994262874126434,0.032994262874126434,1.0,3.0,success
349,0.2663916051387787,-4.283984184265137,-0.0002522918803151697,0.0006744115380570292,0.0006563279894180596,0.0,3.0,success
350,0.2664012610912323,-4.282949447631836,-0.0002468120655976236,0.032337382435798645,0.03233692795038223,1.0,3.0,success
351,0.2664002776145935,-4.282927989959717,-0.0002515785163268447,0.0006875837570987642,0.0006712561589665711,0.0,3.0,success
352,0.2664048969745636,-4.281893253326416,-0.0002462266420479864,0.03233627602458,0.03233584389090538,1.0,3.0,success
353,0.2664068937301636,-4.280837059020996,-0.000246227253228426,0.033006127923727036,0.033006127923727036,1.0,3.0,success
354,0.26640650629997253,-4.279781341552734,-0.00024651517742313445,0.03299117460846901,0.03299117088317871,1.0,3.0,success
355,0.2664060890674591,-4.279759883880615,-0.00025162988458760083,0.0006894617108628154,0.0006706789718009531,0.0,-3.0,success
356,0.26640573143959045,-4.279759883880615,-0.00025116530014202,1.8321572497370653e-05,1.117586998589104e-05,0.0,-3.0,success
357,0.266408771276474,-4.2787251472473145,-0.00024560888414271176,0.03233612701296806,0.03233565762639046,1.0,-3.0,success
358,0.2664089798927307,-4.2787041664123535,-0.00025060135521925986,0.0006739891250617802,0.0006556834559887648,0.0,-3.0,success
359,0.26641666889190674,-4.277669429779053,-0.0002454551577102393,0.03233680874109268,0.032336410135030746,1.0,3.0,success
360,0.2664220631122589,-4.276613235473633,-0.00024560533347539604,0.03300650045275688,0.03300650045275688,1.0,0.0,success
361,0.2664271295070648,-4.275557518005371,-0.00024602317716926336,0.032991550862789154,0.032991550862789154,1.0,3.0,success
362,0.266430526971817,-4.274501323699951,-0.00024635563022457063,0.03300624340772629,0.03300623968243599,1.0,-3.0,success
363,0.26643574237823486,-4.273445129394531,-0.0002466420701239258,0.03300647437572479,0.033006470650434494,1.0,3.0,success
364,0.26643890142440796,-4.2723894119262695,-0.0002468565944582224,0.03299131989479065,0.03299131989479065,1.0,0.0,success
365,0.2664417624473572,-4.27133321762085,-0.0002470385516062379,0.03300619125366211,0.03300619125366211,1.0,3.0,success
366,0.266442209482193,-4.27027702331543,-0.00024717877386137843,0.03300607576966286,0.03300607576966286,1.0,3.0,success
367,0.2664402425289154,-4.269221305847168,-0.00024729076540097594,0.03299122676253319,0.03299122676253319,1.0,3.0,success
368,0.2664366364479065,-4.268165111541748,-0.0002473696949891746,0.03300626203417778,0.03300626203417778,1.0,-3.0,success
369,0.2664355933666229,-4.267109394073486,-0.0002474422799423337,0.032991185784339905,0.032991185784339905,1.0,-3.0,success
370,0.2664370834827423,-4.266053199768066,-0.00024750098236836493,0.033006101846694946,0.033006101846694946,1.0,-3.0,success
371,0.26644039154052734,-4.264997482299805,-0.00024755834601819515,0.032991331070661545,0.032991331070661545,1.0,3.0,success
372,0.2664419114589691,-4.263941287994385,-0.0002475844812579453,0.033006101846694946,0.033006101846694946,1.0,-3.0,success
373,0.2664417028427124,-4.263920307159424,-0.0002525066083762795,0.0006734837661497295,0.0006556834559887648,0.0,3.0,success
374,0.2664431929588318,-4.262885570526123,-0.00024697318440303206,0.03233601152896881,0.0323355495929718,1.0,-3.0,success
375,0.26644665002822876,-4.261829376220703,-0.00024683555238880217,0.033006247133016586,0.033006247133016586,1.0,3.0,success
376,0.2664482891559601,-4.260773181915283,-0.0002469917817506939,0.03300610929727554,0.03300610929727554,1.0,-3.0,success
377,0.2664523720741272,-4.2597174644470215,-0.0002471398329362273,0.03299141675233841,0.03299141675233841,1.0,-3.0,success
378,0.266452431678772,-4.259696006774902,-0.0002521514834370464,0.0006886012852191925,0.0006705548148602247,0.0,3.0,success
379,0.2664531469345093,-4.259696006774902,-0.00025157336494885385,2.8740007110172883e-05,2.235173997178208e-05,0.0,-3.0,success
380,0.26645925641059875,-4.258661270141602,-0.00024593554553575814,0.03233656287193298,0.03233608230948448,1.0,-3.0,success
381,0.2664673626422882,-4.25760555267334,-0.00024599130847491324,0.03299213945865631,0.03299213945865631,1.0,3.0,success
382,0.2664729058742523,-4.25654935836792,-0.0002463255950715393,0.03300652652978897,0.03300652652978897,1.0,3.0,success
383,0.26647594571113586,-4.255493640899658,-0.0002466073492541909,0.032991308718919754,0.032991304993629456,1.0,3.0,success
384,0.26647719740867615,-4.254437446594238,-0.00024682332878001034,0.03300609067082405,0.03300609067082405,1.0,-3.0,success
385,0.2664768099784851,-4.254416465759277,-0.0002518982801120728,0.0006746676517650485,0.0006557627930305898,0.0,3.0,success
386,0.26647815108299255,-4.253381252288818,-0.0002464864228386432,0.03235089033842087,0.03235044702887535,1.0,-3.0,success
387,0.2664821743965149,-4.252325534820557,-0.0002464361023157835,0.03299140930175781,0.03299140930175781,1.0,-3.0,success
388,0.2664879560470581,-4.251269340515137,-0.00024669195408932865,0.033006563782691956,0.033006563782691956,1.0,3.0,success
389,0.26649120450019836,-4.250213623046875,-0.0002469006576575339,0.032991327345371246,0.032991327345371246,1.0,3.0,success
390,0.26649191975593567,-4.249157428741455,-0.0002470680046826601,0.033006079494953156,0.033006079494953156,1.0,3.0,success
391,0.2664909064769745,-4.248101234436035,-0.00024719175416976213,0.033006083220243454,0.033006083220243454,1.0,-3.0,success
392,0.26649123430252075,-4.248101711273193,-0.00024817229132167995,3.5579691029852256e-05,1.8083013856085017e-05,0.0,-3.0,success
393,0.26649507880210876,-4.247066974639893,-0.00024320109514519572,0.03233611583709717,0.03233573958277702,1.0,-3.0,success
394,0.26650166511535645,-4.246010780334473,-0.00024379345995839685,0.03300671651959419,0.033006712794303894,1.0,-3.0,success
395,0.2665099501609802,-4.244955062866211,-0.00024457788094878197,0.03299219533801079,0.03299218416213989,1.0,3.0,success
396,0.2665160298347473,-4.243898868560791,-0.0002452050393912941,0.03300662338733673,0.033006615936756134,1.0,0.0,success
397,0.2665165066719055,-4.24387788772583,-0.0002505891025066376,0.0006770591717213392,0.0006558204186148942,0.0,-3.0,success
398,0.26651689410209656,-4.24387788772583,-0.00025033392012119293,1.4497447409667075e-05,1.2107192560506519e-05,0.0,-3.0,success
399,0.26652729511260986,-4.242843151092529,-0.0002449553576298058,0.03233758732676506,0.03233715146780014,1.0,3.0,success
400,0.2665356993675232,-4.241786956787109,-0.0002451867621857673,0.033007118850946426,0.03300711512565613,1.0,-3.0,success
401,0.2665458917617798,-4.240731239318848,-0.000245691800955683,0.032992713153362274,0.032992709428071976,1.0,3.0,success
402,0.2665453553199768,-4.2407097816467285,-0.00025098357582464814,0.0006908457726240158,0.0006707617430947721,0.0,3.0,success
403,0.26655057072639465,-4.239675045013428,-0.0002457649679854512,0.032336339354515076,0.032335929572582245,1.0,3.0,success
404,0.2665538191795349,-4.238619327545166,-0.0002458483213558793,0.032991327345371246,0.032991327345371246,1.0,-3.0,success
405,0.26655885577201843,-4.237563133239746,-0.00024622163618914783,0.0330064482986927,0.033006444573402405,1.0,3.0,success
406,0.266558974981308,-4.237542152404785,-0.00025139591889455914,0.0006753057241439819,0.0006556616281159222,0.0,-3.0,success
407,0.26656481623649597,-4.236507415771484,-0.0002460942487232387,0.032336458563804626,0.0323360338807106,1.0,-3.0,success
408,0.2665734589099884,-4.2354512214660645,-0.0002461227122694254,0.0330071747303009,0.0330071747303009,1.0,-3.0,success
409,0.266584575176239,-4.234395503997803,-0.00024643130018375814,0.032993000000715256,0.032993000000715256,1.0,-3.0,success
410,0.2665853798389435,-4.234374046325684,-0.00025157321942970157,0.0006899943691678345,0.0006710235029459,0.0,-3.0,success
411,0.2666013538837433,-4.233339309692383,-0.000246237003011629,0.03233980014920235,0.032339371740818024,1.0,-3.0,success
412,0.266620010137558,-4.232283592224121,-0.0002462373813614249,0.032996319234371185,0.032996319234371185,1.0,-3.0,success
413,0.2666410207748413,-4.231227874755859,-0.0002465232973918319,0.032997701317071915,0.032997701317071915,1.0,-3.0,success
414,0.26664137840270996,-4.23120641708374,-0.0002516578824725002,0.0006895732367411256,0.0006706453277729452,0.0,3.0,success
415,0.2666614055633545,-4.230172157287598,-0.0002463042619638145,0.03232710808515549,0.032326675951480865,1.0,3.0,success
416,0.2666792571544647,-4.229115962982178,-0.0002462799020577222,0.03301078453660011,0.03301078453660011,1.0,-3.0,success
417,0.26669883728027344,-4.228060245513916,-0.0002465665456838906,0.03299684450030327,0.03299684077501297,1.0,3.0,success
418,0.2667158842086792,-4.227004528045654,-0.00024680036585778,0.032995473593473434,0.032995469868183136,1.0,3.0,success
419,0.2667304277420044,-4.225948333740234,-0.0002469878236297518,0.03300919756293297,0.03300919756293297,1.0,3.0,success
420,0.26673009991645813,-4.225948333740234,-0.0002521109418012202,0.00016042486822698265,1.0244547411275562e-05,0.0,0.0,success
421,0.2667429447174072,-4.224913597106934,-0.0002465694269631058,0.032338473945856094,0.032338012009859085,1.0,-3.0,success
422,0.2667425870895386,-4.224892616271973,-0.00025139140780083835,0.0006728370790369809,0.0006557463202625513,0.0,3.0,success
423,0.26675575971603394,-4.223857879638672,-0.0002460659306962043,0.032338567078113556,0.03233813866972923,1.0,-3.0,success
424,0.2667716145515442,-4.222801685333252,-0.0002460990799590945,0.033009789884090424,0.033009789884090424,1.0,-3.0,success
425,0.26677241921424866,-4.222780704498291,-0.0002512936189305037,0.0006759152747690678,0.0006561331101693213,0.0,-3.0,success
426,0.2667923867702484,-4.22174596786499,-0.00024602358462288976,0.032341957092285156,0.03234153985977173,1.0,3.0,success
427,0.2668103277683258,-4.2206902503967285,-0.00024605588987469673,0.032995931804180145,0.032995931804180145,1.0,-3.0,success
428,0.26681017875671387,-4.220668792724609,-0.00025127004482783377,0.0006900812732055783,0.0006705683772452176,0.0,3.0,success
429,0.26682767271995544,-4.219613552093506,-0.00024589122040197253,0.032981228083372116,0.03298079967498779,1.0,0.0,success
430,0.2668447494506836,-4.218557357788086,-0.00024605815997347236,0.03301038593053818,0.03301038593053818,1.0,3.0,success
431,0.2668443024158478,-4.218536376953125,-0.00025126634864136577,0.0006756944349035621,0.0006557998713105917,0.0,3.0,success
432,0.26684457063674927,-4.218536376953125,-0.00025086425011977553,1.5104636986507103e-05,8.381903171539307e-06,0.0,-3.0,success
433,0.26685887575149536,-4.217501640319824,-0.0002453793422318995,0.03233906254172325,0.03233860805630684,1.0,3.0,success
434,0.2668589651584625,-4.217480659484863,-0.0002504075819160789,0.0006742230616509914,0.00065565702971071,0.0,-3.0,success
435,0.26685836911201477,-4.217480659484863,-0.00025018351152539253,1.989913289435208e-05,1.862645149230957e-05,0.0,3.0,success
436,0.2668585479259491,-4.217480659484863,-0.0002496986126061529,1.6150579540408216e-05,5.58793499294552e-06,0.0,-3.0,success
437,0.2668580412864685,-4.217480659484863,-0.0002493163920007646,1.983270158234518e-05,1.5832483768463135e-05,0.0,3.0,success
438,0.26687005162239075,-4.2164459228515625,-0.0002441160468151793,0.03233810514211655,0.032337699085474014,1.0,3.0,success
439,0.2668793499469757,-4.215389728546143,-0.0002445245045237243,0.03300734981894493,0.03300734609365463,1.0,3.0,success
440,0.2668788731098175,-4.215389251708984,-0.0002501264098100364,0.00017632335948292166,2.1073423340567388e-05,0.0,0.0,success
441,0.2668862044811249,-4.214333534240723,-0.0002448893792461604,0.032992370426654816,0.03299196437001228,1.0,0.0,success
442,0.26689398288726807,-4.213277816772461,-0.00024524281616322696,0.03299206867814064,0.03299206495285034,1.0,-3.0,success
443,0.2669042944908142,-4.212221622467041,-0.0002457310911267996,0.03300764411687851,0.03300764039158821,1.0,-3.0,success
444,0.2669163644313812,-4.211165904998779,-0.00024614238645881414,0.03299332782626152,0.03299332410097122,1.0,3.0,success
445,0.26692667603492737,-4.210109710693359,-0.0002464521094225347,0.03300764411687851,0.03300764039158821,1.0,-3.0,success
446,0.26692646741867065,-4.210088729858398,-0.00025160147924907506,0.0006751409382559359,0.0006556834559887648,0.0,3.0,success
447,0.2669360041618347,-4.209053993225098,-0.0002462596748955548,0.03233732283115387,0.032336894422769547,1.0,3.0,success
448,0.2669427692890167,-4.207997798919678,-0.0002462540287524462,0.03300674632191658,0.03300674632191658,1.0,3.0,success
449,0.26694780588150024,-4.206942081451416,-0.0002465260331518948,0.032991547137498856,0.03299154341220856,1.0,-3.0,success
450,0.26695531606674194,-4.205885887145996,-0.0002467670710757375,0.033006906509399414,0.033006902784109116,1.0,-3.0,success
451,0.2669551372528076,-4.205864906311035,-0.00025185360573232174,0.0006746673607267439,0.0006556748994626105,0.0,3.0,success
452,0.266961932182312,-4.204830169677734,-0.0002464614517521113,0.032336652278900146,0.032336216419935226,1.0,3.0,success
453,0.26696595549583435,-4.2037739753723145,-0.0002464153803884983,0.03300631046295166,0.03300631046295166,1.0,3.0,success
454,0.26696786284446716,-4.2027177810668945,-0.0002466600853949785,0.03300612419843674,0.03300612419843674,1.0,0.0,success
455,0.2669695019721985,-4.201662063598633,-0.0002468806633260101,0.032991208136081696,0.032991208136081696,1.0,3.0,success
456,0.2669694423675537,-4.201641082763672,-0.0002519231056794524,0.0006743234698660672,0.000655653711874038,0.0,-3.0,success
457,0.2669719457626343,-4.200605869293213,-0.0002465159632265568,0.03235095366835594,0.03235051408410072,1.0,-3.0,success
458,0.266976535320282,-4.199550151824951,-0.000246470415731892,0.03299148380756378,0.03299148380756378,1.0,3.0,success
459,0.26697903871536255,-4.198493957519531,-0.0002467046142555773,0.03300616517663002,0.03300616145133972,1.0,0.0,success
460,0.26698121428489685,-4.1974382400512695,-0.0002469162573106587,0.03299123793840408,0.03299123793840408,1.0,3.0,success
461,0.26698166131973267,-4.19638204574585,-0.0002470705658197403,0.03300607576966286,0.03300607576966286,1.0,-3.0,success
462,0.26698118448257446,-4.196361064910889,-0.00025209589512087405,0.0006743607227690518,0.0006558204186148942,0.0,3.0,success
463,0.26698175072669983,-4.195326328277588,-0.00024664451484568417,0.032335974276065826,0.03233552351593971,1.0,-3.0,success
464,0.2669822871685028,-4.195304870605469,-0.00025144379469566047,0.000687324209138751,0.0006707617430947721,0.0,-3.0,success
465,0.2669821083545685,-4.195304870605469,-0.000251013261731714,1.4568434380635154e-05,5.58793499294552e-06,0.0,3.0,success
466,0.26698559522628784,-4.194270133972168,-0.000245477567659691,0.03233616054058075,0.03233569860458374,1.0,-3.0,success
467,0.2669917643070221,-4.193213939666748,-0.00024561467580497265,0.033006634563207626,0.033006634563207626,1.0,-3.0,success
468,0.26700034737586975,-4.192158222198486,-0.000246024428633973,0.03299226239323616,0.03299226239323616,1.0,-3.0,success
469,0.26700133085250854,-4.192136764526367,-0.000251248013228178,0.0006908191717229784,0.0006712561589665711,0.0,-3.0,success
470,0.26701393723487854,-4.191102027893066,-0.000245987786911428,0.03233833238482475,0.032337918877601624,1.0,3.0,success
471,0.2670237720012665,-4.190046310424805,-0.0002460369432810694,0.03299260139465332,0.03299260139465332,1.0,3.0,success
472,0.26703140139579773,-4.188990116119385,-0.00024635743466205895,0.0330069325864315,0.0330069325864315,1.0,0.0,success
473,0.2670316994190216,-4.188969135284424,-0.0002515093656256795,0.0006751928012818098,0.0006557172164320946,0.0,-3.0,success
474,0.26704147458076477,-4.187934398651123,-0.00024619686882942915,0.03233738988637924,0.03233695775270462,1.0,3.0,success
475,0.26704859733581543,-4.186878204345703,-0.00024620455224066973,0.03300682082772255,0.03300682082772255,1.0,3.0,success
476,0.2670481503009796,-4.186878204345703,-0.0002514701336622238,0.00016514134767930955,1.3969837709737476e-05,0.0,0.0,success
477,0.26705285906791687,-4.185843467712402,-0.0002460673567838967,0.032336294651031494,0.03233585134148598,1.0,3.0,success
478,0.26705196499824524,-4.185822010040283,-0.0002509793557692319,0.000688464380800724,0.0006711340975016356,0.0,3.0,success
479,0.267051637172699,-4.184787273406982,-0.0002457469527143985,0.03233593329787254,0.032335519790649414,1.0,3.0,success
480,0.2670493721961975,-4.1837310791015625,-0.0002458330418448895,0.03300614655017853,0.03300614655017853,1.0,-3.0,success
481,0.2670489549636841,-4.182675361633301,-0.0002462094707880169,0.03299117460846901,0.03299117460846901,1.0,3.0,success
482,0.2670465111732483,-4.181619167327881,-0.0002465098805259913,0.03300616145133972,0.03300616145133972,1.0,0.0,success
483,0.2670444846153259,-4.180562973022461,-0.00024675074382685125,0.033006131649017334,0.033006131649017334,1.0,-3.0,success
484,0.26704496145248413,-4.179507255554199,-0.0002469477476552129,0.03299117460846901,0.03299117460846901,1.0,-3.0,success
485,0.2670454978942871,-4.179486274719238,-0.00025198658113367856,0.0006745029240846634,0.0006558653549291193,0.0,-3.0,success
486,0.26704564690589905,-4.17948579788208,-0.00025145680410787463,2.275553379149642e-05,1.5611809430993162e-05,0.0,0.0,success
487,0.26704609394073486,-4.17948579788208,-0.00025072330026887357,2.684351238713134e-05,1.3969837709737476e-05,0.0,-3.0,success
488,0.2670538127422333,-4.178451061248779,-0.000245240778895095,0.032336872071027756,0.03233641758561134,1.0,-3.0,success
489,0.2670537531375885,-4.178430080413818,-0.000250318058533594,0.0006745786522515118,0.000655653711874038,0.0,3.0,success
490,0.26706087589263916,-4.177395343780518,-0.00024521726300008595,0.032336678355932236,0.0323362834751606,1.0,3.0,success
491,0.2670655846595764,-4.176339149475098,-0.0002454144414514303,0.033006396144628525,0.033006396144628525,1.0,0.0,success
492,0.2670706510543823,-4.175283432006836,-0.00024586013751104474,0.032991550862789154,0.032991550862789154,1.0,-3.0,success
493,0.2670781910419464,-4.174227237701416,-0.00024623499484732747,0.03300691395998001,0.03300691023468971,1.0,-3.0,success
494,0.2670881450176239,-4.173171520233154,-0.00024653581203892827,0.032992634922266006,0.032992634922266006,1.0,-3.0,success
495,0.26708829402923584,-4.173150062561035,-0.00025166867999359965,0.0006894859252497554,0.0006705683772452176,0.0,3.0,success
496,0.2670981287956238,-4.172115325927734,-0.0002463028358761221,0.03233741223812103,0.03233698010444641,1.0,-3.0,success
497,0.26710987091064453,-4.171059608459473,-0.00024629931431263685,0.03299320861697197,0.03299320861697197,1.0,3.0,success
498,0.26711905002593994,-4.170003414154053,-0.0002465725992806256,0.03300732001662254,0.03300732001662254,1.0,3.0,success
499,0.26712566614151,-4.168947696685791,-0.0002468048478476703,0.03299181908369064,0.032991815358400345,1.0,3.0,success
500,0.2671305239200592,-4.167891502380371,-0.0002469813043717295,0.033006418496370316,0.033006418496370316,1.0,-3.0,success
501,0.26713788509368896,-4.166835784912109,-0.00024713194579817355,0.03299197182059288,0.03299197182059288,1.0,-3.0,success
502,0.2671476900577545,-4.1657795906066895,-0.000247253046836704,0.03300749137997627,0.03300749137997627,1.0,-3.0,success
503,0.26714810729026794,-4.1657795906066895,-0.0002523331204429269,0.00015928683569654822,1.3038515135121997e-05,0.0,0.0,success
504,0.2671595811843872,-4.164744853973389,-0.00024675868917256594,0.0323379747569561,0.032337505370378494,1.0,3.0,success
505,0.26716896891593933,-4.163688659667969,-0.00024663936346769333,0.03300737217068672,0.03300737217068672,1.0,-3.0,success
506,0.26718080043792725,-4.162632942199707,-0.0002468437305651605,0.032993242144584656,0.03299323841929436,1.0,-3.0,success
507,0.26719507575035095,-4.161576747894287,-0.00024702190421521664,0.033009085804224014,0.033009085804224014,1.0,-3.0,success
508,0.26721176505088806,-4.160521030426025,-0.0002471652696840465,0.03299529105424881,0.03299529105424881,1.0,-3.0,success
509,0.26723045110702515,-4.159465312957764,-0.0002472846827004105,0.03299633413553238,0.03299633413553238,1.0,0.0,success
510,0.26724937558174133,-4.158409118652344,-0.0002473713830113411,0.03301136568188667,0.03301136568188667,1.0,-3.0,success
511,0.26726996898651123,-4.157353401184082,-0.00024745427072048187,0.03299744427204132,0.03299744427204132,1.0,3.0,success
512,0.2672886848449707,-4.15629768371582,-0.0002475013898219913,0.03299635276198387,0.03299635276198387,1.0,-3.0,success
513,0.2673097848892212,-4.155241966247559,-0.00024754824698902667,0.03299775719642639,0.03299775719642639,1.0,-3.0,success
514,0.2673325836658478,-4.154186248779297,-0.0002475959190633148,0.032998859882354736,0.032998859882354736,1.0,3.0,success
515,0.2673332095146179,-4.154164791107178,-0.0002524953451938927,0.0006880876026116312,0.0006708374130539596,0.0,-3.0,success
516,0.2673557996749878,-4.153130531311035,-0.00024698537890799344,0.032328784465789795,0.032328326255083084,1.0,3.0,success
517,0.2673763930797577,-4.152074813842773,-0.0002468251041136682,0.03299744427204132,0.03299744427204132,1.0,-3.0,success
518,0.2673761546611786,-4.152053356170654,-0.00025188500876538455,0.0006889835931360722,0.0006705935811623931,0.0,3.0,success
519,0.2673766314983368,-4.152053356170654,-0.0002513592771720141,2.2180178348207846e-05,1.4901160284352954e-05,0.0,-3.0,success
520,0.2673770487308502,-4.152053356170654,-0.00025064879446290433,2.5747962354216725e-05,1.3038515135121997e-05,0.0,-3.0,success
521,0.2674020528793335,-4.151019096374512,-0.00024518134887330234,0.03233051300048828,0.03233006224036217,1.0,-3.0,success
522,0.26742976903915405,-4.14996337890625,-0.00024537742137908936,0.03300253674387932,0.03300253674387932,1.0,-3.0,success
523,0.2674599289894104,-4.148907661437988,-0.0002458346716593951,0.03300463408231735,0.033004630357027054,1.0,-3.0,success
524,0.26749175786972046,-4.147852420806885,-0.0002462248085066676,0.03299126774072647,0.03299126401543617,1.0,3.0,success
525,0.2675210237503052,-4.146796703338623,-0.0002465276629664004,0.03300384432077408,0.03300384432077408,1.0,3.0,success
526,0.2675206661224365,-4.146775245666504,-0.0002516520326025784,0.0006894990219734609,0.0006706453277729452,0.0,3.0,success
527,0.2675209939479828,-4.146775722503662,-0.0002511732163839042,2.3470978703699075e-05,1.8083013856085017e-05,0.0,-3.0,success
528,0.26754817366600037,-4.145740985870361,-0.0002456151123624295,0.03234713897109032,0.03234667330980301,1.0,-3.0,success
529,0.2675780951976776,-4.1446852684021,-0.00024572497932240367,0.03300441801548004,0.03300441801548004,1.0,-3.0,success
530,0.26760974526405334,-4.143630027770996,-0.0002461225085426122,0.03299110010266304,0.03299109637737274,1.0,3.0,success
531,0.2676388621330261,-4.142574310302734,-0.0002464452409185469,0.03300371766090393,0.03300371393561363,1.0,3.0,success
532,0.2676387429237366,-4.142573833465576,-0.0002516772074159235,0.00016421884356532246,1.5359764802269638e-05,0.0,0.0,success
533,0.2676652669906616,-4.141539573669434,-0.00024623359786346555,0.032331690192222595,0.03233124315738678,1.0,3.0,success
534,0.2676645815372467,-4.141518592834473,-0.0002511122729629278,0.0006734840571880341,0.0006560008623637259,0.0,3.0,success
535,0.26768678426742554,-4.140483856201172,-0.0002458419476170093,0.03234338015317917,0.03234296292066574,1.0,-3.0,success
536,0.26768678426742554,-4.140483379364014,-0.00025090386043302715,0.00015888507186900824,1.4901160284352954e-05,0.0,0.0,success
537,0.2677117884159088,-4.139449119567871,-0.0002455894136801362,0.03233048692345619,0.03233006224036217,1.0,-3.0,success
538,0.26771244406700134,-4.139427661895752,-0.00025059585459530354,0.0006888665375299752,0.0006708651781082153,0.0,-3.0,success
539,0.2677129805088043,-4.13942813873291,-0.0002503246651031077,2.3976857846719213e-05,2.242921618744731e-05,0.0,-3.0,success
540,0.26774442195892334,-4.138393402099609,-0.0002449472085572779,0.03235087916254997,0.03235044330358505,1.0,3.0,success
541,0.2677733302116394,-4.137338161468506,-0.0002451902546454221,0.032988641411066055,0.032988641411066055,1.0,3.0,success
542,0.2677997648715973,-4.136282444000244,-0.0002456848742440343,0.03300151601433754,0.03300151228904724,1.0,3.0,success
543,0.2678245007991791,-4.135226726531982,-0.00024608478997834027,0.03300022333860397,0.03300022333860397,1.0,-3.0,success
544,0.2678517699241638,-4.134171009063721,-0.0002464148565195501,0.03300217539072037,0.03300217539072037,1.0,-3.0,success
545,0.2678522765636444,-4.134149551391602,-0.00025156064657494426,0.0006897459970787168,0.0006707391003146768,0.0,-3.0,success
546,0.26788362860679626,-4.133115291595459,-0.00024623796343803406,0.03233588859438896,0.03233546391129494,1.0,3.0,success
547,0.26788395643234253,-4.133094310760498,-0.0002511088678147644,0.0006731663597747684,0.000655731069855392,0.0,-3.0,success
548,0.2679150700569153,-4.1320600509643555,-0.0002458613889757544,0.03233565390110016,0.03233523666858673,1.0,3.0,success
549,0.2679152488708496,-4.132038593292236,-0.00025080700288526714,0.0006881550652906299,0.0006705755367875099,0.0,-3.0,success
550,0.2679470181465149,-4.131004333496094,-0.0002456081856507808,0.0323362722992897,0.032335858792066574,1.0,-3.0,success
551,0.26798102259635925,-4.12994909286499,-0.0002457437221892178,0.032993383705616,0.032993383705616,1.0,3.0,success
552,0.2680125832557678,-4.1288933753967285,-0.0002461286203470081,0.033005911856889725,0.033005911856889725,1.0,3.0,success
553,0.2680424153804779,-4.127837657928467,-0.00024643976939842105,0.033004339784383774,0.033004339784383774,1.0,-3.0,success
554,0.26804283261299133,-4.127816677093506,-0.00025157997151836753,0.0006751672481186688,0.0006557807209901512,0.0,-3.0,success
555,0.2680424153804779,-4.127816677093506,-0.00025113692390732467,1.9018239981960505e-05,1.3038515135121997e-05,0.0,3.0,success
556,0.2680741846561432,-4.126782417297363,-0.00024558804580010474,0.03233632445335388,0.032335858792066574,1.0,3.0,success
557,0.2681041359901428,-4.125726699829102,-0.00024569223751313984,0.03300444409251213,0.03300444409251213,1.0,-3.0,success
558,0.2681046426296234,-4.125705718994141,-0.00025096701574511826,0.0006762397242709994,0.0006558421882800758,0.0,-3.0,success
559,0.26813939213752747,-4.124671459197998,-0.0002457507944200188,0.03233926370739937,0.03233885392546654,1.0,-3.0,success
560,0.2681770622730255,-4.1236162185668945,-0.0002458483213558793,0.03299727290868759,0.03299727290868759,1.0,-3.0,success
561,0.26821720600128174,-4.122560977935791,-0.00024621200282126665,0.033000122755765915,0.033000122755765915,1.0,-3.0,success
562,0.2682170867919922,-4.122539520263672,-0.0002514092775527388,0.0006899512954987586,0.0006705625564791262,0.0,3.0,success
563,0.2682572901248932,-4.1215057373046875,-0.0002460949181113392,0.03233056515455246,0.03233013674616814,1.0,-3.0,success
564,0.2682991623878479,-4.120450496673584,-0.0002461331896483898,0.03300221636891365,0.03300221636891365,1.0,3.0,success
565,0.2683391571044922,-4.1193952560424805,-0.00024643022334203124,0.03299994766712189,0.03299994394183159,1.0,-3.0,success
566,0.2683815658092499,-4.118340015411377,-0.0002466909063514322,0.033002886921167374,0.033002886921167374,1.0,-3.0,success
567,0.2684263288974762,-4.117284774780273,-0.00024690059944987297,0.03300592675805092,0.03300592675805092,1.0,-3.0,success
568,0.2684735059738159,-4.116230010986328,-0.0002470684121362865,0.03299432247877121,0.03299431875348091,1.0,-3.0,success
569,0.2685230076313019,-4.115175247192383,-0.00024720269721001387,0.03299764543771744,0.03299764543771744,1.0,-3.0,success
570,0.2685741186141968,-4.1141204833984375,-0.0002473194617778063,0.03300004079937935,0.03300004079937935,1.0,3.0,success
571,0.26862335205078125,-4.113065242767334,-0.00024739367654547095,0.033012136816978455,0.033012136816978455,1.0,-3.0,success
572,0.26867491006851196,-4.112010478973389,-0.000247462245170027,0.03300072252750397,0.03300072252750397,1.0,-3.0,success
573,0.2687288224697113,-4.110956192016602,-0.00024751757155172527,0.032989513128995895,0.032989513128995895,1.0,-3.0,success
574,0.26878440380096436,-4.109901428222656,-0.00024757126811891794,0.033007100224494934,0.033007100224494934,1.0,3.0,success
575,0.26878488063812256,-4.109880447387695,-0.00025248649762943387,0.0006735678180120885,0.0006558204186148942,0.0,3.0,success
576,0.26878488063812256,-4.109880447387695,-0.0002518499968573451,1.9890647308784537e-05,0.0,0.0,3.0,success
577,0.2688325047492981,-4.108846664428711,-0.0002461576950736344,0.03234046697616577,0.03233997896313667,1.0,3.0,success
578,0.2688784897327423,-4.107791900634766,-0.0002461479452904314,0.03299267590045929,0.03299267590045929,1.0,-3.0,success
579,0.2689269185066223,-4.106736660003662,-0.00024645018856972456,0.03301097825169563,0.03301097825169563,1.0,-3.0,success
580,0.2689770758152008,-4.105681896209717,-0.00024671709979884326,0.03299861401319504,0.03299861401319504,1.0,3.0,success
581,0.26902541518211365,-4.1046271324157715,-0.00024691177532076836,0.03299596533179283,0.03299596533179283,1.0,-3.0,success
582,0.269075483083725,-4.103572368621826,-0.0002470866893418133,0.03299847990274429,0.03299847990274429,1.0,3.0,success
583,0.26907557249069214,-4.103550910949707,-0.00025209932937286794,0.0006886114715598524,0.000670558016281575,0.0,3.0,success
584,0.26912176609039307,-4.102517127990723,-0.00024664649390615523,0.032338399440050125,0.03233795240521431,1.0,-3.0,success
585,0.2691698968410492,-4.101462364196777,-0.00024656931054778397,0.032995667308568954,0.032995667308568954,1.0,0.0,success
586,0.26916930079460144,-4.101441383361816,-0.000251676858169958,0.0006750561879016459,0.0006559155881404877,0.0,3.0,success
587,0.26921406388282776,-4.100407123565674,-0.00024631861015222967,0.032351307570934296,0.032350875437259674,1.0,3.0,success
588,0.26925721764564514,-4.0993523597717285,-0.0002462912234477699,0.03298894315958023,0.03298894315958023,1.0,-3.0,success
589,0.2693028450012207,-4.098297119140625,-0.0002465654688421637,0.03300708159804344,0.03300707787275314,1.0,-3.0,success
590,0.26935091614723206,-4.09724235534668,-0.000246799347223714,0.03299558162689209,0.03299558162689209,1.0,-3.0,success
591,0.2694006860256195,-4.096187591552734,-0.0002469970495440066,0.032998040318489075,0.032998040318489075,1.0,3.0,success
592,0.2694479525089264,-4.095132350921631,-0.00024714533356018364,0.03300933539867401,0.03300933539867401,1.0,3.0,success
593,0.269447922706604,-4.09511137008667,-0.0002521458372939378,0.0006740164244547486,0.0006556517328135669,0.0,3.0,success
594,0.2694481909275055,-4.09511137008667,-0.0002515680971555412,1.99051974050235e-05,8.381903171539307e-06,0.0,-3.0,success
595,0.2694922089576721,-4.0940775871276855,-0.00024594238493591547,0.032335467636585236,0.032334987074136734,1.0,3.0,success
596,0.269534707069397,-4.093022346496582,-0.0002459761453792453,0.03300299867987633,0.03300299867987633,1.0,-3.0,success
597,0.2695353627204895,-4.093001365661621,-0.0002511939965188503,0.0006759334355592728,0.0006559711182489991,0.0,-3.0,success
598,0.26953497529029846,-4.093001365661621,-0.00025082737556658685,1.6668676835251972e-05,1.2107192560506519e-05,0.0,3.0,success
599,0.26957911252975464,-4.0919671058654785,-0.0002453402557875961,0.032350488007068634,0.03235003352165222,1.0,3.0,success
600,0.2696216404438019,-4.090912342071533,-0.00024549412773922086,0.03298814967274666,0.03298814967274666,1.0,-3.0,success
601,0.2696666419506073,-4.08985710144043,-0.0002459272218402475,0.03300624340772629,0.03300623968243599,1.0,-3.0,success
602,0.2696675956249237,-4.089836120605469,-0.0002511702186893672,0.0006764697027392685,0.0006563279894180596,0.0,-3.0,success
603,0.2697163224220276,-4.088802337646484,-0.0002459254174027592,0.03234199807047844,0.03234158456325531,1.0,3.0,success
604,0.2697635293006897,-4.087747097015381,-0.0002459774259477854,0.03300924971699715,0.03300924971699715,1.0,-3.0,success
605,0.26976442337036133,-4.08772611618042,-0.00025119594647549093,0.0006762053235433996,0.0006562460912391543,0.0,-3.0,success
606,0.269816130399704,-4.086692810058594,-0.0002459340321365744,0.03233163803815842,0.03233121708035469,1.0,-3.0,success
607,0.2698709964752197,-4.085638046264648,-0.00024599500466138124,0.03300593048334122,0.03300593048334122,1.0,-3.0,success
608,0.2699275612831116,-4.084583759307861,-0.00024633912835270166,0.032993853092193604,0.032993849366903305,1.0,3.0,success
609,0.26998159289360046,-4.083528995513916,-0.00024661843781359494,0.03300458565354347,0.03300458565354347,1.0,3.0,success
610,0.2700330913066864,-4.082474231719971,-0.0002468422462698072,0.033000633120536804,0.033000633120536804,1.0,3.0,success
611,0.2700328528881073,-4.0824737548828125,-0.00025199458468705416,0.0001618701935512945,1.6660003893775865e-05,0.0,0.0,success
612,0.27003294229507446,-4.0824737548828125,-0.0002513606159482151,2.0007566490676254e-05,2.79396749647276e-06,0.0,-3.0,success
613,0.270033061504364,-4.0824737548828125,-0.0002506457967683673,2.2646598154096864e-05,3.7252900710882386e-06,0.0,-3.0,success
614,0.2700869143009186,-4.081440448760986,-0.0002451784675940871,0.03233508765697479,0.03233463689684868,1.0,-3.0,success
615,0.2701440453529358,-4.080386161804199,-0.0002453750348649919,0.03299480304121971,0.03299480304121971,1.0,-3.0,success
616,0.2701433598995209,-4.080365180969238,-0.0002507258905097842,0.0006769768660888076,0.0006560008623637259,0.0,3.0,success
617,0.27019909024238586,-4.079331874847412,-0.00024555763229727745,0.03233814984560013,0.032337743788957596,1.0,3.0,success
618,0.27025339007377625,-4.078277111053467,-0.0002456827205605805,0.033005014061927795,0.033005014061927795,1.0,-3.0,success
619,0.2703097462654114,-4.0772223472595215,-0.0002460838877595961,0.0330083854496479,0.0330083854496479,1.0,0.0,success
620,0.27036574482917786,-4.076168060302734,-0.0002464200370013714,0.032992906868457794,0.032992906868457794,1.0,3.0,success
621,0.27041926980018616,-4.075113296508789,-0.0002466838632244617,0.033003780990839005,0.033003777265548706,1.0,3.0,success
622,0.2704710066318512,-4.074058532714844,-0.0002468845632392913,0.033000994473695755,0.033000994473695755,1.0,-3.0,success
623,0.2705252766609192,-4.073003768920898,-0.0002470545587129891,0.033004969358444214,0.033004969358444214,1.0,-3.0,success
624,0.270581990480423,-4.071949481964111,-0.00024719114298932254,0.0329941026866436,0.0329941026866436,1.0,-3.0,success
625,0.27064117789268494,-4.070895195007324,-0.0002473005442880094,0.03299834206700325,0.03299834206700325,1.0,-3.0,success
626,0.2706426680088043,-4.070874214172363,-0.00025226903380826116,0.000675391755066812,0.0006573026184923947,0.0,-3.0,success
627,0.2707059681415558,-4.069840908050537,-0.00024679352645762265,0.03235180303454399,0.03235134854912758,1.0,-3.0,success
628,0.2707076668739319,-4.069819927215576,-0.0002515639644116163,0.000674477661959827,0.0006577966269105673,0.0,-3.0,success
629,0.2707759141921997,-4.068787574768066,-0.00024621476768516004,0.032331861555576324,0.032331433147192,1.0,-3.0,success
630,0.2708475887775421,-4.0677337646484375,-0.00024621907505206764,0.03300764784216881,0.03300764784216881,1.0,-3.0,success
631,0.27092090249061584,-4.066680431365967,-0.0002465181751176715,0.03299630060791969,0.03299630060791969,1.0,3.0,success
632,0.27092185616493225,-4.066659450531006,-0.00025164394173771143,0.0006755917565897107,0.0006563279894180596,0.0,3.0,success
633,0.2709890902042389,-4.065626621246338,-0.0002462926204316318,0.03234466165304184,0.03234422579407692,1.0,3.0,success
634,0.2710551619529724,-4.064572811126709,-0.00024627058883197606,0.03299622982740402,0.03299622982740402,1.0,-3.0,success
635,0.2711236774921417,-4.06351900100708,-0.0002465490542817861,0.03300109878182411,0.033001095056533813,1.0,-3.0,success
636,0.2711942791938782,-4.062465190887451,-0.00024679111083969474,0.03300539031624794,0.03300539031624794,1.0,0.0,success
637,0.2712651789188385,-4.061411380767822,-0.0002469765313435346,0.03300601243972778,0.03300601243972778,1.0,-3.0,success
638,0.27133774757385254,-4.060358047485352,-0.0002471385814715177,0.03299469128251076,0.03299469128251076,1.0,3.0,success
639,0.2714084982872009,-4.059304714202881,-0.0002472488849889487,0.03299083188176155,0.03299083188176155,1.0,-3.0,success
640,0.2714100778102875,-4.059283256530762,-0.0002522271533962339,0.0006901297019794583,0.0006723664700984955,0.0,-3.0,success
641,0.2714838981628418,-4.05825138092041,-0.0002467709418851882,0.032328974455595016,0.0323285236954689,1.0,3.0,success
642,0.2715567350387573,-4.057197570800781,-0.0002466537116561085,0.033010128885507584,0.033010128885507584,1.0,-3.0,success
643,0.27163201570510864,-4.0561442375183105,-0.0002468554594088346,0.03300062194466591,0.03300062194466591,1.0,-3.0,success
644,0.27163368463516235,-4.05612325668335,-0.00025191239546984434,0.0006764404242858291,0.000657722121104598,0.0,-3.0,success
645,0.2716336250305176,-4.05612325668335,-0.00025140249636024237,1.6042844436015002e-05,1.8626450355441193e-06,0.0,3.0,success
646,0.2717124819755554,-4.055091381072998,-0.000245788978645578,0.03234061226248741,0.03234013542532921,1.0,-3.0,success
647,0.271793007850647,-4.0540385246276855,-0.000245864677708596,0.03299785777926445,0.03299785777926445,1.0,-3.0,success
648,0.27187520265579224,-4.052985668182373,-0.0002462341508362442,0.03300187364220619,0.03300187364220619,1.0,3.0,success
649,0.2718762159347534,-4.052964687347412,-0.00025141696096397936,0.0006761012482456863,0.0006564152427017689,0.0,3.0,success
650,0.27195507287979126,-4.051932334899902,-0.00024609986576251686,0.0323554165661335,0.032354991883039474,1.0,-3.0,success
651,0.27203553915023804,-4.05087947845459,-0.0002461279509589076,0.03299771249294281,0.03299771249294281,1.0,-3.0,success
652,0.2720375657081604,-4.050858497619629,-0.0002513170475140214,0.0006783690769225359,0.0006587025127373636,0.0,-3.0,success
653,0.2721216678619385,-4.0498270988464355,-0.0002460310934111476,0.03233860805630684,0.032338183373212814,1.0,-3.0,success
654,0.2722088694572449,-4.048774719238281,-0.0002460825489833951,0.032999567687511444,0.032999567687511444,1.0,3.0,success
655,0.2722942531108856,-4.047722339630127,-0.0002463897399138659,0.03299492597579956,0.03299492597579956,1.0,-3.0,success
656,0.272381991147995,-4.046669960021973,-0.00024665851378813386,0.03300096094608307,0.03300095722079277,1.0,-3.0,success
657,0.2724721431732178,-4.045617580413818,-0.0002468746970407665,0.033007312566041946,0.033007312566041946,1.0,-3.0,success
658,0.272471159696579,-4.045596599578857,-0.0002519407426007092,0.0006751934415660799,0.0006563710048794746,0.0,3.0,success
659,0.2725590765476227,-4.044565677642822,-0.0002465293218847364,0.03233368694782257,0.032333243638277054,1.0,3.0,success
660,0.27264612913131714,-4.04351282119751,-0.0002464599965605885,0.03301403298974037,0.03301403298974037,1.0,-3.0,success
661,0.2727348804473877,-4.042460918426514,-0.00024671058054082096,0.03298875689506531,0.03298875316977501,1.0,3.0,success
662,0.2728211283683777,-4.041408061981201,-0.00024691555881872773,0.03301197662949562,0.03301197662949562,1.0,3.0,success
663,0.2729055881500244,-4.040355682373047,-0.0002470698964316398,0.03299260511994362,0.03299260511994362,1.0,-3.0,success
664,0.272991806268692,-4.039303302764893,-0.00024721320369280875,0.032997045665979385,0.032997045665979385,1.0,3.0,success
665,0.27299168705940247,-4.039302825927734,-0.00025229156017303467,0.00015944019833113998,1.5359764802269638e-05,0.0,0.0,success
666,0.27299121022224426,-4.039302825927734,-0.00025160849327221513,2.603246866783593e-05,1.4901160284352954e-05,0.0,3.0,success
667,0.2730746567249298,-4.038271427154541,-0.000245949107920751,0.0323370136320591,0.03233652561903,1.0,-3.0,success
668,0.27307483553886414,-4.038270950317383,-0.00025097635807469487,0.00015790556790307164,1.5914445611997508e-05,0.0,0.0,success
669,0.27315860986709595,-4.0372395515441895,-0.0002456466609146446,0.03233778476715088,0.032337356358766556,1.0,-3.0,success
670,0.27324628829956055,-4.036187171936035,-0.0002457601367495954,0.03300080448389053,0.03300080448389053,1.0,-3.0,success
671,0.27333566546440125,-4.035134792327881,-0.00024615105940029025,0.033005256205797195,0.0330052524805069,1.0,3.0,success
672,0.27333754301071167,-4.03511381149292,-0.00025133980670943856,0.0006779475952498615,0.0006582711357623339,0.0,-3.0,success
673,0.2733379900455475,-4.03511381149292,-0.0002509339537937194,1.8868291590479203e-05,1.3969837709737476e-05,0.0,-3.0,success
674,0.2733384072780609,-4.03511381149292,-0.00025030915276147425,2.347828194615431e-05,1.3038515135121997e-05,0.0,-3.0,success
675,0.2734315097332001,-4.034083366394043,-0.00024490946088917553,0.032333020120859146,0.03233258053660393,1.0,-3.0,success
676,0.27343183755874634,-4.034082889556885,-0.0002501443959772587,0.0001645881129661575,1.8083013856085017e-05,0.0,0.0,success
677,0.27352669835090637,-4.033052444458008,-0.00024499185383319855,0.0323379710316658,0.03233756497502327,1.0,3.0,success
678,0.2736210525035858,-4.03200101852417,-0.00024522579042240977,0.03298909589648247,0.03298909589648247,1.0,-3.0,success
679,0.27371782064437866,-4.030949115753174,-0.0002457132504787296,0.03301076218485832,0.033010758459568024,1.0,-3.0,success
680,0.2738162875175476,-4.029897689819336,-0.0002461278054397553,0.03300083056092262,0.033000826835632324,1.0,3.0,success
681,0.2738182246685028,-4.029876708984375,-0.00025132193695753813,0.0006781515548937023,0.0006584397633560002,0.0,-3.0,success
682,0.2739159166812897,-4.028846740722656,-0.00024603496422059834,0.03233138471841812,0.032330963760614395,1.0,-3.0,success
683,0.2740177810192108,-4.027795791625977,-0.0002460757386870682,0.03299606591463089,0.03299606591463089,1.0,-3.0,success
684,0.274018257856369,-4.027795314788818,-0.00025137735065072775,0.00016701023560017347,2.1073423340567388e-05,0.0,0.0,success
685,0.2740182876586914,-4.027795314788818,-0.00025087667745538056,1.5673729649279267e-05,9.313225177720597e-07,0.0,3.0,success
686,0.2741178572177887,-4.0267653465271,-0.00024537500576116145,0.0323370136320591,0.032336555421352386,1.0,3.0,success
687,0.27421697974205017,-4.025713920593262,-0.0002455218927934766,0.03300274536013603,0.03300274536013603,1.0,-3.0,success
688,0.27431780099868774,-4.024662971496582,-0.0002459597017150372,0.03299294039607048,0.03299294039607048,1.0,3.0,success
689,0.2744161784648895,-4.023611545562744,-0.0002463151467964053,0.03300057351589203,0.03300056979060173,1.0,3.0,success
690,0.27451208233833313,-4.022559642791748,-0.000246599898673594,0.03300829976797104,0.03300829976797104,1.0,3.0,success
691,0.27460554242134094,-4.021507740020752,-0.0002468277816660702,0.03300144895911217,0.03300144895911217,1.0,3.0,success
692,0.27460676431655884,-4.021486759185791,-0.0002518807305023074,0.0006754777859896421,0.0006567619857378304,0.0,-3.0,success
693,0.274605929851532,-4.021486759185791,-0.0002513770596124232,3.045899029530119e-05,2.6077030270243995e-05,0.0,3.0,success
694,0.27469950914382935,-4.020455837249756,-0.00024576790747232735,0.03234923630952835,0.03234875947237015,1.0,-3.0,success
695,0.274793803691864,-4.01940393447876,-0.00024585830396972597,0.03300376981496811,0.03300376981496811,1.0,3.0,success
696,0.2747953236103058,-4.019382953643799,-0.0002510910271666944,0.000677402364090085,0.0006573692662641406,0.0,-3.0,success
697,0.2748890519142151,-4.018352508544922,-0.00024584910715930164,0.03233475610613823,0.0323343425989151,1.0,-3.0,success
698,0.27498623728752136,-4.017301082611084,-0.0002459372626617551,0.032997120171785355,0.032997120171785355,1.0,3.0,success
699,0.27508169412612915,-4.016249179840088,-0.00024627335369586945,0.03300703316926956,0.03300702944397926,1.0,-3.0,success
700,0.27507999539375305,-4.016228199005127,-0.0002514593070372939,0.0006774659850634634,0.0006577966269105673,0.0,3.0,success
701,0.27517327666282654,-4.01519775390625,-0.00024614439462311566,0.032333508133888245,0.03233307972550392,1.0,3.0,success
702,0.2751731276512146,-4.015197277069092,-0.00025113578885793686,0.0001567604049341753,1.5611809430993162e-05,0.0,0.0,success
703,0.2752654552459717,-4.014145374298096,-0.00024568301159888506,0.03299878165125847,0.03299833834171295,1.0,0.0,success
704,0.2753581702709198,-4.0130934715271,-0.0002458769013173878,0.03299940004944801,0.03299940004944801,1.0,-3.0,success
705,0.2753565013408661,-4.013072490692139,-0.00025113244191743433,0.0006779171526432037,0.000657722121104598,0.0,3.0,success
706,0.275356650352478,-4.013072490692139,-0.0002507611352484673,1.2502854588092305e-05,4.656612873077393e-06,0.0,0.0,success
707,0.27535706758499146,-4.013072490692139,-0.00025016628205776215,2.2705940864398144e-05,1.3038515135121997e-05,0.0,-3.0,success
708,0.2753574252128601,-4.013072490692139,-0.0002496801898814738,1.8858623661799356e-05,1.117586998589104e-05,0.0,-3.0,success
709,0.27535781264305115,-4.013072490692139,-0.00024929086794145405,1.716400947771035e-05,1.2107192560506519e-05,0.0,-3.0,success
710,0.27545490860939026,-4.01204252243042,-0.00024410520563833416,0.03232961893081665,0.03232920914888382,1.0,3.0,success
711,0.27555158734321594,-4.010990619659424,-0.0002445062855258584,0.03301050886511803,0.03301050513982773,1.0,-3.0,success
712,0.2756499946117401,-4.009939193725586,-0.00024514764663763344,0.03300066292285919,0.033000655472278595,1.0,3.0,success
713,0.2757466733455658,-4.008887767791748,-0.00024565577041357756,0.03299567103385925,0.032995667308568954,1.0,-3.0,success
714,0.27584514021873474,-4.00783634185791,-0.0002460823452565819,0.03300083056092262,0.033000826835632324,1.0,3.0,success
715,0.2759418487548828,-4.006784915924072,-0.0002464040298946202,0.03299575299024582,0.03299575299024582,1.0,-3.0,success
716,0.2760410010814667,-4.005733489990234,-0.00024667041725479066,0.033002834767103195,0.0330028310418129,1.0,-3.0,success
717,0.2760395109653473,-4.005712509155273,-0.00025177784846164286,0.0006764031131751835,0.0006573026184923947,0.0,3.0,success
718,0.2761400043964386,-4.0046820640563965,-0.0002463872660882771,0.03235461935400963,0.03235417604446411,1.0,-3.0,success
719,0.2762410640716553,-4.003631114959717,-0.00024636826128698885,0.03299365192651749,0.03299365192651749,1.0,3.0,success
720,0.2763403058052063,-4.002579689025879,-0.0002466181758791208,0.033003099262714386,0.033003099262714386,1.0,-3.0,success
721,0.2763424813747406,-4.002558708190918,-0.0002517223183531314,0.0006781903211958706,0.0006591664860025048,0.0,-3.0,success
722,0.2764461934566498,-4.001507759094238,-0.0002462644479237497,0.033002130687236786,0.03300168737769127,1.0,0.0,success
723,0.2765495479106903,-4.000456809997559,-0.0002463571145199239,0.03300059214234352,0.03300059214234352,1.0,3.0,success
724,0.2766510844230652,-3.999405860900879,-0.00024661302450113,0.0329950787127018,0.0329950787127018,1.0,-3.0,success
725,0.2766532003879547,-3.999384880065918,-0.00025171827292069793,0.0006780143012292683,0.0006589770200662315,0.0,-3.0,success
726,0.2767580449581146,-3.9983553886413574,-0.00024635245790705085,0.032338447868824005,0.032338012009859085,1.0,-3.0,success
727,0.27686649560928345,-3.997304916381836,-0.0002463397104293108,0.03300173580646515,0.03300173580646515,1.0,3.0,success
728,0.2769724726676941,-3.9962542057037354,-0.00024660505005158484,0.03300129994750023,0.03300129994750023,1.0,3.0,success
729,0.2770766615867615,-3.9952034950256348,-0.0002468208549544215,0.032995741814374924,0.032995738089084625,1.0,-3.0,success
730,0.27718329429626465,-3.994152784347534,-0.00024700365611352026,0.03300336375832558,0.03300336375832558,1.0,-3.0,success
731,0.2772916853427887,-3.9931023120880127,-0.0002471605548635125,0.03300154581665993,0.03300154581665993,1.0,3.0,success
732,0.27739831805229187,-3.992051839828491,-0.00024726640549488366,0.03299595043063164,0.03299595043063164,1.0,-3.0,success
733,0.27750664949417114,-3.9910013675689697,-0.0002473703061696142,0.033001355826854706,0.033001355826854706,1.0,3.0,success
734,0.27761250734329224,-3.989950656890869,-0.00024744399706833065,0.03300092741847038,0.03300092741847038,1.0,3.0,success
735,0.27771592140197754,-3.9888997077941895,-0.0002475026703905314,0.033000778406858444,0.033000778406858444,1.0,3.0,success
736,0.27781760692596436,-3.9878485202789307,-0.000247539283009246,0.03300294652581215,0.03300294652581215,1.0,-3.0,success
737,0.27792179584503174,-3.98679780960083,-0.00024757804931141436,0.032995741814374924,0.032995738089084625,1.0,-3.0,success
738,0.27792394161224365,-3.986776828765869,-0.00025249060126952827,0.0006767142913304269,0.0006590710836462677,0.0,-3.0,success
739,0.2779243290424347,-3.986776828765869,-0.00025185468257404864,2.3270124074770138e-05,1.2107192560506519e-05,0.0,-3.0,success
740,0.2780340313911438,-3.985747814178467,-0.00024616069276817143,0.032339416444301605,0.03233892843127251,1.0,-3.0,success
741,0.27803218364715576,-3.985726833343506,-0.00025105642271228135,0.0006757357623428106,0.0006581887719221413,0.0,3.0,success
742,0.2780327796936035,-3.985726833343506,-0.00025068019749596715,2.2026633814675733e-05,1.862645149230957e-05,0.0,-3.0,success
743,0.27814480662345886,-3.9846980571746826,-0.00024521973682567477,0.03233975172042847,0.03233930096030235,1.0,-3.0,success
744,0.27826127409935,-3.9836485385894775,-0.00024540917365811765,0.03299878537654877,0.03299878537654877,1.0,-3.0,success
745,0.2783794105052948,-3.9825990200042725,-0.00024586988729424775,0.033004578202962875,0.03300457447767258,1.0,3.0,success
746,0.27849501371383667,-3.9815495014190674,-0.0002462431148160249,0.03299582004547119,0.03299581632018089,1.0,3.0,success
747,0.2786087989807129,-3.980499505996704,-0.00024653220316395164,0.03300446271896362,0.033004458993673325,1.0,-3.0,success
748,0.27872467041015625,-3.979449987411499,-0.00024677792680449784,0.03299673646688461,0.03299673646688461,1.0,0.0,success
749,0.27884018421173096,-3.978400230407715,-0.00024697583285160363,0.03300291672348976,0.03300291672348976,1.0,3.0,success
750,0.2788423001766205,-3.978379249572754,-0.00025199956144206226,0.0006774194189347327,0.0006589770200662315,0.0,-3.0,success
751,0.27895587682724,-3.9773507118225098,-0.0002465884026605636,0.03233761712908745,0.03233717381954193,1.0,3.0,success
752,0.2790694236755371,-3.9763007164001465,-0.0002465076686348766,0.033003658056259155,0.033003658056259155,1.0,-3.0,success
753,0.279071569442749,-3.9762797355651855,-0.00025161972735077143,0.0006781558622606099,0.0006590710836462677,0.0,-3.0,success
754,0.27918741106987,-3.9752514362335205,-0.00024628412211313844,0.03233804553747177,0.03233761340379715,1.0,3.0,success
755,0.27930253744125366,-3.9742016792297363,-0.0002462745178490877,0.03300159052014351,0.03300159052014351,1.0,3.0,success
756,0.2794155776500702,-3.973151683807373,-0.0002465474826749414,0.03300195932388306,0.03300195932388306,1.0,0.0,success
757,0.27952906489372253,-3.9721016883850098,-0.0002467800222802907,0.03300345689058304,0.03300345689058304,1.0,-3.0,success
758,0.27964505553245544,-3.9710521697998047,-0.00024697111803106964,0.032997142523527145,0.032997142523527145,1.0,-3.0,success
759,0.27964743971824646,-3.9710311889648438,-0.00025200555683113635,0.0006783663993701339,0.0006598707986995578,0.0,-3.0,success
760,0.2796478867530823,-3.9710311889648438,-0.00025146675761789083,2.1878227926208638e-05,1.3969837709737476e-05,0.0,-3.0,success
761,0.2797691226005554,-3.970003604888916,-0.00024585030041635036,0.032335199415683746,0.03233472257852554,1.0,-3.0,success
762,0.2797694802284241,-3.970003366470337,-0.00025089734117500484,0.00015829091717023402,1.3431724255497102e-05,0.0,0.0,success
763,0.2797701060771942,-3.970003366470337,-0.00025046843802556396,2.3709761080681346e-05,1.9557772247935645e-05,0.0,-3.0,success
764,0.279896080493927,-3.9689762592315674,-0.00024504648172296584,0.032338060438632965,0.03233761712908745,1.0,-3.0,success
765,0.27989405393600464,-3.9689552783966064,-0.0002501661656424403,0.0006778538227081299,0.0006587025127373636,0.0,3.0,success
766,0.2800193428993225,-3.967927932739258,-0.00024509287322871387,0.03234280273318291,0.03234240785241127,1.0,3.0,success
767,0.2800218462944031,-3.967906951904297,-0.00025019250460900366,0.0006792607600800693,0.0006603017682209611,0.0,-3.0,success
768,0.2801467478275299,-3.9668798446655273,-0.0002451277105137706,0.032333940267562866,0.03233354911208153,1.0,3.0,success
769,0.2801482379436493,-3.9668586254119873,-0.00025023220223374665,0.0006836061365902424,0.000664734689053148,0.0,3.0,success
770,0.28027278184890747,-3.9658308029174805,-0.00024513553944416344,0.03235478326678276,0.03235439211130142,1.0,-3.0,success
771,0.28027528524398804,-3.9658098220825195,-0.0002502392162568867,0.0006792903877794743,0.0006603017682209611,0.0,-3.0,success
772,0.28040027618408203,-3.96478271484375,-0.0002451656910125166,0.032334279268980026,0.03233388811349869,1.0,3.0,success
773,0.2805250585079193,-3.9637339115142822,-0.00024537413264624774,0.03300625458359718,0.03300625458359718,1.0,0.0,success
774,0.28064948320388794,-3.9626853466033936,-0.0002458382223267108,0.03299754485487938,0.03299754112958908,1.0,3.0,success
775,0.2806508243083954,-3.9626641273498535,-0.00025110080605372787,0.0006844748859293759,0.0006644247332587838,0.0,3.0,success
776,0.2807730734348297,-3.9616360664367676,-0.0002458452363498509,0.032353661954402924,0.0323532409965992,1.0,-3.0,success
777,0.2807754874229431,-3.9616150856018066,-0.0002508071775082499,0.0006779475370422006,0.0006599765620194376,0.0,-3.0,success
778,0.28089818358421326,-3.960587501525879,-0.00024562017642892897,0.032340504229068756,0.032340098172426224,1.0,3.0,success
779,0.28090038895606995,-3.960566520690918,-0.00025061459746211767,0.0006774862413294613,0.000659263227134943,0.0,-3.0,success
780,0.2809005379676819,-3.960566520690918,-0.0002503388386685401,9.7951360658044e-06,4.656612873077393e-06,0.0,-3.0,success
781,0.2809000313282013,-3.960566520690918,-0.000249842822086066,2.2157022613100708e-05,1.5832483768463135e-05,0.0,3.0,success
782,0.28102508187294006,-3.9595181941986084,-0.0002444353303872049,0.032992884516716,0.03299244865775108,1.0,0.0,success
783,0.28114983439445496,-3.9584693908691406,-0.00024487863993272185,0.033006150275468826,0.03300614655017853,1.0,3.0,success
784,0.28127214312553406,-3.957420587539673,-0.0002454400819260627,0.03299722075462341,0.032997213304042816,1.0,3.0,success
785,0.28139275312423706,-3.956371545791626,-0.000245889212237671,0.03299851343035698,0.03299850970506668,1.0,-3.0,success
786,0.281515896320343,-3.955322742462158,-0.0002462584525346756,0.033000245690345764,0.033000241965055466,1.0,-3.0,success
787,0.28164151310920715,-3.9542741775512695,-0.0002465544093865901,0.03300195187330246,0.03300195187330246,1.0,-3.0,success
788,0.28176888823509216,-3.95322585105896,-0.0002468012971803546,0.0330011360347271,0.0330011360347271,1.0,3.0,success
789,0.28177139163017273,-3.953204870223999,-0.00025186038692481816,0.0006789646577090025,0.0006603017682209611,0.0,-3.0,success
790,0.28189730644226074,-3.9521777629852295,-0.00024646558449603617,0.03233782947063446,0.03233738988637924,1.0,-3.0,success
791,0.28189507126808167,-3.9521567821502686,-0.0002513155632186681,0.000676556141115725,0.0006593612488359213,0.0,3.0,success
792,0.28202539682388306,-3.951129674911499,-0.00024600044707767665,0.03235487639904022,0.0323544517159462,1.0,-3.0,success
793,0.2821562886238098,-3.9500818252563477,-0.0002460493124090135,0.032999783754348755,0.032999783754348755,1.0,-3.0,success
794,0.28228959441185,-3.9490342140197754,-0.00024637291789986193,0.03300182893872261,0.03300182893872261,1.0,-3.0,success
795,0.28242453932762146,-3.9479868412017822,-0.0002466551959514618,0.033000946044921875,0.033000946044921875,1.0,3.0,success
796,0.28255727887153625,-3.94693922996521,-0.000246866955421865,0.03299960121512413,0.03299959748983383,1.0,0.0,success
797,0.2825593948364258,-3.94691801071167,-0.00025192901375703514,0.0006849087658338249,0.0006663903477601707,0.0,3.0,success
798,0.28269195556640625,-3.9458913803100586,-0.0002465079305693507,0.032348982989788055,0.03234853968024254,1.0,-3.0,success
799,0.2828243672847748,-3.9448435306549072,-0.00024646593374200165,0.03300570696592331,0.03300570696592331,1.0,3.0,success
800,0.2829546630382538,-3.943795680999756,-0.0002467010635882616,0.032997481524944305,0.032997481524944305,1.0,0.0,success
801,0.28308457136154175,-3.9427475929260254,-0.00024691320140846074,0.03300338611006737,0.03300338238477707,1.0,3.0,success
802,0.28321269154548645,-3.941699504852295,-0.00024706823751330376,0.03299655765295029,0.03299655765295029,1.0,-3.0,success
803,0.28334328532218933,-3.9406516551971436,-0.00024720156216062605,0.03299863263964653,0.03299863263964653,1.0,-3.0,success
804,0.28334611654281616,-3.9406306743621826,-0.0002521898131817579,0.0006797100650146604,0.0006615936872549355,0.0,-3.0,success
805,0.2834785580635071,-3.9396042823791504,-0.0002467408776283264,0.032341118901968,0.03234066814184189,1.0,3.0,success
806,0.2834811210632324,-3.9395833015441895,-0.0002515113155823201,0.0006771388580091298,0.0006605250528082252,0.0,-3.0,success
807,0.28361329436302185,-3.9385569095611572,-0.0002461829280946404,0.03234003111720085,0.03233959898352623,1.0,3.0,success
808,0.2836148738861084,-3.9385359287261963,-0.00025107580586336553,0.0006750510656274855,0.0006575064035132527,0.0,3.0,success
809,0.2837420403957367,-3.9375088214874268,-0.0002458235830999911,0.032342586666345596,0.03234217315912247,1.0,3.0,success
810,0.2838687300682068,-3.936460494995117,-0.00024590507382526994,0.03299855813384056,0.03299855813384056,1.0,3.0,success
811,0.2839937210083008,-3.9354119300842285,-0.0002462468110024929,0.03299963101744652,0.03299963101744652,1.0,-3.0,success
812,0.2841212749481201,-3.934363603591919,-0.0002465436118654907,0.03300181031227112,0.03300180658698082,1.0,-3.0,success
813,0.28425130248069763,-3.9333155155181885,-0.00024678235058672726,0.03300384059548378,0.03300384059548378,1.0,-3.0,success
814,0.28424909710884094,-3.9332945346832275,-0.00025186853599734604,0.0006781526608392596,0.000659263227134943,0.0,3.0,success
815,0.28437623381614685,-3.932267665863037,-0.00024647050304338336,0.032335102558135986,0.03233466297388077,1.0,3.0,success
816,0.2845034897327423,-3.9312193393707275,-0.0002464128192514181,0.03300068527460098,0.03300068527460098,1.0,-3.0,success
817,0.28463244438171387,-3.930171251296997,-0.0002466729492880404,0.03299972787499428,0.03299972787499428,1.0,3.0,success
818,0.28463485836982727,-3.930150270462036,-0.0002517569810152054,0.0006788303144276142,0.0006599765620194376,0.0,-3.0,success
819,0.284635066986084,-3.930150270462036,-0.0002512672799639404,1.663392140471842e-05,6.519257567560999e-06,0.0,-3.0,success
820,0.28476405143737793,-3.9291234016418457,-0.0002457020164001733,0.032342277467250824,0.03234180808067322,1.0,3.0,success
821,0.284766286611557,-3.9291024208068848,-0.00025066608213819563,0.0006773637142032385,0.0006593612488359213,0.0,-3.0,success
822,0.28476569056510925,-3.9291024208068848,-0.00025039000320248306,2.052749005088117e-05,1.862645149230957e-05,0.0,3.0,success
823,0.2848973870277405,-3.9280755519866943,-0.000244976079557091,0.03235292062163353,0.03235247731208801,1.0,-3.0,success
824,0.28502902388572693,-3.927027702331543,-0.000245226314291358,0.03300267830491066,0.03300267457962036,1.0,3.0,success
825,0.2851589322090149,-3.9259796142578125,-0.00024570414097979665,0.03300338611006737,0.03300338238477707,1.0,-3.0,success
826,0.28529128432273865,-3.9249320030212402,-0.00024610996479168534,0.03299808129668236,0.03299808129668236,1.0,-3.0,success
827,0.28529417514801025,-3.9249110221862793,-0.0002513173094484955,0.0006815571687184274,0.0006618453771807253,0.0,-3.0,success
828,0.28543102741241455,-3.9238641262054443,-0.00024594037677161396,0.03299426659941673,0.03299383819103241,1.0,0.0,success
829,0.2855682075023651,-3.9228169918060303,-0.00024608810781501234,0.03300255537033081,0.03300255537033081,1.0,-3.0,success
830,0.28570711612701416,-3.9217703342437744,-0.00024641756317578256,0.03299484774470329,0.032994844019412994,1.0,3.0,success
831,0.28584420680999756,-3.9207231998443604,-0.00024667169782333076,0.03300219401717186,0.03300219401717186,1.0,-3.0,success
832,0.28598302602767944,-3.9196763038635254,-0.00024689463316462934,0.0330018624663353,0.0330018624663353,1.0,3.0,success
833,0.28611934185028076,-3.9186291694641113,-0.0002470635517966002,0.032999057322740555,0.032999057322740555,1.0,3.0,success
834,0.2862538993358612,-3.917581796646118,-0.00024718823260627687,0.03299940004944801,0.03299940004944801,1.0,-3.0,success
835,0.28639093041419983,-3.916534662246704,-0.00024729748838581145,0.03300195187330246,0.03300195187330246,1.0,-3.0,success
836,0.28653040528297424,-3.9154880046844482,-0.00024738546926528215,0.03299717605113983,0.03299717605113983,1.0,-3.0,success
837,0.28667229413986206,-3.9144415855407715,-0.0002474560169503093,0.03299984335899353,0.03299984335899353,1.0,-3.0,success
838,0.28681620955467224,-3.9133951663970947,-0.0002475172223057598,0.03300841152667999,0.03300841152667999,1.0,0.0,success
839,0.2869603931903839,-3.912349224090576,-0.00024755732738412917,0.032994791865348816,0.032994791865348816,1.0,-3.0,success
840,0.28696295619010925,-3.9123282432556152,-0.00025248536258004606,0.0006782401469536126,0.0006605250528082252,0.0,3.0,success
841,0.2869631052017212,-3.9123282432556152,-0.00025184915284626186,2.0419602151378058e-05,4.656612873077393e-06,0.0,3.0,success
842,0.2871015965938568,-3.9113028049468994,-0.00024615676375105977,0.032336365431547165,0.03233587369322777,1.0,3.0,success
843,0.28710439801216125,-3.9112818241119385,-0.00025102918152697384,0.0006787682650610805,0.0006614698213525116,0.0,-3.0,success
844,0.28710442781448364,-3.9112818241119385,-0.0002506749297026545,1.1109474144177511e-05,9.313225177720597e-07,0.0,0.0,success
845,0.28724339604377747,-3.9102563858032227,-0.00024521182058379054,0.032338324934244156,0.032337870448827744,1.0,-3.0,success
846,0.2873866558074951,-3.909210205078125,-0.0002454126952216029,0.03299824520945549,0.03299824520945549,1.0,3.0,success
847,0.28738945722579956,-3.909189224243164,-0.0002507349709048867,0.0006820594426244497,0.0006614698213525116,0.0,-3.0,success
848,0.28753095865249634,-3.9081640243530273,-0.0002455643261782825,0.032341621816158295,0.03234121948480606,1.0,-3.0,success
849,0.2876776158809662,-3.907118320465088,-0.00024569936795160174,0.03299805894494057,0.03299805894494057,1.0,-3.0,success
850,0.2876809239387512,-3.907097578048706,-0.0002509745245333761,0.0006767759332433343,0.0006563921342603862,0.0,-3.0,success
851,0.28768157958984375,-3.907097578048706,-0.00025064166402444243,2.2978301785769872e-05,2.0489094822551124e-05,0.0,-3.0,success
852,0.2876814603805542,-3.907097578048706,-0.00025008548982441425,1.777519537426997e-05,3.7252900710882386e-06,0.0,3.0,success
853,0.2878303825855255,-3.906073570251465,-0.0002447210135869682,0.032337307929992676,0.032336875796318054,1.0,-3.0,success
854,0.2879837155342102,-3.9050285816192627,-0.0002450192114338279,0.03300556540489197,0.03300556540489197,1.0,3.0,success
855,0.2881345748901367,-3.9039833545684814,-0.00024554820265620947,0.03300181031227112,0.03300180658698082,1.0,3.0,success
856,0.2881366014480591,-3.9039623737335205,-0.0002508686447981745,0.0006793619249947369,0.0006587025127373636,0.0,3.0,success
857,0.28828567266464233,-3.902937650680542,-0.0002456583024468273,0.03236007317900658,0.032359663397073746,1.0,-3.0,success
858,0.2884346544742584,-3.9018921852111816,-0.00024578211014159024,0.033000849187374115,0.033000849187374115,1.0,0.0,success
859,0.2884369194507599,-3.9018712043762207,-0.0002510478370822966,0.0006796809611842036,0.0006594605511054397,0.0,3.0,success
860,0.2885804772377014,-3.900846242904663,-0.00024581514298915863,0.03234310448169708,0.032342687249183655,1.0,3.0,success
861,0.28858038783073425,-3.900846004486084,-0.00025087266112677753,0.00015824762522242963,7.957222805998754e-06,0.0,0.0,success
862,0.28872203826904297,-3.8998208045959473,-0.00024556368589401245,0.03234228119254112,0.0323418565094471,1.0,-3.0,success
863,0.28886812925338745,-3.898775100708008,-0.00024570399546064436,0.03299560770392418,0.03299560770392418,1.0,3.0,success
864,0.28901249170303345,-3.89772891998291,-0.00024608656531199813,0.03300293907523155,0.03300293907523155,1.0,-3.0,success
865,0.28915929794311523,-3.8966832160949707,-0.00024641581694595516,0.0329987071454525,0.0329987071454525,1.0,-3.0,success
866,0.2891625165939331,-3.8966622352600098,-0.0002515618107281625,0.0006825362797826529,0.0006633213488385081,0.0,-3.0,success
867,0.2893108129501343,-3.8956382274627686,-0.00024623831268399954,0.03233449161052704,0.032334066927433014,1.0,3.0,success
868,0.289459764957428,-3.894592761993408,-0.00024622786440886557,0.03300071880221367,0.03300071880221367,1.0,-3.0,success
869,0.2896103858947754,-3.893547534942627,-0.0002465250436216593,0.03300074487924576,0.03300074115395546,1.0,3.0,success
870,0.2896125316619873,-3.893526554107666,-0.0002516498789191246,0.0006782500422559679,0.0006590710836462677,0.0,3.0,success
871,0.28976133465766907,-3.8925015926361084,-0.00024628345272503793,0.03236626461148262,0.0323658287525177,1.0,-3.0,success
872,0.2899097502231598,-3.891456127166748,-0.0002462872362229973,0.032998356968164444,0.032998356968164444,1.0,3.0,success
873,0.29005640745162964,-3.8904104232788086,-0.00024655339075252414,0.03299805894494057,0.03299805894494057,1.0,-3.0,success
874,0.290204793214798,-3.889364719390869,-0.00024679937632754445,0.03300560638308525,0.03300560638308525,1.0,3.0,success
875,0.2903507351875305,-3.8883190155029297,-0.0002469874161761254,0.032994963228702545,0.03299495950341225,1.0,3.0,success
876,0.29049423336982727,-3.887272834777832,-0.0002471375628374517,0.03299925476312637,0.03299925476312637,1.0,3.0,success
877,0.29049575328826904,-3.887251615524292,-0.0002521401329431683,0.0006829340709373355,0.0006648005801253021,0.0,3.0,success
878,0.29063743352890015,-3.886225938796997,-0.0002466758596710861,0.032357193529605865,0.03235674649477005,1.0,-3.0,success
879,0.29077887535095215,-3.8851795196533203,-0.0002466008882038295,0.032997969537973404,0.032997969537973404,1.0,3.0,success
880,0.29091793298721313,-3.8841326236724854,-0.00024681430659256876,0.03300284221768379,0.033002838492393494,1.0,3.0,success
881,0.29091936349868774,-3.8841114044189453,-0.00025188096333295107,0.000683206832036376,0.0006646068068221211,0.0,3.0,success
882,0.29105645418167114,-3.883085250854492,-0.0002464687277097255,0.032352641224861145,0.032352201640605927,1.0,-3.0,success
883,0.2910538911819458,-3.883064031600952,-0.0002513205399736762,0.0006849139463156462,0.0006679212092421949,0.0,3.0,success
884,0.29119133949279785,-3.882037878036499,-0.0002460038522258401,0.03235411271452904,0.032353684306144714,1.0,-3.0,success
885,0.2913285791873932,-3.880990743637085,-0.0002460623509250581,0.03300279751420021,0.03300279751420021,1.0,3.0,success
886,0.29146334528923035,-3.879943370819092,-0.00024638339527882636,0.03300023078918457,0.03300023078918457,1.0,3.0,success
887,0.291596382856369,-3.8788957595825195,-0.0002466435544192791,0.033000774681568146,0.033000774681568146,1.0,-3.0,success
888,0.2915990352630615,-3.8788747787475586,-0.00025174315669573843,0.0006798125104978681,0.0006608696421608329,0.0,-3.0,success
889,0.29173392057418823,-3.8778488636016846,-0.0002463835699018091,0.03233619034290314,0.032335761934518814,1.0,3.0,success
890,0.29186850786209106,-3.8768014907836914,-0.0002463540295138955,0.032999519258737564,0.032999519258737564,1.0,3.0,success
891,0.2920013666152954,-3.875753879547119,-0.00024660598137415946,0.03300006687641144,0.03300006687641144,1.0,-3.0,success
892,0.2921360433101654,-3.874706506729126,-0.0002468415768817067,0.03299987316131592,0.03299987316131592,1.0,3.0,success
893,0.29213836789131165,-3.874685525894165,-0.00025189240113832057,0.0006782833370380104,0.0006596630555577576,0.0,-3.0,success
894,0.2921384274959564,-3.874685525894165,-0.00025137545890174806,1.6261472410405986e-05,1.8626450355441193e-06,0.0,-3.0,success
895,0.2922758162021637,-3.87363862991333,-0.0002456859510857612,0.03299649432301521,0.03299601376056671,1.0,0.0,success
896,0.2924136519432068,-3.872591733932495,-0.00024586962535977364,0.03299783915281296,0.03299783542752266,1.0,-3.0,success
897,0.29241180419921875,-3.872570514678955,-0.00025112746516242623,0.0006855909014120698,0.0006656109471805394,0.0,3.0,success
898,0.2925465703010559,-3.871544599533081,-0.00024587707594037056,0.032335687428712845,0.032335273921489716,1.0,3.0,success
899,0.292680948972702,-3.870497226715088,-0.0002459482057020068,0.03299868851900101,0.03299868851900101,1.0,3.0,success
900,0.29281291365623474,-3.8694493770599365,-0.000246291805524379,0.03300395607948303,0.03300395607948303,1.0,3.0,success
901,0.2928141951560974,-3.8694283962249756,-0.000251463265158236,0.0006764607969671488,0.0006568729877471924,0.0,3.0,success
902,0.29281380772590637,-3.8694281578063965,-0.0002510269405320287,1.969803088286426e-05,1.4216021554602776e-05,0.0,0.0,success
903,0.2929396331310272,-3.868401050567627,-0.0002454935747664422,0.03233751282095909,0.03233705088496208,1.0,-3.0,success
904,0.29307034611701965,-3.8673532009124756,-0.00024562765611335635,0.03299909457564354,0.03299909457564354,1.0,-3.0,success
905,0.2930731475353241,-3.8673322200775146,-0.00025091622956097126,0.0006818033289164305,0.0006614698213525116,0.0,-3.0,success
906,0.29307329654693604,-3.8673322200775146,-0.00025059975450858474,1.0931288670690265e-05,4.656612873077393e-06,0.0,0.0,success
907,0.2932059168815613,-3.8663058280944824,-0.00024516350822523236,0.03234183415770531,0.03234138712286949,1.0,3.0,success
908,0.29320764541625977,-3.8662848472595215,-0.0002502464922145009,0.0006767771556042135,0.0006578724714927375,0.0,3.0,success
909,0.29334017634391785,-3.865257978439331,-0.00024514590040780604,0.032356198877096176,0.03235580772161484,1.0,-3.0,success
910,0.29347333312034607,-3.864210367202759,-0.0002453658380545676,0.03300124406814575,0.03300124406814575,1.0,-3.0,success
911,0.2936081886291504,-3.8631629943847656,-0.00024583612685091794,0.03300059214234352,0.03300058841705322,1.0,3.0,success
912,0.2936108708381653,-3.8631420135498047,-0.00025108817499130964,0.00068105902755633,0.0006609871052205563,0.0,-3.0,success
913,0.29374414682388306,-3.8621158599853516,-0.00024584773927927017,0.03233704715967178,0.032336629927158356,1.0,-3.0,success
914,0.2938823699951172,-3.8610689640045166,-0.00024592605768702924,0.03299941495060921,0.03299941495060921,1.0,-3.0,success
915,0.2938855290412903,-3.8610479831695557,-0.0002511557540856302,0.0006828855839557946,0.0006630414281971753,0.0,-3.0,success
916,0.2938855290412903,-3.8610479831695557,-0.0002507965255063027,1.1225892194488551e-05,0.0,0.0,3.0,success
917,0.29402318596839905,-3.8600223064422607,-0.0002453151100780815,0.03234023228287697,0.032339781522750854,1.0,3.0,success
918,0.2941608130931854,-3.858975410461426,-0.0002454790810588747,0.03299698606133461,0.03299698606133461,1.0,0.0,success
919,0.29429808259010315,-3.8579282760620117,-0.0002459213137626648,0.03300292417407036,0.03300292044878006,1.0,3.0,success
920,0.29429975152015686,-3.857907295227051,-0.00025116713368333876,0.0006778436945751309,0.000657722121104598,0.0,3.0,success
921,0.2942999303340912,-3.857907295227051,-0.0002507851168047637,1.3181103895476554e-05,5.58793499294552e-06,0.0,-3.0,success
922,0.2943000793457031,-3.857907295227051,-0.0002501893904991448,1.9189999875379726e-05,4.656612873077393e-06,0.0,-3.0,success
923,0.29443541169166565,-3.8568813800811768,-0.00024481333093717694,0.03233801946043968,0.03233758360147476,1.0,-3.0,success
924,0.2945757806301117,-3.855834722518921,-0.0002450832398608327,0.0330008789896965,0.0330008789896965,1.0,-3.0,success
925,0.29471856355667114,-3.854788303375244,-0.0002455993671901524,0.033003609627485275,0.03300360590219498,1.0,-3.0,success
926,0.294721782207489,-3.8547675609588623,-0.0002509086043573916,0.0006766152218915522,0.0006559579051099718,0.0,-3.0,success
927,0.29472246766090393,-3.8547675609588623,-0.00025058965547941625,2.3625800167792477e-05,2.1420417397166602e-05,0.0,-3.0,success
928,0.29487183690071106,-3.853722333908081,-0.0002450573374517262,0.03299563750624657,0.03299518674612045,1.0,0.0,success
929,0.2948749363422394,-3.853701591491699,-0.0002502493152860552,0.0006751815672032535,0.0006553970160894096,0.0,-3.0,success
930,0.2950245141983032,-3.852677583694458,-0.00024516554549336433,0.032340217381715775,0.032339829951524734,1.0,-3.0,success
931,0.2951792776584625,-3.851632833480835,-0.0002453801571391523,0.03300471231341362,0.03300471231341362,1.0,-3.0,success
932,0.2953357398509979,-3.85058856010437,-0.00024584736092947423,0.03299780189990997,0.032997798174619675,1.0,3.0,success
933,0.2954903542995453,-3.849543809890747,-0.0002462156116962433,0.0330040343105793,0.0330040343105793,1.0,-3.0,success
934,0.29564735293388367,-3.8484995365142822,-0.0002465199795551598,0.03300028666853905,0.03300028666853905,1.0,-3.0,success
935,0.2958067059516907,-3.8474557399749756,-0.0002467639569658786,0.03299657627940178,0.03299657627940178,1.0,-3.0,success
936,0.2959677278995514,-3.846411943435669,-0.0002469686442054808,0.03300448879599571,0.03300448879599571,1.0,3.0,success
937,0.29612621665000916,-3.845367908477783,-0.0002471224870532751,0.03299987316131592,0.03299987316131592,1.0,3.0,success
938,0.29628217220306396,-3.8443236351013184,-0.0002472453052178025,0.03299545496702194,0.03299545496702194,1.0,3.0,success
939,0.2964363694190979,-3.8432788848876953,-0.00024733354803174734,0.03300212696194649,0.03300212696194649,1.0,-3.0,success
940,0.2965922951698303,-3.8422343730926514,-0.0002474240609444678,0.03300268575549126,0.03300268575549126,1.0,3.0,success
941,0.29674583673477173,-3.8411896228790283,-0.0002474871289450675,0.03299913927912712,0.03299913927912712,1.0,3.0,success
942,0.29689761996269226,-3.840144634246826,-0.0002475268847774714,0.032998569309711456,0.032998569309711456,1.0,-3.0,success
943,0.29689982533454895,-3.8401236534118652,-0.00025246103177778423,0.0006770547479391098,0.000659263227134943,0.0,3.0,success
944,0.2969001233577728,-3.8401236534118652,-0.00025182042736560106,2.2079220798332244e-05,9.313225746154785e-06,0.0,-3.0,success
945,0.2970515787601471,-3.8391001224517822,-0.0002461326075717807,0.032334111630916595,0.0323336236178875,1.0,-3.0,success
946,0.29720839858055115,-3.8380558490753174,-0.00024613915593363345,0.03299945592880249,0.03299945592880249,1.0,-3.0,success
947,0.2973669171333313,-3.8370115756988525,-0.0002464537101332098,0.03300738334655762,0.03300737962126732,1.0,3.0,success
948,0.2975229322910309,-3.8359673023223877,-0.0002467100857757032,0.03299573063850403,0.03299573063850403,1.0,3.0,success
949,0.2976765036582947,-3.8349225521087646,-0.0002469156461302191,0.032999277114868164,0.032999273389577866,1.0,3.0,success
950,0.2978276312351227,-3.8338773250579834,-0.00024708022829145193,0.033003002405166626,0.033003002405166626,1.0,3.0,success
951,0.29797637462615967,-3.832831859588623,-0.00024721198133192956,0.03299979865550995,0.03299979865550995,1.0,3.0,success
952,0.2979758083820343,-3.832831382751465,-0.00025229016318917274,0.00016037047316785902,2.313357254024595e-05,0.0,0.0,success
953,0.2981226146221161,-3.8317859172821045,-0.00024662137730047107,0.03299180418252945,0.032991327345371246,1.0,0.0,success
954,0.2982695400714874,-3.830740213394165,-0.0002466330770403147,0.032999224960803986,0.032999224960803986,1.0,0.0,success
955,0.2984168827533722,-3.8296945095062256,-0.0002468386956024915,0.033001042902469635,0.033001042902469635,1.0,-3.0,success
956,0.2985667288303375,-3.8286492824554443,-0.0002470175386406481,0.03299729526042938,0.03299729526042938,1.0,-3.0,success
957,0.2987183630466461,-3.827604293823242,-0.00024717164342291653,0.03299789875745773,0.03299789875745773,1.0,3.0,success
958,0.29886820912361145,-3.826558828353882,-0.0002472751948516816,0.03300467133522034,0.03300467133522034,1.0,-3.0,success
959,0.29901981353759766,-3.8255138397216797,-0.0002473773492965847,0.03299776464700699,0.03299776464700699,1.0,3.0,success
960,0.29916897416114807,-3.8244683742523193,-0.00024744964321143925,0.03300163894891739,0.03300163894891739,1.0,3.0,success
961,0.2991708219051361,-3.8244473934173584,-0.00025238943635486066,0.0006760488613508642,0.0006581887719221413,0.0,3.0,success
962,0.29917094111442566,-3.8244473934173584,-0.00025176265626214445,1.993799196498003e-05,3.7252900710882386e-06,0.0,-3.0,success
963,0.2991704046726227,-3.8244473934173584,-0.00025098182959482074,2.9604489100165665e-05,1.6763806343078613e-05,0.0,3.0,success
964,0.2991706132888794,-3.8244473934173584,-0.00025032315170392394,2.1591404220089316e-05,6.519257567560999e-06,0.0,-3.0,success
965,0.2991701364517212,-3.8244473934173584,-0.0002498151152394712,2.1773752450826578e-05,1.4901160284352954e-05,0.0,3.0,success
966,0.29931485652923584,-3.82340145111084,-0.000244412396568805,0.03299751877784729,0.03299708291888237,1.0,0.0,success
967,0.2994599938392639,-3.8223555088043213,-0.00024484997265972197,0.03299887850880623,0.03299887478351593,1.0,-3.0,success
968,0.2994630038738251,-3.8223347663879395,-0.0002502984425518662,0.0006767583545297384,0.0006549899117089808,0.0,-3.0,success
969,0.2996104955673218,-3.82131028175354,-0.00024521572049707174,0.03234561160206795,0.03234522044658661,1.0,-3.0,success
970,0.29960814118385315,-3.821289539337158,-0.0002503173309378326,0.0006715605268254876,0.0006523626507259905,0.0,3.0,success
971,0.2997550368309021,-3.820265054702759,-0.00024521377054043114,0.03234296664595604,0.0323425717651844,1.0,3.0,success
972,0.2997579276561737,-3.820244073867798,-0.00025028918753378093,0.0006805846351198852,0.0006618453771807253,0.0,-3.0,success
973,0.2997582256793976,-3.820244312286377,-0.0002500786795280874,1.3620658137369901e-05,1.1926747902180068e-05,0.0,-3.0,success
974,0.2999078035354614,-3.8192203044891357,-0.00024473879602737725,0.032340262085199356,0.032339829951524734,1.0,-3.0,success
975,0.3000619113445282,-3.8181755542755127,-0.00024503463646396995,0.033001720905303955,0.03300171718001366,1.0,3.0,success
976,0.30021360516548157,-3.8171303272247314,-0.0002455607464071363,0.03300554305315018,0.03300553932785988,1.0,3.0,success
977,0.3003631830215454,-3.81608510017395,-0.00024599063908681273,0.03299611061811447,0.03299611061811447,1.0,0.0,success
978,0.3005131483078003,-3.81503963470459,-0.0002463355485815555,0.03300520032644272,0.03300520032644272,1.0,-3.0,success
979,0.30066487193107605,-3.8139946460723877,-0.0002466262085363269,0.03299830108880997,0.03299830108880997,1.0,3.0,success
980,0.3008148670196533,-3.8129494190216064,-0.0002468389575369656,0.03299796208739281,0.03299795836210251,1.0,-3.0,success
981,0.30081498622894287,-3.8129491806030273,-0.0002520016278140247,0.00016154834884218872,8.330001946887933e-06,0.0,0.0,success
982,0.3009640574455261,-3.811924934387207,-0.000246493291342631,0.032345376908779144,0.032344918698072433,1.0,3.0,success
983,0.3009639382362366,-3.811924695968628,-0.00025141099467873573,0.00015390382031910121,8.330001946887933e-06,0.0,0.0,success
984,0.3011133074760437,-3.8108794689178467,-0.0002459030074533075,0.03299563378095627,0.03299518674612045,1.0,0.0,success
985,0.30111613869667053,-3.810858726501465,-0.000250934564974159,0.000672841037157923,0.000654210802167654,0.0,-3.0,success
986,0.3011156916618347,-3.810858726501465,-0.00025060950429178774,1.7272646800847724e-05,1.3969837709737476e-05,0.0,3.0,success
987,0.3012632429599762,-3.8098344802856445,-0.00024515431141480803,0.03233856335282326,0.032338112592697144,1.0,-3.0,success
988,0.3012634515762329,-3.8098340034484863,-0.00025034055579453707,0.00016288422921206802,1.6264848454738967e-05,0.0,0.0,success
989,0.3014136254787445,-3.808810234069824,-0.00024513780954293907,0.032335564494132996,0.032335154712200165,1.0,-3.0,success
990,0.3015683591365814,-3.8077657222747803,-0.0002453633351251483,0.03299720957875252,0.03299720585346222,1.0,3.0,success
991,0.30172064900398254,-3.806720733642578,-0.0002458239905536175,0.033000849187374115,0.033000845462083817,1.0,3.0,success
992,0.3018711507320404,-3.805675506591797,-0.00024619619944132864,0.03300021216273308,0.03300020843744278,1.0,-3.0,success
993,0.30202338099479675,-3.8046305179595947,-0.0002465144789312035,0.033000580966472626,0.03300057724118233,1.0,3.0,success
994,0.3020254075527191,-3.804609537124634,-0.0002516422828193754,0.0006779137765988708,0.0006587025127373636,0.0,3.0,success
995,0.3021702468395233,-3.8035848140716553,-0.00024629145627841353,0.03234132379293442,0.032340891659259796,1.0,3.0,success
996,0.3021720051765442,-3.8035638332366943,-0.0002511628554202616,0.0006753309862688184,0.000657949538435787,0.0,3.0,success
997,0.30231180787086487,-3.8025383949279785,-0.00024589328677393496,0.03234180435538292,0.03234138712286949,1.0,3.0,success
998,0.3023141026496887,-3.8025174140930176,-0.0002508323232177645,0.0006773796631023288,0.0006595611339434981,0.0,-3.0,success
999,0.30231374502182007,-3.8025171756744385,-0.0002505180600564927,1.663904549786821e-05,1.3431724255497102e-05,0.0,0.0,success
1000,0.30231308937072754,-3.8025171756744385,-0.0002499819966033101,2.64656737272162e-05,2.0489094822551124e-05,0.0,3.0,success
1001,0.3024507164955139,-3.8014914989471436,-0.00024464892339892685,0.03234008699655533,0.032339658588171005,1.0,3.0,success
1002,0.3025880753993988,-3.8004443645477295,-0.0002449510502628982,0.03300328552722931,0.03300328180193901,1.0,3.0,success
1003,0.30258938670158386,-3.8004233837127686,-0.00025037687737494707,0.0006784593570046127,0.0006569303805008531,0.0,3.0,success
1004,0.30271974205970764,-3.7993967533111572,-0.0002452785847708583,0.03234018012881279,0.03233978524804115,1.0,3.0,success
1005,0.3028497099876404,-3.7983486652374268,-0.0002454701461829245,0.033003613352775574,0.033003613352775574,1.0,3.0,success
1006,0.3029773235321045,-3.797300338745117,-0.00024590984685346484,0.033002037554979324,0.033002033829689026,1.0,3.0,success
1007,0.3029790222644806,-3.7972793579101562,-0.00025114620802924037,0.0006778445094823837,0.0006577966269105673,0.0,-3.0,success
1008,0.30310553312301636,-3.7962522506713867,-0.00024589337408542633,0.03234007582068443,0.032339662313461304,1.0,-3.0,success
1009,0.30323630571365356,-3.7952044010162354,-0.0002459729148540646,0.032999321818351746,0.032999321818351746,1.0,3.0,success
1010,0.30336469411849976,-3.794156312942505,-0.0002463122073095292,0.03299757465720177,0.03299757465720177,1.0,3.0,success
1011,0.30349069833755493,-3.793107748031616,-0.00024659710470587015,0.033003393560647964,0.033003393560647964,1.0,3.0,success
1012,0.3034924268722534,-3.7930867671966553,-0.00025169638684019446,0.0006768968305550516,0.0006578724714927375,0.0,-3.0,success
1013,0.30361735820770264,-3.7920594215393066,-0.0002463336568325758,0.03234149143099785,0.03234105929732323,1.0,-3.0,success
1014,0.30374714732170105,-3.7910115718841553,-0.00024631424457766116,0.03299552947282791,0.03299552947282791,1.0,-3.0,success
1015,0.30387943983078003,-3.789963722229004,-0.00024658432812429965,0.033005241304636,0.0330052375793457,1.0,-3.0,success
1016,0.3040134608745575,-3.7889163494110107,-0.0002468244929332286,0.032997265458106995,0.032997265458106995,1.0,3.0,success
1017,0.3041457235813141,-3.7878684997558594,-0.00024699760251678526,0.03300512209534645,0.03300512209534645,1.0,-3.0,success
1018,0.3042804002761841,-3.786821126937866,-0.0002471452171448618,0.03299987316131592,0.03299987316131592,1.0,-3.0,success
1019,0.304414838552475,-3.785795211791992,-0.00024323548132088035,0.03233417123556137,0.032333943992853165,1.0,-3.0,success
1020,0.30441781878471375,-3.7857744693756104,-0.00024870503693819046,0.000676795607432723,0.0006548568489961326,0.0,-3.0,success
1021,0.30441799759864807,-3.7857744693756104,-0.00024881635908968747,6.582338755833916e-06,5.58793499294552e-06,0.0,0.0,success
1022,0.30441778898239136,-3.7857744693756104,-0.00024862063582986593,8.939266081142705e-06,6.519257567560999e-06,0.0,3.0,success
1023,0.30441829562187195,-3.7857744693756104,-0.00024843463324941695,1.686575160420034e-05,1.5832483768463135e-05,0.0,-3.0,success
1024,0.30455687642097473,-3.7847490310668945,-0.00024341953394468874,0.03233662620186806,0.03233624994754791,1.0,3.0,success
1025,0.3046952188014984,-3.7837021350860596,-0.00024396809749305248,0.0329999104142189,0.032999906688928604,1.0,3.0,success
1026,0.30469760298728943,-3.7836811542510986,-0.00024957957793958485,0.0006827738252468407,0.0006598707986995578,0.0,-3.0,success
1027,0.30483439564704895,-3.7826554775238037,-0.00024463958106935024,0.03233656659722328,0.032336197793483734,1.0,-3.0,success
1028,0.30497559905052185,-3.781608819961548,-0.000244970025960356,0.033004358410835266,0.03300435468554497,1.0,3.0,success
1029,0.3051147758960724,-3.780562162399292,-0.0002455048088449985,0.032995954155921936,0.03299594670534134,1.0,0.0,success
1030,0.3052543103694916,-3.779515266418457,-0.0002459463430568576,0.03300480917096138,0.03300480917096138,1.0,-3.0,success
1031,0.30539560317993164,-3.7784688472747803,-0.00024631491396576166,0.03299734741449356,0.03299734368920326,1.0,3.0,success
1032,0.3055351674556732,-3.7774221897125244,-0.00024659003247506917,0.03299754485487938,0.03299754485487938,1.0,-3.0,success
1033,0.3056764602661133,-3.7763755321502686,-0.0002468294696882367,0.03300473093986511,0.033004727214574814,1.0,3.0,success
1034,0.30581533908843994,-3.7753288745880127,-0.0002470115723554045,0.032994721084833145,0.032994721084833145,1.0,3.0,success
1035,0.3058169186115265,-3.7753076553344727,-0.00025203931727446616,0.0006832466460764408,0.0006649362621828914,0.0,3.0,success
1036,0.30595383048057556,-3.7742812633514404,-0.0002465954748913646,0.0323592908680439,0.03235884755849838,1.0,-3.0,success
1037,0.3060905933380127,-3.7732341289520264,-0.00024653636501170695,0.03300086408853531,0.03300086408853531,1.0,3.0,success
1038,0.3062249422073364,-3.772186756134033,-0.0002467626763973385,0.032998569309711456,0.032998569309711456,1.0,3.0,success
1039,0.30622634291648865,-3.7721657752990723,-0.0002518396358937025,0.0006759923417121172,0.0006571105914190412,0.0,3.0,success
1040,0.30622637271881104,-3.7721657752990723,-0.00025132286828011274,1.617581983737182e-05,9.313225177720597e-07,0.0,-3.0,success
1041,0.3062257766723633,-3.7721657752990723,-0.000250630168011412,2.855752427421976e-05,1.862645149230957e-05,0.0,3.0,success
1042,0.3063581883907318,-3.771138906478882,-0.0002451541949994862,0.03235578164458275,0.032355330884456635,1.0,-3.0,success
1043,0.3064905107021332,-3.7700910568237305,-0.00024536807904951274,0.033005356788635254,0.033005353063344955,1.0,3.0,success
1044,0.30662038922309875,-3.769043207168579,-0.00024582757032476366,0.03299587592482567,0.03299587219953537,1.0,3.0,success
1045,0.3066217303276062,-3.769021987915039,-0.0002510921040084213,0.0006844895542599261,0.0006644247332587838,0.0,3.0,success
1046,0.30662113428115845,-3.769021987915039,-0.00025073529104702175,2.170889638364315e-05,1.862645149230957e-05,0.0,3.0,success
1047,0.30662059783935547,-3.769021987915039,-0.00025015033315867186,2.4802844563964754e-05,1.6763806343078613e-05,0.0,3.0,success
1048,0.30673933029174805,-3.767993927001953,-0.0002447833539918065,0.0323408842086792,0.03234045207500458,1.0,3.0,success
1049,0.3067390024662018,-3.767993450164795,-0.00025003254995681345,0.00016503105871379375,1.8083013856085017e-05,0.0,0.0,success
1050,0.30685511231422424,-3.76696515083313,-0.0002449021558277309,0.0323389507830143,0.03233855217695236,1.0,3.0,success
1051,0.3069708049297333,-3.7659153938293457,-0.00024515899713151157,0.03300352767109871,0.03300352767109871,1.0,0.0,success
1052,0.30708691477775574,-3.7648658752441406,-0.0002456553920637816,0.032997556030750275,0.032997552305459976,1.0,-3.0,success
1053,0.30720487236976624,-3.7638163566589355,-0.0002460816176608205,0.033003952354192734,0.033003952354192734,1.0,3.0,success
1054,0.30732041597366333,-3.7627668380737305,-0.0002464136341586709,0.032995615154504776,0.03299561142921448,1.0,3.0,success
1055,0.30732133984565735,-3.7627456188201904,-0.0002515613450668752,0.0006829459453001618,0.0006637298502027988,0.0,3.0,success
1056,0.3074344992637634,-3.761716604232788,-0.0002462140400893986,0.032350990921258926,0.032350558787584305,1.0,-3.0,success
1057,0.30743664503097534,-3.761695623397827,-0.00025110162096098065,0.0006765377474948764,0.0006590710836462677,0.0,-3.0,success
1058,0.3074362277984619,-3.761695623397827,-0.000250739511102438,1.7264217603951693e-05,1.3038515135121997e-05,0.0,3.0,success
1059,0.3075524866580963,-3.760666847229004,-0.0002452564367558807,0.032354336231946945,0.03235388174653053,1.0,-3.0,success
1060,0.3075527548789978,-3.760666608810425,-0.0002504238800611347,0.00016187154687941074,1.1214608093723655e-05,0.0,0.0,success
1061,0.3075532615184784,-3.760666608810425,-0.0002500897680874914,1.8965283743455075e-05,1.5832483768463135e-05,0.0,-3.0,success
1062,0.3076707124710083,-3.759638547897339,-0.00024474351084791124,0.03233630955219269,0.032335881143808365,1.0,-3.0,success
1063,0.3077928125858307,-3.758589744567871,-0.0002450280881021172,0.03299646079540253,0.03299646079540253,1.0,-3.0,success
1064,0.3077957034111023,-3.75856876373291,-0.0002504371805116534,0.0006830899510532618,0.0006618453771807253,0.0,-3.0,success
1065,0.30792051553726196,-3.7575414180755615,-0.00024532689712941647,0.03234100341796875,0.03234061226248741,1.0,-3.0,success
1066,0.3080500364303589,-3.756493330001831,-0.00024550981470383704,0.03300189599394798,0.033001892268657684,1.0,-3.0,success
1067,0.30818119645118713,-3.7554454803466797,-0.0002459510287735611,0.033000823110342026,0.033000823110342026,1.0,3.0,success
1068,0.3083098232746124,-3.754397392272949,-0.00024630792904645205,0.03299847990274429,0.03299847990274429,1.0,3.0,success
1069,0.3083123564720154,-3.7543764114379883,-0.0002514654479455203,0.0006797952228225768,0.0006604127702303231,0.0,-3.0,success
1070,0.3083120286464691,-3.7543764114379883,-0.00025104472297243774,1.6667681848048232e-05,1.0244547411275562e-05,0.0,3.0,success
1071,0.30831173062324524,-3.7543764114379883,-0.00025039809406735003,2.225006028311327e-05,9.313225746154785e-06,0.0,3.0,success
1072,0.3084384799003601,-3.7533488273620605,-0.0002449684834573418,0.03235580772161484,0.03235536441206932,1.0,-3.0,success
1073,0.3084387481212616,-3.7533485889434814,-0.00025019331951625645,0.00016366080672014505,1.1214608093723655e-05,0.0,0.0,success
1074,0.30856335163116455,-3.752321243286133,-0.0002450310275889933,0.03234022483229637,0.03233982250094414,1.0,3.0,success
1075,0.308687299489975,-3.751272439956665,-0.0002452670887578279,0.03300318494439125,0.03300318494439125,1.0,3.0,success
1076,0.3088095486164093,-3.7502236366271973,-0.0002457365917507559,0.032997000962495804,0.032996997237205505,1.0,-3.0,success
1077,0.3089335262775421,-3.7491748332977295,-0.0002461462572682649,0.033003296703100204,0.033003292977809906,1.0,3.0,success
1078,0.3090554475784302,-3.7481257915496826,-0.00024646002566441894,0.03300321474671364,0.03300321474671364,1.0,0.0,success
1079,0.30905681848526,-3.7481048107147217,-0.00025160398217849433,0.0006764272111468017,0.0006570491823367774,0.0,3.0,success
1080,0.30917859077453613,-3.7470767498016357,-0.00024624812067486346,0.03235192224383354,0.03235149011015892,1.0,-3.0,success
1081,0.3093011975288391,-3.746027946472168,-0.00024624765501357615,0.03299829736351967,0.03299829736351967,1.0,-3.0,success
1082,0.3094255030155182,-3.7449791431427,-0.00024654134176671505,0.033004503697156906,0.03300449997186661,1.0,3.0,success
1083,0.3095480501651764,-3.7439303398132324,-0.0002467704762239009,0.03299807757139206,0.03299807757139206,1.0,-3.0,success
1084,0.309673011302948,-3.7428817749023438,-0.0002469635510351509,0.03299952298402786,0.03299952298402786,1.0,-3.0,success
1085,0.309800386428833,-3.741833448410034,-0.00024711855803616345,0.0330011360347271,0.0330011360347271,1.0,-3.0,success
1086,0.30993014574050903,-3.7407853603363037,-0.00024724265676923096,0.033002812415361404,0.033002812415361404,1.0,-3.0,success
1087,0.30992841720581055,-3.7407643795013428,-0.0002522362628951669,0.000676127034239471,0.0006578724714927375,0.0,3.0,success
1088,0.31005510687828064,-3.7397375106811523,-0.00024676433531567454,0.03233340010046959,0.032332949340343475,1.0,3.0,success
1089,0.31018179655075073,-3.7386889457702637,-0.00024664794909767807,0.033005956560373306,0.033005956560373306,1.0,-3.0,success
1090,0.31031087040901184,-3.737640857696533,-0.0002468509483151138,0.03300018608570099,0.03300018608570099,1.0,-3.0,success
1091,0.31044161319732666,-3.736593008041382,-0.0002470375329721719,0.03299921005964279,0.03299921005964279,1.0,3.0,success
1092,0.31044429540634155,-3.736572027206421,-0.00025204927078448236,0.0006792884087190032,0.0006609871052205563,0.0,-3.0,success
1093,0.31044408679008484,-3.736572027206421,-0.00025151154841296375,1.8024127712124027e-05,6.519257567560999e-06,0.0,3.0,success
1094,0.3105752170085907,-3.7355451583862305,-0.000245874427491799,0.03235071524977684,0.03235023468732834,1.0,-3.0,success
1095,0.3107062876224518,-3.734497308731079,-0.0002459445677231997,0.03300048038363457,0.03300048038363457,1.0,3.0,success
1096,0.3107081651687622,-3.734476327896118,-0.00025117117911577225,0.0006782315904274583,0.0006582711357623339,0.0,3.0,success
1097,0.3108370006084442,-3.7334489822387695,-0.0002459006500430405,0.03235643357038498,0.03235601633787155,1.0,-3.0,success
1098,0.31096574664115906,-3.73240065574646,-0.00024598019081167877,0.03300632908940315,0.03300632908940315,1.0,3.0,success
1099,0.3109682500362396,-3.732379674911499,-0.00025118939811363816,0.000680072233080864,0.0006603017682209611,0.0,-3.0,success
1100,0.31109556555747986,-3.7313528060913086,-0.00024592800764366984,0.03233576565980911,0.03233535215258598,1.0,-3.0,success
1101,0.311227023601532,-3.7303049564361572,-0.00024600030155852437,0.03300198167562485,0.03300198167562485,1.0,3.0,success
1102,0.31122875213623047,-3.7302839756011963,-0.0002512164937797934,0.000677766278386116,0.0006578724714927375,0.0,3.0,success
1103,0.3113580048084259,-3.7292566299438477,-0.00024593688431195915,0.03235805779695511,0.03235764056444168,1.0,-3.0,success
1104,0.31148794293403625,-3.7282087802886963,-0.00024599905009381473,0.032996103167533875,0.032996103167533875,1.0,-3.0,success
1105,0.3116195499897003,-3.727160930633545,-0.0002463425335008651,0.03300256282091141,0.03300256282091141,1.0,3.0,success
1106,0.3116222321987152,-3.727139949798584,-0.0002514929510653019,0.0006803006981499493,0.0006609871052205563,0.0,-3.0,success
1107,0.31175151467323303,-3.7261130809783936,-0.0002461829280946404,0.03234339877963066,0.032342974096536636,1.0,3.0,success
1108,0.31188035011291504,-3.725064992904663,-0.0002461935218889266,0.032999277114868164,0.032999277114868164,1.0,3.0,success
1109,0.31200748682022095,-3.7240166664123535,-0.0002464776625856757,0.03300023823976517,0.03300023823976517,1.0,-3.0,success
1110,0.312004953622818,-3.7239956855773926,-0.00025162388919852674,0.0006797116948291659,0.0006604127702303231,0.0,3.0,success
1111,0.3121342062950134,-3.722968339920044,-0.0002462617412675172,0.0323580726981163,0.03235764056444168,1.0,-3.0,success
1112,0.31213441491127014,-3.722968101501465,-0.00025124262901954353,0.0001559672673465684,9.9000944828731e-06,0.0,0.0,success
1113,0.31213459372520447,-3.722968101501465,-0.00025075016310438514,1.6372647223761305e-05,5.58793499294552e-06,0.0,0.0,success
1114,0.3122640550136566,-3.7219202518463135,-0.0002451764594297856,0.03299473598599434,0.03299427404999733,1.0,0.0,success
1115,0.31239384412765503,-3.720872163772583,-0.00024546190979890525,0.03300292789936066,0.03300292417407036,1.0,-3.0,success
1116,0.31239163875579834,-3.720851182937622,-0.0002508015022613108,0.0006800521514378488,0.000659263227134943,0.0,3.0,success
1117,0.31252342462539673,-3.7198243141174316,-0.0002456031215842813,0.0323532409965992,0.032352834939956665,1.0,-3.0,success
1118,0.3126557767391205,-3.7187767028808594,-0.0002457323716953397,0.03299808129668236,0.03299808129668236,1.0,-3.0,success
1119,0.31279054284095764,-3.717729330062866,-0.00024611951084807515,0.03300023078918457,0.03300023078918457,1.0,-3.0,success
1120,0.31292691826820374,-3.716682195663452,-0.00024645254597999156,0.032999299466609955,0.032999299466609955,1.0,3.0,success
1121,0.3130611181259155,-3.71563458442688,-0.00024670487619005144,0.03300536796450615,0.03300536796450615,1.0,0.0,success
1122,0.3131948411464691,-3.7145872116088867,-0.0002469168684910983,0.03299608826637268,0.03299608454108238,1.0,3.0,success
1123,0.3133260905742645,-3.7135393619537354,-0.0002470811305101961,0.03300116956233978,0.03300116956233978,1.0,3.0,success
1124,0.3134552538394928,-3.712491273880005,-0.00024720720830373466,0.03300052881240845,0.03300052881240845,1.0,0.0,success
1125,0.31345680356025696,-3.712470054626465,-0.0002522012509871274,0.0006829384947195649,0.0006648677517659962,0.0,3.0,success
1126,0.31358593702316284,-3.7114429473876953,-0.000246725685428828,0.03235023841261864,0.032349783927202225,1.0,-3.0,success
1127,0.31371575593948364,-3.710394859313965,-0.0002466298174113035,0.03300303965806961,0.03300303965806961,1.0,-3.0,success
1128,0.31371861696243286,-3.710373878479004,-0.00025171824381686747,0.000680556520819664,0.0006617189501412213,0.0,-3.0,success
1129,0.3137191832065582,-3.710374116897583,-0.0002512363425921649,2.440111893520225e-05,1.9199706002837047e-05,0.0,-3.0,success
1130,0.3138529658317566,-3.70934796333313,-0.00024567710352130234,0.03233914077281952,0.03233867511153221,1.0,3.0,success
1131,0.3139864206314087,-3.7083003520965576,-0.00024577416479587555,0.03300241753458977,0.03300241753458977,1.0,3.0,success
1132,0.31398871541023254,-3.7082793712615967,-0.00025102324434556067,0.0006796528468839824,0.0006595611339434981,0.0,-3.0,success
1133,0.31398847699165344,-3.7082793712615967,-0.00025068482500500977,1.2936558960063849e-05,7.450580142176477e-06,0.0,0.0,success
1134,0.3139882981777191,-3.7082791328430176,-0.00025011066463775933,2.0215584299876355e-05,9.313225746154785e-06,0.0,0.0,success
1135,0.31398850679397583,-3.7082793712615967,-0.00024963158648461103,1.794849413272459e-05,9.9000944828731e-06,0.0,-3.0,success
1136,0.3141246438026428,-3.7072322368621826,-0.0002442750264890492,0.032998763024806976,0.03299833461642265,1.0,0.0,success
1137,0.3142605125904083,-3.7061851024627686,-0.0002447507868055254,0.032997261732816696,0.0329972580075264,1.0,3.0,success
1138,0.31439468264579773,-3.7051377296447754,-0.00024532756651751697,0.03299786150455475,0.03299785777926445,1.0,-3.0,success
1139,0.3143947124481201,-3.705137252807617,-0.0002507928875274956,0.0001714426325634122,1.4930235920473933e-05,0.0,0.0,success
1140,0.31452831625938416,-3.704111099243164,-0.0002455262001603842,0.03233836963772774,0.03233795240521431,1.0,3.0,success
1141,0.31466227769851685,-3.703063726425171,-0.0002456538495607674,0.03299703076481819,0.03299703076481819,1.0,-3.0,success
1142,0.3147987127304077,-3.702016592025757,-0.00024605548242107034,0.032999541610479355,0.032999541610479355,1.0,-3.0,success
1143,0.31480154395103455,-3.701995611190796,-0.0002512729843147099,0.0006813886575400829,0.0006615936872549355,0.0,-3.0,success
1144,0.3149397075176239,-3.70097017288208,-0.0002460071991663426,0.03233492374420166,0.03233450651168823,1.0,3.0,success
1145,0.31507760286331177,-3.699923038482666,-0.0002460528921801597,0.03300546482205391,0.03300546482205391,1.0,3.0,success
1146,0.3150792717933655,-3.699902057647705,-0.0002512581704650074,0.0006775383953936398,0.000657722121104598,0.0,3.0,success
1147,0.3152100145816803,-3.6988754272460938,-0.00024598350864835083,0.03234173357486725,0.03234131261706352,1.0,3.0,success
1148,0.31534072756767273,-3.6978275775909424,-0.0002460283285472542,0.03299909457564354,0.03299909457564354,1.0,0.0,success
1149,0.3154718279838562,-3.696779727935791,-0.0002463508863002062,0.03300059586763382,0.03300059214234352,1.0,-3.0,success
1150,0.31560543179512024,-3.6957321166992188,-0.00024662722717039287,0.033003006130456924,0.033003006130456924,1.0,-3.0,success
1151,0.3157408535480499,-3.6946849822998047,-0.0002468595339450985,0.03299546241760254,0.03299546241760254,1.0,3.0,success
1152,0.31587448716163635,-3.6936373710632324,-0.0002470256295055151,0.033003125339746475,0.033003125339746475,1.0,-3.0,success
1153,0.3160102367401123,-3.6925899982452393,-0.0002471725456416607,0.033004168421030045,0.033004168421030045,1.0,0.0,success
1154,0.31601038575172424,-3.69258975982666,-0.0002522645518183708,0.0001593675697222352,8.786078979028389e-06,0.0,0.0,success
1155,0.31614425778388977,-3.691563606262207,-0.00024669241975061595,0.03233950585126877,0.03233903646469116,1.0,-3.0,success
1156,0.3162823021411896,-3.690516710281372,-0.0002466073783580214,0.03299868851900101,0.03299868479371071,1.0,3.0,success
1157,0.31628429889678955,-3.690495729446411,-0.0002517014218028635,0.0006775787915103137,0.0006586136296391487,0.0,3.0,success
1158,0.31641504168510437,-3.689469337463379,-0.00024633793509565294,0.032334357500076294,0.032333921641111374,1.0,3.0,success
1159,0.31654608249664307,-3.6884214878082275,-0.0002463067648932338,0.033000361174345016,0.033000361174345016,1.0,-3.0,success
1160,0.31667885184288025,-3.6873738765716553,-0.0002465881989337504,0.03299972042441368,0.03299972042441368,1.0,3.0,success
1161,0.31680989265441895,-3.686326026916504,-0.00024680778733454645,0.033000361174345016,0.033000361174345016,1.0,-3.0,success
1162,0.31681251525878906,-3.686305046081543,-0.00025187453138642013,0.0006794596556574106,0.0006607535178773105,0.0,-3.0,success
1163,0.3168122172355652,-3.686305046081543,-0.0002513721992727369,1.825265644583851e-05,9.313225746154785e-06,0.0,3.0,success
1164,0.3168119490146637,-3.686305046081543,-0.0002506599703337997,2.378312638029456e-05,8.381903171539307e-06,0.0,3.0,success
1165,0.31694310903549194,-3.6852574348449707,-0.0002450886822771281,0.03299389034509659,0.03299343213438988,1.0,0.0,success
1166,0.31707459688186646,-3.6842095851898193,-0.0002453908964525908,0.0330020971596241,0.0330020971596241,1.0,-3.0,success
1167,0.3170722723007202,-3.6841886043548584,-0.0002507448079995811,0.0006805496523156762,0.0006596630555577576,0.0,3.0,success
1168,0.3172058165073395,-3.683161735534668,-0.000245557603193447,0.03236028179526329,0.03235987573862076,1.0,-3.0,success
1169,0.3173398971557617,-3.682114362716675,-0.0002456960501149297,0.032997503876686096,0.032997503876686096,1.0,-3.0,success
1170,0.31747639179229736,-3.6810672283172607,-0.00024609046522527933,0.032999780029058456,0.032999780029058456,1.0,-3.0,success
1171,0.3176148533821106,-3.6800200939178467,-0.00024642443167977035,0.03300778567790985,0.03300778195261955,1.0,0.0,success
1172,0.3177535831928253,-3.6789731979370117,-0.0002466834266670048,0.03300149366259575,0.03300149366259575,1.0,-3.0,success
1173,0.31775423884391785,-3.6789731979370117,-0.000251877645496279,0.00016360735753551126,2.0489094822551124e-05,0.0,0.0,success
1174,0.31789228320121765,-3.677947759628296,-0.0002470913459546864,0.032334353774785995,0.03233400732278824,1.0,-3.0,success
1175,0.31803542375564575,-3.676901340484619,-0.00024690880673006177,0.03300512209534645,0.03300512209534645,1.0,-3.0,success
1176,0.31803789734840393,-3.6768805980682373,-0.0002519517147447914,0.0006715460331179202,0.0006527933292090893,0.0,3.0,success
1177,0.3181832432746887,-3.6758551597595215,-0.0002465246943756938,0.03236568346619606,0.03236524015665054,1.0,-3.0,success
1178,0.3183281719684601,-3.674809217453003,-0.0002464797580614686,0.0329979807138443,0.0329979807138443,1.0,3.0,success
1179,0.3184712827205658,-3.6737630367279053,-0.0002467074664309621,0.03299761191010475,0.03299761191010475,1.0,-3.0,success
1180,0.3184737265110016,-3.6737420558929443,-0.00025180517695844173,0.0006790346233174205,0.0006600836641155183,0.0,3.0,success
1181,0.3184737265110016,-3.6737420558929443,-0.0002513053477741778,1.561966200824827e-05,0.0,0.0,3.0,success
1182,0.3184736371040344,-3.6737420558929443,-0.0002506057790014893,2.2039337636670098e-05,2.79396749647276e-06,0.0,3.0,success
1183,0.31861332058906555,-3.6727161407470703,-0.00024513457901775837,0.03235609829425812,0.032355647534132004,1.0,-3.0,success
1184,0.3187536597251892,-3.6716697216033936,-0.00024535198463127017,0.0329933688044548,0.0329933688044548,1.0,3.0,success
1185,0.3188922107219696,-3.6706228256225586,-0.0002458047238178551,0.03300076350569725,0.03300075978040695,1.0,-3.0,success
1186,0.31903281807899475,-3.6695759296417236,-0.00024619544274173677,0.033009257167577744,0.033009253442287445,1.0,0.0,success
1187,0.3191737234592438,-3.668529510498047,-0.00024650010163895786,0.03299572691321373,0.03299572318792343,1.0,-3.0,success
1188,0.3191751539707184,-3.668508529663086,-0.00025164091493934393,0.0006765244179405272,0.000657173281069845,0.0,3.0,success
1189,0.3191751539707184,-3.668508529663086,-0.0002511734201107174,1.4609212485083845e-05,0.0,0.0,3.0,success
1190,0.31931519508361816,-3.667482614517212,-0.000245603354414925,0.03235762566328049,0.03235715627670288,1.0,-3.0,success
1191,0.31931567192077637,-3.667482376098633,-0.0002507018216419965,0.00016019574832171202,1.6660003893775865e-05,0.0,0.0,success
1192,0.31945356726646423,-3.666456937789917,-0.0002454378118272871,0.03233380988240242,0.032333385199308395,1.0,3.0,success
1193,0.31959110498428345,-3.665409803390503,-0.0002455922367516905,0.03300401195883751,0.03300400823354721,1.0,3.0,success
1194,0.31959280371665955,-3.665388822555542,-0.00025088965776376426,0.0006783077260479331,0.0006577966269105673,0.0,3.0,success
1195,0.3197231888771057,-3.6643621921539307,-0.00024568854132667184,0.032340310513973236,0.032339900732040405,1.0,3.0,success
1196,0.3198530972003937,-3.6633141040802,-0.0002457977388985455,0.03300338238477707,0.03300338238477707,1.0,3.0,success
1197,0.31985512375831604,-3.6632931232452393,-0.0002510427439119667,0.0006787888705730438,0.0006587025127373636,0.0,-3.0,success
1198,0.31998297572135925,-3.662266254425049,-0.00024582212790846825,0.03233782947063446,0.03233741596341133,1.0,3.0,success
1199,0.32011115550994873,-3.6612181663513184,-0.0002458946837577969,0.032996781170368195,0.032996781170368195,1.0,-3.0,success
1200,0.32024115324020386,-3.660170078277588,-0.00024625883088447154,0.033003728836774826,0.033003728836774826,1.0,3.0,success
1201,0.3202432692050934,-3.660149097442627,-0.00025142583763226867,0.0006784709985367954,0.0006589770200662315,0.0,-3.0,success
1202,0.32037121057510376,-3.6591222286224365,-0.00024612934794276953,0.032338183373212814,0.03233776241540909,1.0,3.0,success
1203,0.3203732371330261,-3.6591012477874756,-0.0002510222839191556,0.000676216499414295,0.0006587025127373636,0.0,-3.0,success
1204,0.32037246227264404,-3.6591010093688965,-0.0002506757155060768,2.7552534447750077e-05,2.5334713427582756e-05,0.0,3.0,success
1205,0.32037216424942017,-3.6591010093688965,-0.0002500972186680883,2.0335957742645405e-05,9.313225746154785e-06,0.0,0.0,success
1206,0.32037225365638733,-3.6591010093688965,-0.00024962046882137656,1.5158149835770018e-05,2.79396749647276e-06,0.0,-3.0,success
1207,0.3203723430633545,-3.6591010093688965,-0.00024924270110204816,1.2131363291700836e-05,2.79396749647276e-06,0.0,-3.0,success
1208,0.3203718066215515,-3.6591010093688965,-0.00024895142996683717,1.907552359625697e-05,1.6763806343078613e-05,0.0,3.0,success
1209,0.3203713595867157,-3.6591010093688965,-0.0002487085876055062,1.589800558576826e-05,1.3969837709737476e-05,0.0,3.0,success
1210,0.3204973638057709,-3.658073663711548,-0.00024362899421248585,0.03234551101922989,0.03234512358903885,1.0,3.0,success
1211,0.32062283158302307,-3.6570253372192383,-0.00024413521168753505,0.03299400210380554,0.032993998378515244,1.0,3.0,success
1212,0.32074588537216187,-3.6559762954711914,-0.0002448413288220763,0.03300732374191284,0.03300732001662254,1.0,3.0,success
1213,0.32074683904647827,-3.6559553146362305,-0.0002503038849681616,0.0006781641859561205,0.0006563279894180596,0.0,3.0,success
1214,0.3207460343837738,-3.6559550762176514,-0.00025010513490997255,2.6951689505949616e-05,2.6226280169794336e-05,0.0,3.0,success
1215,0.3207460045814514,-3.6559550762176514,-0.00024963609757833183,1.4686973372590728e-05,9.313225177720597e-07,0.0,-3.0,success
1216,0.3208632171154022,-3.6549270153045654,-0.0002443700795993209,0.03233545646071434,0.03233503922820091,1.0,-3.0,success
1217,0.32098519802093506,-3.6538779735565186,-0.00024472858058288693,0.03300343453884125,0.03300343081355095,1.0,-3.0,success
1218,0.3211096525192261,-3.65282940864563,-0.0002453156339470297,0.03299765661358833,0.032997649163007736,1.0,-3.0,success
1219,0.32123616337776184,-3.651780843734741,-0.0002458047529216856,0.03300528973340988,0.03300528600811958,1.0,0.0,success
1220,0.3212381899356842,-3.6517598628997803,-0.00025108022964559495,0.0006790193729102612,0.0006587025127373636,0.0,3.0,success
1221,0.3212381601333618,-3.6517598628997803,-0.00025072559947147965,1.112125664803898e-05,9.313225177720597e-07,0.0,3.0,success
1222,0.32123804092407227,-3.6517598628997803,-0.0002501421549823135,1.860932206909638e-05,3.7252900710882386e-06,0.0,3.0,success
1223,0.32123854756355286,-3.6517598628997803,-0.0002496513188816607,2.2044070647098124e-05,1.5832483768463135e-05,0.0,-3.0,success
1224,0.32123899459838867,-3.6517601013183594,-0.0002492674102541059,1.9864515707013197e-05,1.5832483768463135e-05,0.0,-3.0,success
1225,0.3213602602481842,-3.6507322788238525,-0.00024408637546002865,0.032342635095119476,0.032342229038476944,1.0,3.0,success
1226,0.3214816451072693,-3.6496832370758057,-0.0002444912970531732,0.033001285046339035,0.03300128132104874,1.0,-3.0,success
1227,0.32160547375679016,-3.648634433746338,-0.00024512529489584267,0.03300275653600693,0.03300274908542633,1.0,-3.0,success
1228,0.3217310309410095,-3.6475861072540283,-0.00024565766216255724,0.032994333654642105,0.03299432992935181,1.0,3.0,success
1229,0.3218540847301483,-3.6465373039245605,-0.0002460743417032063,0.0329999215900898,0.0329999178647995,1.0,3.0,success
1230,0.3219746947288513,-3.6454880237579346,-0.0002464073186274618,0.03300591558218002,0.033005911856889725,1.0,3.0,success
1231,0.3219759166240692,-3.6454670429229736,-0.0002515562518965453,0.0006761852419003844,0.0006567619857378304,0.0,3.0,success
1232,0.3220897316932678,-3.6444385051727295,-0.0002462229167576879,0.032338421791791916,0.03233799338340759,1.0,3.0,success
1233,0.32220354676246643,-3.643388509750366,-0.00024621468037366867,0.033004555851221085,0.033004555851221085,1.0,-3.0,success
1234,0.3223191499710083,-3.642338991165161,-0.0002465146826580167,0.03299582004547119,0.03299581632018089,1.0,3.0,success
1235,0.32243308424949646,-3.641288995742798,-0.0002467489102855325,0.03300496190786362,0.03300496190786362,1.0,-3.0,success
1236,0.3225488066673279,-3.6402394771575928,-0.0002469565952196717,0.032996226102113724,0.032996222376823425,1.0,3.0,success
1237,0.3226621150970459,-3.6391894817352295,-0.0002471133484505117,0.03300285339355469,0.03300285339355469,1.0,3.0,success
1238,0.32266172766685486,-3.6391890048980713,-0.0002522113500162959,0.00016046530799940228,1.9199706002837047e-05,0.0,0.0,success
1239,0.3227708637714386,-3.638159990310669,-0.0002466609876137227,0.03233752399682999,0.03233705833554268,1.0,3.0,success
1240,0.32277169823646545,-3.638139009475708,-0.0002514543302822858,0.0006730497698299587,0.0006561694317497313,0.0,3.0,success
1241,0.3227713108062744,-3.638138771057129,-0.00025100496714003384,1.9982237063231878e-05,1.4216021554602776e-05,0.0,0.0,success
1242,0.3227706253528595,-3.638138771057129,-0.00025037091108970344,2.9179424018366262e-05,2.1420417397166602e-05,0.0,3.0,success
1243,0.32277071475982666,-3.638138771057129,-0.00024983423645608127,1.700221764622256e-05,2.79396749647276e-06,0.0,-3.0,success
1244,0.3227701187133789,-3.638138771057129,-0.00024942413438111544,2.260943438159302e-05,1.862645149230957e-05,0.0,3.0,success
1245,0.32276996970176697,-3.638138771057129,-0.00024908146588131785,1.1677057045744732e-05,4.656612873077393e-06,0.0,0.0,success
1246,0.32287299633026123,-3.6371090412139893,-0.0002439217350911349,0.032340120524168015,0.03233971819281578,1.0,-3.0,success
1247,0.3229804039001465,-3.6360585689544678,-0.0002443699340801686,0.03299840912222862,0.032998405396938324,1.0,-3.0,success
1248,0.3230895400047302,-3.6350080966949463,-0.0002450389147270471,0.033003948628902435,0.03300394490361214,1.0,3.0,success
1249,0.32309168577194214,-3.6349871158599854,-0.0002504507720004767,0.0006804236909374595,0.0006590710836462677,0.0,-3.0,success
1250,0.32320109009742737,-3.633937120437622,-0.0002452466287650168,0.03299039229750633,0.0329899899661541,1.0,0.0,success
1251,0.323310911655426,-3.6328866481781006,-0.0002455331268720329,0.03300616517663002,0.03300616517663002,1.0,-3.0,success
1252,0.3234231472015381,-3.6318366527557373,-0.0002459637471474707,0.032999277114868164,0.032999277114868164,1.0,-3.0,success
1253,0.3235374689102173,-3.630786895751953,-0.00024632326676510274,0.032998863607645035,0.032998859882354736,1.0,0.0,success
1254,0.32365137338638306,-3.629737138748169,-0.0002466120640747249,0.03299745172262192,0.03299745172262192,1.0,3.0,success
1255,0.3236514627933502,-3.6297366619110107,-0.0002518107939977199,0.00016316617256961763,1.5160831935645547e-05,0.0,0.0,success
1256,0.32365116477012634,-3.6297366619110107,-0.00025122385704889894,2.057078199868556e-05,9.313225746154785e-06,0.0,3.0,success
1257,0.32375848293304443,-3.6287076473236084,-0.00024565294734202325,0.03233158215880394,0.032331112772226334,1.0,3.0,success
1258,0.3238655626773834,-3.627656936645508,-0.00024574410053901374,0.033004775643348694,0.033004775643348694,1.0,-3.0,success
1259,0.3239751160144806,-3.6266067028045654,-0.0002461270778439939,0.03299788385629654,0.03299788013100624,1.0,-3.0,success
1260,0.32408711314201355,-3.625556707382202,-0.00024644864606671035,0.03299848362803459,0.03299848362803459,1.0,-3.0,success
1261,0.3240896463394165,-3.625535726547241,-0.0002515880623832345,0.0006796613452024758,0.0006604127702303231,0.0,-3.0,success
1262,0.3242047131061554,-3.624507188796997,-0.000246248411713168,0.03234274685382843,0.03234231844544411,1.0,-3.0,success
1263,0.32420745491981506,-3.624486207962036,-0.00025112833827733994,0.0006785832229070365,0.0006612258730456233,0.0,-3.0,success
1264,0.32420751452445984,-3.624486207962036,-0.00025076066958718,1.163964861916611e-05,1.8626450355441193e-06,0.0,3.0,success
1265,0.32420822978019714,-3.6244864463806152,-0.0002501605194993317,3.011394801433198e-05,2.3560804038424976e-05,0.0,-3.0,success
1266,0.3243280351161957,-3.6234586238861084,-0.0002447901642881334,0.03233734890818596,0.03233691677451134,1.0,-3.0,success
1267,0.3243308663368225,-3.6234376430511475,-0.0002499471011105925,0.0006809383048675954,0.0006615936872549355,0.0,-3.0,success
1268,0.3244548439979553,-3.6224100589752197,-0.0002449309977237135,0.032345253974199295,0.03234487026929855,1.0,3.0,success
1269,0.3245789110660553,-3.621361494064331,-0.00024518161080777645,0.032996226102113724,0.032996226102113724,1.0,-3.0,success
1270,0.32470467686653137,-3.6203129291534424,-0.00024568833759985864,0.03300251066684723,0.03300250694155693,1.0,3.0,success
1271,0.32470637559890747,-3.6202919483184814,-0.0002509809855837375,0.0006782713462598622,0.0006577966269105673,0.0,3.0,success
1272,0.3247060477733612,-3.6202919483184814,-0.00025064617511816323,1.4643138456449378e-05,1.0244547411275562e-05,0.0,3.0,success
1273,0.3248226046562195,-3.6192636489868164,-0.00024519464932382107,0.03234057500958443,0.03234012424945831,1.0,3.0,success
1274,0.32493916153907776,-3.6182141304016113,-0.0002453777997288853,0.03299909457564354,0.03299909457564354,1.0,-3.0,success
1275,0.3250581622123718,-3.6171648502349854,-0.0002458341477904469,0.03300020843744278,0.03300020471215248,1.0,-3.0,success
1276,0.32517892122268677,-3.6161155700683594,-0.0002462245465721935,0.033006444573402405,0.033006440848112106,1.0,3.0,success
1277,0.32529792189598083,-3.6150662899017334,-0.000246517825871706,0.03300020471215248,0.03300020471215248,1.0,-3.0,success
1278,0.3252958357334137,-3.6150453090667725,-0.0002516562817618251,0.0006781690753996372,0.0006588841788470745,0.0,3.0,success
1279,0.32541659474372864,-3.6140170097351074,-0.00024628848768770695,0.03235561400651932,0.0323551781475544,1.0,-3.0,success
1280,0.3255382180213928,-3.6129682064056396,-0.00024628001847304404,0.03299473971128464,0.03299473971128464,1.0,-3.0,success
1281,0.32566219568252563,-3.611919403076172,-0.00024655740708112717,0.033003296703100204,0.033003292977809906,1.0,-3.0,success
1282,0.32578787207603455,-3.610870838165283,-0.00024680275237187743,0.03300217539072037,0.03300217166543007,1.0,3.0,success
1283,0.3259109556674957,-3.6098220348358154,-0.00024698980269022286,0.03300002962350845,0.03300002962350845,1.0,3.0,success
1284,0.32603153586387634,-3.6087729930877686,-0.00024713922175578773,0.032998405396938324,0.032998405396938324,1.0,3.0,success
1285,0.3261496424674988,-3.6077237129211426,-0.0002472588967066258,0.032997068017721176,0.032997068017721176,1.0,3.0,success
1286,0.32626602053642273,-3.6066739559173584,-0.0002473443455528468,0.03300588205456734,0.03300588205456734,1.0,-3.0,success
1287,0.3262682259082794,-3.6066529750823975,-0.0002523031726013869,0.000677230826113373,0.000659263227134943,0.0,-3.0,success
1288,0.3262677788734436,-3.6066529750823975,-0.00025171515881083906,2.3082739062374458e-05,1.3969837709737476e-05,0.0,3.0,success
1289,0.3263888955116272,-3.6056249141693115,-0.0002460376126691699,0.03234957158565521,0.032349083572626114,1.0,-3.0,success
1290,0.32651081681251526,-3.6045758724212646,-0.0002460646501276642,0.03300321474671364,0.03300321474671364,1.0,-3.0,success
1291,0.3265112340450287,-3.6045756340026855,-0.0002513677754905075,0.00016640167450532317,1.501712449680781e-05,0.0,0.0,success
1292,0.3266335129737854,-3.603548049926758,-0.0002459745155647397,0.03233899548649788,0.03233855590224266,1.0,-3.0,success
1293,0.3267601430416107,-3.602499485015869,-0.0002460280666127801,0.0330057330429554,0.0330057330429554,1.0,0.0,success
1294,0.32688629627227783,-3.6014511585235596,-0.0002463611017446965,0.03299655392765999,0.03299655020236969,1.0,3.0,success
1295,0.3268880546092987,-3.6014301776885986,-0.000251518446020782,0.0006774011999368668,0.000657949538435787,0.0,3.0,success
1296,0.3270071744918823,-3.6004021167755127,-0.00024619224132038653,0.03234227001667023,0.0323418453335762,1.0,3.0,success
1297,0.32712554931640625,-3.5993528366088867,-0.00024620041949674487,0.03299800679087639,0.03299800679087639,1.0,3.0,success
1298,0.3272415101528168,-3.5983030796051025,-0.00024649352417327464,0.03300444781780243,0.03300444409251213,1.0,3.0,success
1299,0.3273550570011139,-3.5972533226013184,-0.0002467420417815447,0.03299625217914581,0.032996248453855515,1.0,3.0,success
1300,0.3273557424545288,-3.5972321033477783,-0.0002518239780329168,0.0006821901188232005,0.0006634475430473685,0.0,3.0,success
1301,0.3274628818035126,-3.596202850341797,-0.00024643726646900177,0.03233838081359863,0.03233794495463371,1.0,3.0,success
1302,0.32746225595474243,-3.5962023735046387,-0.000251370103796944,0.00015609974798280746,2.4587619918747805e-05,0.0,0.0,success
1303,0.32756686210632324,-3.595172882080078,-0.00024597326410003006,0.032337699085474014,0.0323372557759285,1.0,3.0,success
1304,0.32767054438591003,-3.5941219329833984,-0.0002460211399011314,0.03300159424543381,0.03300159424543381,1.0,3.0,success
1305,0.3277725875377655,-3.5930709838867188,-0.0002463393029756844,0.032996609807014465,0.032996609807014465,1.0,-3.0,success
1306,0.3278771936893463,-3.592020034790039,-0.0002466173900756985,0.03300444409251213,0.03300444409251213,1.0,-3.0,success
1307,0.32798367738723755,-3.5909695625305176,-0.00024685179232619703,0.03299548104405403,0.03299548104405403,1.0,3.0,success
1308,0.3280884325504303,-3.589918851852417,-0.000247019313974306,0.0329974889755249,0.0329974889755249,1.0,-3.0,success
1309,0.3281956911087036,-3.5888681411743164,-0.00024716235930100083,0.03300534188747406,0.03300534188747406,1.0,-3.0,success
1310,0.3283047080039978,-3.587817907333374,-0.0002472875057719648,0.032996147871017456,0.032996147871017456,1.0,3.0,success
1311,0.3284119665622711,-3.5867671966552734,-0.0002473678905516863,0.03300534188747406,0.03300534188747406,1.0,-3.0,success
1312,0.3285209536552429,-3.585716962814331,-0.000247451476752758,0.032996051013469696,0.032996051013469696,1.0,3.0,success
1313,0.32862818241119385,-3.5846664905548096,-0.0002474989742040634,0.03299783915281296,0.03299783915281296,1.0,-3.0,success
1314,0.32873785495758057,-3.583616018295288,-0.00024754609330557287,0.03300568088889122,0.03300568088889122,1.0,-3.0,success
1315,0.32873615622520447,-3.583595037460327,-0.0002524782030377537,0.0006756122456863523,0.0006577966269105673,0.0,3.0,success
1316,0.32884734869003296,-3.5825657844543457,-0.0002469468745402992,0.032351765781641006,0.032351303845644,1.0,-3.0,success
1317,0.32895955443382263,-3.5815157890319824,-0.00024680630303919315,0.032999176532030106,0.032999176532030106,1.0,-3.0,success
1318,0.32907381653785706,-3.5804660320281982,-0.0002469829632900655,0.03299865871667862,0.03299865871667862,1.0,0.0,success
1319,0.32918763160705566,-3.579416036605835,-0.00024713881430216134,0.03300455957651138,0.033004555851221085,1.0,3.0,success
1320,0.3291899859905243,-3.579395055770874,-0.00025212991749867797,0.0006779519026167691,0.0006597662577405572,0.0,-3.0,success
1321,0.3293025493621826,-3.57836651802063,-0.0002466814185027033,0.032334160059690475,0.03233371302485466,1.0,-3.0,success
1322,0.32930219173431396,-3.57836651802063,-0.0002477686502970755,3.576685776351951e-05,1.117586998589104e-05,0.0,3.0,success
1323,0.32941412925720215,-3.5773377418518066,-0.00024287914857268333,0.03233936056494713,0.03233899548649788,1.0,3.0,success
1324,0.3295259475708008,-3.5762877464294434,-0.00024352507898584008,0.03299789875745773,0.032997891306877136,1.0,-3.0,success
1325,0.3296402096748352,-3.575237989425659,-0.000244352500885725,0.032998669892549515,0.03299865871667862,1.0,-3.0,success
1326,0.3297569453716278,-3.574188470840454,-0.00024502954329364,0.03299971669912338,0.032999709248542786,1.0,-3.0,success
1327,0.3297595977783203,-3.574167490005493,-0.0002504537987988442,0.0006822621799074113,0.0006608696421608329,0.0,-3.0,success
1328,0.3298792541027069,-3.5731396675109863,-0.0002453407214488834,0.0323367714881897,0.03233637288212776,1.0,-3.0,success
1329,0.3300034999847412,-3.5720908641815186,-0.00024552084505558014,0.033004280179739,0.033004280179739,1.0,-3.0,success
1330,0.33013010025024414,-3.571042537689209,-0.0002459503011777997,0.032998226583004,0.0329982228577137,1.0,-3.0,success
1331,0.3301284909248352,-3.571021556854248,-0.00025120237842202187,0.0006777502130717039,0.0006575770094059408,0.0,3.0,success
1332,0.3302520513534546,-3.5699942111968994,-0.0002459371171426028,0.03233633190393448,0.03233591467142105,1.0,3.0,success
1333,0.3303748369216919,-3.5689451694488525,-0.00024599593598395586,0.033006343990564346,0.033006343990564346,1.0,3.0,success
1334,0.33049511909484863,-3.5678961277008057,-0.0002463296987116337,0.03299734368920326,0.032997339963912964,1.0,3.0,success
1335,0.3306136429309845,-3.5668468475341797,-0.0002466005680616945,0.03299852833151817,0.03299852833151817,1.0,-3.0,success
1336,0.33073392510414124,-3.5657975673675537,-0.0002468378806952387,0.03300474211573601,0.03300474211573601,1.0,3.0,success
1337,0.3308525085449219,-3.5647482872009277,-0.00024700822541490197,0.032998740673065186,0.032998740673065186,1.0,-3.0,success
1338,0.3308502733707428,-3.564727306365967,-0.0002520483685657382,0.0006779122049920261,0.0006593612488359213,0.0,3.0,success
1339,0.3309706747531891,-3.5636990070343018,-0.00024660213966853917,0.03235432133078575,0.032353874295949936,1.0,-3.0,success
1340,0.3310912251472473,-3.562649965286255,-0.0002465408470015973,0.03299829736351967,0.03299829736351967,1.0,3.0,success
1341,0.3310912549495697,-3.562649726867676,-0.00025173946050927043,0.00016263009456451982,7.508562248403905e-06,0.0,0.0,success
1342,0.33120810985565186,-3.5616214275360107,-0.00024627134553156793,0.03234162554144859,0.03234117478132248,1.0,-3.0,success
1343,0.3312060534954071,-3.56160044670105,-0.0002511555212549865,0.0006762424600310624,0.0006587926764041185,0.0,3.0,success
1344,0.33120661973953247,-3.56160044670105,-0.00025075970916077495,2.1589648895314895e-05,1.7695128917694092e-05,0.0,-3.0,success
1345,0.3313250243663788,-3.560572385787964,-0.0002452945336699486,0.03233972564339638,0.032339274883270264,1.0,3.0,success
1346,0.3313272297382355,-3.560551404953003,-0.0002503402647562325,0.0006778574315831065,0.000659263227134943,0.0,-3.0,success
1347,0.33144620060920715,-3.559523344039917,-0.0002452337939757854,0.03234170377254486,0.032341305166482925,1.0,-3.0,success
1348,0.3314463794231415,-3.559523105621338,-0.0002504183503333479,0.0001622848358238116,9.313225746154785e-06,0.0,0.0,success
1349,0.3315672278404236,-3.558495283126831,-0.00024521182058379054,0.032341115176677704,0.032340701669454575,1.0,3.0,success
1350,0.33156871795654297,-3.55847430229187,-0.00025029495009221137,0.0006762243574485183,0.0006573026184923947,0.0,3.0,success
1351,0.33156895637512207,-3.55847430229187,-0.00025007271324284375,1.0185421160713304e-05,7.450580142176477e-06,0.0,-3.0,success
1352,0.33168771862983704,-3.557446241378784,-0.0002447335282340646,0.032340988516807556,0.032340556383132935,1.0,-3.0,success
1353,0.33169025182724,-3.5574252605438232,-0.00024990231031551957,0.0006798787508159876,0.0006604127702303231,0.0,-3.0,success
1354,0.3318132758140564,-3.5563979148864746,-0.00024489531642757356,0.03233429417014122,0.032333917915821075,1.0,3.0,success
1355,0.33193641901016235,-3.555349111557007,-0.000245152972638607,0.033000245690345764,0.033000241965055466,1.0,-3.0,success
1356,0.33193889260292053,-3.555328130722046,-0.00025053700665012,0.0006812943029217422,0.0006601920467801392,0.0,-3.0,success
1357,0.33206409215927124,-3.5543007850646973,-0.00024541778839193285,0.032342467457056046,0.03234206885099411,1.0,3.0,success
1358,0.3321894407272339,-3.5532522201538086,-0.00024557154392823577,0.03300095722079277,0.03300095722079277,1.0,-3.0,success
1359,0.3323172330856323,-3.552203893661499,-0.00024598996969871223,0.033002711832523346,0.03300270810723305,1.0,-3.0,success
1360,0.33244749903678894,-3.5511560440063477,-0.00024633912835270166,0.03299736976623535,0.03299736604094505,1.0,-3.0,success
1361,0.3325798213481903,-3.5501081943511963,-0.0002466239966452122,0.033005356788635254,0.033005353063344955,1.0,0.0,success
1362,0.33258265256881714,-3.5500872135162354,-0.000251724268309772,0.0006805213633924723,0.0006615936872549355,0.0,-3.0,success
1363,0.3327155113220215,-3.5490610599517822,-0.000246357056312263,0.03233538940548897,0.03233495354652405,1.0,-3.0,success
1364,0.33285245299339294,-3.548013925552368,-0.0002463434066157788,0.03300158679485321,0.03300158679485321,1.0,3.0,success
1365,0.33298689126968384,-3.546966552734375,-0.00024660793133080006,0.03299892693758011,0.03299892693758011,1.0,3.0,success
1366,0.3331195116043091,-3.5459189414978027,-0.00024682318326085806,0.032999131828546524,0.032999131828546524,1.0,-3.0,success
1367,0.3332546055316925,-3.5448715686798096,-0.00024700560607016087,0.03300153836607933,0.03300153836607933,1.0,-3.0,success
1368,0.3332575261592865,-3.5448505878448486,-0.00025203326367773116,0.0006803626311011612,0.0006619731429964304,0.0,-3.0,success
1369,0.33325743675231934,-3.5448505878448486,-0.00025149909197352827,1.6925070667639375e-05,2.79396749647276e-06,0.0,3.0,success
1370,0.3333972692489624,-3.5438246726989746,-0.00024586415383964777,0.03235675394535065,0.032356277108192444,1.0,-3.0,success
1371,0.3334004282951355,-3.5438039302825928,-0.00025080860359594226,0.0006736349896527827,0.0006556748994626105,0.0,-3.0,success
1372,0.3335399925708771,-3.542778491973877,-0.00024562038015574217,0.03234078735113144,0.03234037756919861,1.0,3.0,success
1373,0.3336796164512634,-3.541731595993042,-0.00024573769769631326,0.03300517424941063,0.03300517424941063,1.0,0.0,success
1374,0.3336816430091858,-3.541710615158081,-0.00025101169012486935,0.0006790081388317049,0.0006587025127373636,0.0,3.0,success
1375,0.3338213562965393,-3.540684700012207,-0.00024577282601967454,0.03235618397593498,0.03235577046871185,1.0,-3.0,success
1376,0.33396080136299133,-3.539637804031372,-0.00024587841471657157,0.033004436641931534,0.033004436641931534,1.0,3.0,success
1377,0.3340984880924225,-3.538590908050537,-0.00024622646742500365,0.03299723193049431,0.03299722820520401,1.0,-3.0,success
1378,0.33423861861228943,-3.5375442504882812,-0.0002465277793817222,0.03299988806247711,0.03299988806247711,1.0,-3.0,success
1379,0.3343811333179474,-3.5364978313446045,-0.0002467700105626136,0.03300247713923454,0.03300247713923454,1.0,-3.0,success
1380,0.3343835175037384,-3.5364768505096436,-0.00025185628328472376,0.0006787439342588186,0.0006598707986995578,0.0,3.0,success
1381,0.3345227539539337,-3.5354514122009277,-0.0002464625285938382,0.032339438796043396,0.03233899921178818,1.0,3.0,success
1382,0.3346623182296753,-3.534404754638672,-0.0002464066492393613,0.03299754485487938,0.03299754485487938,1.0,-3.0,success
1383,0.3348035514354706,-3.533358097076416,-0.00024666794342920184,0.033004481345415115,0.033004481345415115,1.0,3.0,success
1384,0.33480557799339294,-3.533337116241455,-0.0002517640241421759,0.0006776801310479641,0.0006587025127373636,0.0,3.0,success
1385,0.33480527997016907,-3.533337116241455,-0.0002512723731342703,1.7966398445423692e-05,9.313225746154785e-06,0.0,3.0,success
1386,0.3348049819469452,-3.533337116241455,-0.0002505796728655696,2.3565306037198752e-05,9.313225746154785e-06,0.0,3.0,success
1387,0.3349345326423645,-3.5323104858398438,-0.00024512672098353505,0.03233707696199417,0.03233662620186806,1.0,3.0,success
1388,0.33506396412849426,-3.5312623977661133,-0.0002453276829328388,0.03300155699253082,0.03300155699253082,1.0,0.0,success
1389,0.3350655138492584,-3.5312411785125732,-0.00025068328250199556,0.0006856087129563093,0.0006648677517659962,0.0,3.0,success
1390,0.3351949453353882,-3.5302140712738037,-0.00024551039678044617,0.03235135227441788,0.032350946217775345,1.0,-3.0,success
1391,0.3353250324726105,-3.5291659832000732,-0.00024565792409703135,0.033004071563482285,0.033004067838191986,1.0,-3.0,success
1392,0.3353253901004791,-3.5291662216186523,-0.00024692577426321805,4.1835159208858386e-05,1.3431724255497102e-05,0.0,-3.0,success
1393,0.3353250026702881,-3.5291662216186523,-0.00024709993158467114,1.3274185221234802e-05,1.2107192560506519e-05,0.0,3.0,success
1394,0.33545684814453125,-3.52811861038208,-0.00024223950458690524,0.03299644961953163,0.032996099442243576,1.0,0.0,success
1395,0.33558908104896545,-3.527070999145508,-0.00024311241577379405,0.03299762308597565,0.03299761191010475,1.0,-3.0,success
1396,0.33572375774383545,-3.5260236263275146,-0.00024402712006121874,0.03299988433718681,0.03299987316131592,1.0,-3.0,success
1397,0.33586013317108154,-3.5249764919281006,-0.00024477962870150805,0.03299930691719055,0.032999299466609955,1.0,3.0,success
1398,0.33599475026130676,-3.5239291191101074,-0.0002453623746987432,0.03299964219331741,0.032999638468027115,1.0,-3.0,success
1399,0.3361317217350006,-3.5228819847106934,-0.00024583758204244077,0.03300171345472336,0.03300170972943306,1.0,-3.0,success
1400,0.33627039194107056,-3.5218350887298584,-0.0002462279226165265,0.03300125151872635,0.03300125151872635,1.0,3.0,success
1401,0.3364065885543823,-3.5207879543304443,-0.0002465302823111415,0.03299858048558235,0.03299857676029205,1.0,3.0,success
1402,0.3364091217517853,-3.5207669734954834,-0.00025164324324578047,0.0006794664659537375,0.0006604127702303231,0.0,-3.0,success
1403,0.3365436792373657,-3.5197410583496094,-0.00024629171821288764,0.03233485668897629,0.032334428280591965,1.0,-3.0,success
1404,0.33668258786201477,-3.5186941623687744,-0.0002462911943439394,0.033002227544784546,0.033002227544784546,1.0,3.0,success
1405,0.33681902289390564,-3.5176470279693604,-0.00024656637106090784,0.032999541610479355,0.032999541610479355,1.0,3.0,success
1406,0.3369530141353607,-3.516599416732788,-0.00024680010392330587,0.03300453722476959,0.03300453722476959,1.0,3.0,success
1407,0.3370845913887024,-3.515551805496216,-0.00024698785273358226,0.03299505636096001,0.03299505636096001,1.0,3.0,success
1408,0.33721449971199036,-3.5145037174224854,-0.0002471274638082832,0.03300338611006737,0.03300338238477707,1.0,-3.0,success
1409,0.33734622597694397,-3.513456106185913,-0.00024725942057557404,0.03299563378095627,0.03299563378095627,1.0,3.0,success
1410,0.33747559785842896,-3.5124080181121826,-0.000247355637839064,0.03300132602453232,0.03300132602453232,1.0,3.0,success
1411,0.33747756481170654,-3.5123870372772217,-0.0002523028233554214,0.0006764300051145256,0.0006585260271094739,0.0,-3.0,success
1412,0.33760568499565125,-3.5113601684570312,-0.0002468190505169332,0.032338906079530716,0.0323384553194046,1.0,-3.0,success
1413,0.33773842453956604,-3.51031231880188,-0.0002467076701577753,0.03300699219107628,0.03300699219107628,1.0,0.0,success
1414,0.33787083625793457,-3.5092647075653076,-0.00024690511054359376,0.03299831598997116,0.03299831598997116,1.0,3.0,success
1415,0.33787229657173157,-3.5092437267303467,-0.00025195363559760153,0.0006759075913578272,0.0006572372512891889,0.0,3.0,success
1416,0.3380025625228882,-3.508216619491577,-0.00024652722640894353,0.03235466033220291,0.032354217022657394,1.0,-3.0,success
1417,0.3381335735321045,-3.507168769836426,-0.00024647111422382295,0.033000245690345764,0.033000245690345764,1.0,-3.0,success
1418,0.3381313383579254,-3.5071475505828857,-0.0002516052045393735,0.0006858015549369156,0.0006667703855782747,0.0,3.0,success
1419,0.33825939893722534,-3.5061206817626953,-0.0002462589764036238,0.03233865275979042,0.0323382243514061,1.0,3.0,success
1420,0.3383868634700775,-3.505072593688965,-0.00024625350488349795,0.03299407660961151,0.03299407660961151,1.0,3.0,success
1421,0.3385125994682312,-3.504024028778076,-0.0002465256256982684,0.03300239518284798,0.03300239145755768,1.0,-3.0,success
1422,0.33864009380340576,-3.5029757022857666,-0.00024677725741639733,0.03300158306956291,0.03300158306956291,1.0,3.0,success
1423,0.3387651741504669,-3.501927137374878,-0.00024696983746252954,0.03299996256828308,0.03299996256828308,1.0,3.0,success
1424,0.3388878405094147,-3.50087833404541,-0.0002471236221026629,0.03299850970506668,0.03299850970506668,1.0,3.0,success
1425,0.3390081226825714,-3.499829053878784,-0.00024724670220166445,0.03300474211573601,0.03300474211573601,1.0,3.0,success
1426,0.33912602066993713,-3.498779773712158,-0.0002473452186677605,0.03299633786082268,0.03299633786082268,1.0,3.0,success
1427,0.3392423093318939,-3.497730016708374,-0.0002474131470080465,0.033005572855472565,0.033005572855472565,1.0,-3.0,success
1428,0.3393596410751343,-3.496702194213867,-0.00024345550627913326,0.0323282927274704,0.032328058034181595,1.0,-3.0,success
1429,0.33935755491256714,-3.4966812133789062,-0.0002488944155629724,0.0006804533768445253,0.0006588841788470745,0.0,3.0,success
1430,0.33947890996932983,-3.4956531524658203,-0.00024406264128629118,0.03235030919313431,0.03234995901584625,1.0,-3.0,success
1431,0.3396010398864746,-3.4946041107177734,-0.0002444992132950574,0.033003970980644226,0.03300396725535393,1.0,-3.0,success
1432,0.3397255539894104,-3.4935555458068848,-0.0002451332984492183,0.032997872680425644,0.032997868955135345,1.0,-3.0,success
1433,0.3398517072200775,-3.492506980895996,-0.000245663890382275,0.033003952354192734,0.033003948628902435,1.0,3.0,success
1434,0.339976042509079,-3.4914584159851074,-0.0002460696268826723,0.032997217029333115,0.032997213304042816,1.0,-3.0,success
1435,0.34010201692581177,-3.4904098510742188,-0.0002464130811858922,0.03300328552722931,0.03300328180193901,1.0,3.0,success
1436,0.3402254581451416,-3.48936128616333,-0.00024667830439284444,0.03299393504858017,0.03299393504858017,1.0,3.0,success
1437,0.34022700786590576,-3.48934006690979,-0.00025177275529131293,0.0006836623651906848,0.0006648677517659962,0.0,3.0,success
1438,0.340226948261261,-3.48934006690979,-0.00025127435219474137,1.568607876833994e-05,1.8626450355441193e-06,0.0,0.0,success
1439,0.3403441905975342,-3.488312005996704,-0.0002456917136441916,0.032335612922906876,0.03233514353632927,1.0,-3.0,success
1440,0.34046539664268494,-3.4872629642486572,-0.00024579642922617495,0.0330006442964077,0.0330006442964077,1.0,3.0,success
1441,0.3405848443508148,-3.4862136840820312,-0.00024615999427624047,0.03300178423523903,0.03300178050994873,1.0,-3.0,success
1442,0.3407067358493805,-3.4851646423339844,-0.00024647454847581685,0.03300311043858528,0.03300310671329498,1.0,-3.0,success
1443,0.34070709347724915,-3.4851644039154053,-0.0002517107641324401,0.00016418207087554038,1.3431724255497102e-05,0.0,0.0,success
1444,0.3408285677433014,-3.4841368198394775,-0.0002462604606989771,0.0323360413312912,0.03233559429645538,1.0,3.0,success
1445,0.3408309519290924,-3.4841158390045166,-0.00025112286675721407,0.0006771397311240435,0.0006598707986995578,0.0,-3.0,success
1446,0.34083056449890137,-3.4841158390045166,-0.0002507557801436633,1.6678683095960878e-05,1.2107192560506519e-05,0.0,3.0,success
1447,0.34083092212677,-3.4841158390045166,-0.0002501564158592373,2.181095987907611e-05,1.117586998589104e-05,0.0,-3.0,success
1448,0.34095287322998047,-3.483088254928589,-0.0002447866427246481,0.03233778476715088,0.03233734890818596,1.0,-3.0,success
1449,0.34095555543899536,-3.483067274093628,-0.00024994410341605544,0.0006803527940064669,0.0006609871052205563,0.0,-3.0,success
1450,0.34108179807662964,-3.4820401668548584,-0.000244928669417277,0.03233901783823967,0.03233863785862923,1.0,3.0,success
1451,0.3412078619003296,-3.4809916019439697,-0.0002451845211908221,0.033003613352775574,0.033003613352775574,1.0,0.0,success
1452,0.3412102460861206,-3.480970621109009,-0.00025055810692720115,0.0006809023907408118,0.0006598707986995578,0.0,-3.0,success
1453,0.3413362503051758,-3.4799435138702393,-0.00024543452309444547,0.03233812749385834,0.0323377288877964,1.0,3.0,success
1454,0.34146174788475037,-3.4788949489593506,-0.0002455950598232448,0.03300150856375694,0.03300150856375694,1.0,3.0,success
1455,0.34158554673194885,-3.477846145629883,-0.00024599905009381473,0.033002644777297974,0.033002641052007675,1.0,-3.0,success
1456,0.3417118489742279,-3.4767978191375732,-0.0002463455602992326,0.03299710899591446,0.03299710899591446,1.0,-3.0,success
1457,0.3418406546115875,-3.4757497310638428,-0.0002466240548528731,0.03299916535615921,0.03299916163086891,1.0,-3.0,success
1458,0.34197157621383667,-3.4747016429901123,-0.0002468518796376884,0.03300729766488075,0.033007293939590454,1.0,0.0,success
1459,0.34197431802749634,-3.4746809005737305,-0.0002519063709769398,0.000672647263854742,0.000653838855214417,0.0,-3.0,success
1460,0.34197449684143066,-3.4746809005737305,-0.00025139222270809114,1.701110704743769e-05,5.58793499294552e-06,0.0,0.0,success
1461,0.34197500348091125,-3.4746809005737305,-0.0002506716700736433,2.7526259145815857e-05,1.5832483768463135e-05,0.0,-3.0,success
1462,0.3419751226902008,-3.4746809005737305,-0.00025008944794535637,1.857190000009723e-05,3.7252900710882386e-06,0.0,0.0,success
1463,0.3421078622341156,-3.4736545085906982,-0.00024473972734995186,0.032342296093702316,0.032341863960027695,1.0,3.0,success
1464,0.34224024415016174,-3.472606897354126,-0.00024502360611222684,0.03299819678068161,0.03299819678068161,1.0,3.0,success
1465,0.3422424793243408,-3.472585916519165,-0.00025042318156920373,0.0006806095479987562,0.0006593612488359213,0.0,-3.0,success
1466,0.3423726260662079,-3.4715592861175537,-0.0002453263441566378,0.03233935683965683,0.03233896568417549,1.0,3.0,success
1467,0.3423747420310974,-3.4715383052825928,-0.0002503803407307714,0.0006776392110623419,0.0006589770200662315,0.0,-3.0,success
1468,0.3423739969730377,-3.4715383052825928,-0.00025016232393682003,2.425939601380378e-05,2.328306254639756e-05,0.0,3.0,success
1469,0.3423733711242676,-3.4715383052825928,-0.0002496918896213174,2.446687540214043e-05,1.9557772247935645e-05,0.0,3.0,success
1470,0.3423728048801422,-3.4715380668640137,-0.0002493011415936053,2.2753773009753786e-05,1.9199706002837047e-05,0.0,3.0,success
1471,0.3424965739250183,-3.470510721206665,-0.00024410315381828696,0.03233710303902626,0.03233669325709343,1.0,3.0,success
1472,0.34262046217918396,-3.4694619178771973,-0.00024450410273857415,0.03300296887755394,0.03300296887755394,1.0,-3.0,success
1473,0.3427461087703705,-3.4684133529663086,-0.0002451459295116365,0.03300206735730171,0.033002059906721115,1.0,3.0,success
1474,0.3428700566291809,-3.46736478805542,-0.0002456543443258852,0.032995790243148804,0.032995790243148804,1.0,-3.0,success
1475,0.3429965078830719,-3.4663162231445312,-0.0002460707910358906,0.033005066215991974,0.033005062490701675,1.0,-3.0,success
1476,0.3431246876716614,-3.465268135070801,-0.0002464145654812455,0.032996781170368195,0.032996781170368195,1.0,3.0,success
1477,0.34325113892555237,-3.464219808578491,-0.00024666983517818153,0.03299766778945923,0.03299766778945923,1.0,-3.0,success
1478,0.34338003396987915,-3.4631714820861816,-0.000246883078943938,0.03300689533352852,0.03300689533352852,1.0,-3.0,success
1479,0.34351134300231934,-3.4621238708496094,-0.0002470541512593627,0.03299400955438614,0.03299400955438614,1.0,-3.0,success
1480,0.34364432096481323,-3.461076259613037,-0.0002472008054610342,0.033000536262989044,0.033000536262989044,1.0,3.0,success
1481,0.3436470925807953,-3.461055278778076,-0.00025217983056791127,0.0006794040091335773,0.0006613472360186279,0.0,-3.0,success
1482,0.3436468839645386,-3.461055278778076,-0.0002516159729566425,1.8787881344906054e-05,6.519257567560999e-06,0.0,3.0,success
1483,0.3436473608016968,-3.461055278778076,-0.00025084521621465683,2.8322907382971607e-05,1.4901160284352954e-05,0.0,-3.0,success
1484,0.34377872943878174,-3.460028886795044,-0.0002453378401696682,0.03233685716986656,0.03233639895915985,1.0,-3.0,success
1485,0.34391462802886963,-3.458981513977051,-0.0002455077483318746,0.0330047644674778,0.0330047644674778,1.0,0.0,success
1486,0.3439175486564636,-3.45896053314209,-0.00025081640342250466,0.0006824439624324441,0.0006619731429964304,0.0,-3.0,success
1487,0.3440530598163605,-3.457934617996216,-0.00024564104387536645,0.03233871981501579,0.03233831748366356,1.0,3.0,success
1488,0.344188928604126,-3.4568874835968018,-0.00024575015413574874,0.0329972580075264,0.0329972580075264,1.0,-3.0,success
1489,0.34432727098464966,-3.455840587615967,-0.00024613284040242434,0.032999906688928604,0.032999906688928604,1.0,-3.0,success
1490,0.3443257808685303,-3.455819606781006,-0.0002513484505470842,0.0006772087654098868,0.0006573026184923947,0.0,3.0,success
1491,0.3444661796092987,-3.454793691635132,-0.00024604113423265517,0.03235909715294838,0.032358668744564056,1.0,-3.0,success
1492,0.34460705518722534,-3.453747034072876,-0.00024608304374851286,0.03300298750400543,0.03300298750400543,1.0,-3.0,success
1493,0.3447502851486206,-3.4527008533477783,-0.00024640001356601715,0.03299811854958534,0.03299811854958534,1.0,-3.0,success
1494,0.3448958694934845,-3.4516549110412598,-0.0002466674195602536,0.033000800758600235,0.033000800758600235,1.0,-3.0,success
1495,0.34504374861717224,-3.4506092071533203,-0.00024688206030987203,0.03300338611006737,0.03300338611006737,1.0,-3.0,success
1496,0.3451932668685913,-3.449563980102539,-0.0002470629697199911,0.03299584239721298,0.03299584239721298,1.0,3.0,success
1497,0.34534016251564026,-3.4485182762145996,-0.0002471977495588362,0.03299909830093384,0.03299909830093384,1.0,3.0,success
1498,0.34548524022102356,-3.447472095489502,-0.00024729574215598404,0.03300600126385689,0.03300600126385689,1.0,-3.0,success
1499,0.3456326723098755,-3.4464266300201416,-0.00024738372303545475,0.03299405425786972,0.03299405425786972,1.0,-3.0,success
1500,0.34578216075897217,-3.4453811645507812,-0.0002474593638908118,0.03300308808684349,0.03300308808684349,1.0,0.0,success
1501,0.345782607793808,-3.445380926132202,-0.0002524938608985394,0.00015812266792636365,1.5832483768463135e-05,0.0,0.0,success
1502,0.345929890871048,-3.4443564414978027,-0.00024687600671313703,0.032344769686460495,0.03234429284930229,1.0,-3.0,success
1503,0.3460818827152252,-3.4433114528656006,-0.00024674911401234567,0.03299950435757637,0.03299950435757637,1.0,0.0,success
1504,0.34623342752456665,-3.4422664642333984,-0.00024693767772987485,0.0329975001513958,0.0329975001513958,1.0,3.0,success
1505,0.34638315439224243,-3.441220998764038,-0.00024708721321076155,0.033004142343997955,0.033004142343997955,1.0,-3.0,success
1506,0.3463834524154663,-3.441220760345459,-0.00025220002862624824,0.0001602200063643977,1.1926747902180068e-05,0.0,0.0,success
1507,0.34638336300849915,-3.441220998764038,-0.0002515354426577687,2.2240505131776445e-05,7.957222805998754e-06,0.0,3.0,success
1508,0.34652987122535706,-3.4401965141296387,-0.00024590204702690244,0.03234133496880531,0.03234085440635681,1.0,3.0,success
1509,0.346676230430603,-3.439150810241699,-0.0002459533861838281,0.0329967699944973,0.0329967699944973,1.0,3.0,success
1510,0.3468208611011505,-3.4381046295166016,-0.0002462848206050694,0.03300408273935318,0.03300408273935318,1.0,-3.0,success
1511,0.34682369232177734,-3.4380838871002197,-0.00025145558174699545,0.000673870847094804,0.000654210802167654,0.0,-3.0,success
1512,0.34697073698043823,-3.4370594024658203,-0.00024614197900518775,0.03234365954995155,0.03234323114156723,1.0,-3.0,success
1513,0.34712305665016174,-3.436014413833618,-0.00024616136215627193,0.03300097957253456,0.03300097957253456,1.0,-3.0,success
1514,0.34727707505226135,-3.434969663619995,-0.0002464722201693803,0.033001311123371124,0.033001311123371124,1.0,3.0,success
1515,0.34728020429611206,-3.4349489212036133,-0.00025159664801321924,0.0006748117157258093,0.0006555352592840791,0.0,-3.0,success
1516,0.3474314212799072,-3.433925151824951,-0.00024626581580378115,0.03234033286571503,0.032339904457330704,1.0,3.0,success
1517,0.3475826680660248,-3.43287992477417,-0.0002462598495185375,0.033003538846969604,0.033003538846969604,1.0,3.0,success
1518,0.34773150086402893,-3.4318344593048096,-0.0002465410507284105,0.033000193536281586,0.033000193536281586,1.0,3.0,success
1519,0.3477310240268707,-3.4318342208862305,-0.00025175311020575464,0.00016372666868846864,1.6660003893775865e-05,0.0,0.0,success
1520,0.3478757441043854,-3.430809497833252,-0.00024628263781778514,0.032340820878744125,0.03234036639332771,1.0,-3.0,success
1521,0.34787285327911377,-3.430788516998291,-0.0002511660277377814,0.0006792112253606319,0.0006618453771807253,0.0,3.0,success
1522,0.34801897406578064,-3.4297637939453125,-0.00024588123778812587,0.0323469415307045,0.03234652057290077,1.0,-3.0,success
1523,0.3481685519218445,-3.4287185668945312,-0.00024596237926743925,0.03299611061811447,0.03299611061811447,1.0,3.0,success
1524,0.3483160436153412,-3.4276726245880127,-0.00024629829567857087,0.03300906717777252,0.03300906717777252,1.0,0.0,success
1525,0.3483189046382904,-3.427651882171631,-0.00025146245025098324,0.0006739443051628768,0.0006543374038301408,0.0,-3.0,success
1526,0.3484666049480438,-3.4266276359558105,-0.0002461472467985004,0.03233920410275459,0.03233877941966057,1.0,-3.0,success
1527,0.3484668433666229,-3.4266273975372314,-0.00025114938034676015,0.00015667137631680816,1.0536711670283694e-05,0.0,0.0,success
1528,0.3486172556877136,-3.4256033897399902,-0.0002457857772242278,0.03234404698014259,0.032343607395887375,1.0,-3.0,success
1529,0.34877219796180725,-3.4245588779449463,-0.00024588152882643044,0.032998163253068924,0.032998163253068924,1.0,3.0,success
1530,0.3489254117012024,-3.4235141277313232,-0.0002462286502122879,0.032997652888298035,0.032997652888298035,1.0,-3.0,success
1531,0.34908026456832886,-3.4224696159362793,-0.00024653959553688765,0.03299775347113609,0.03299775347113609,1.0,3.0,success
1532,0.3490833342075348,-3.4224486351013184,-0.00025165113038383424,0.0006816124659962952,0.0006626312388107181,0.0,-3.0,success
1533,0.34908297657966614,-3.4224486351013184,-0.00025119318161159754,1.8157694285036996e-05,1.117586998589104e-05,0.0,3.0,success
1534,0.3490826487541199,-3.4224486351013184,-0.00025051680859178305,2.3488486476708204e-05,1.0244547411275562e-05,0.0,3.0,success
1535,0.3490830361843109,-3.4224486351013184,-0.00024995088460855186,2.143239908036776e-05,1.2107192560506519e-05,0.0,-3.0,success
1536,0.349232941865921,-3.421424627304077,-0.0002446327998768538,0.032341741025447845,0.032341308891773224,1.0,3.0,success
1537,0.34938356280326843,-3.420379400253296,-0.0002449282619636506,0.03300074487924576,0.03300074115395546,1.0,-3.0,success
1538,0.3493836224079132,-3.420379161834717,-0.0002504588046576828,0.00017299999308306724,7.679882401134819e-06,0.0,0.0,success
1539,0.34938398003578186,-3.420379161834717,-0.0002501321432646364,1.5136273759708274e-05,1.117586998589104e-05,0.0,-3.0,success
1540,0.3495389223098755,-3.419334888458252,-0.00024468687479384243,0.032991234213113785,0.032990794628858566,1.0,0.0,success
1541,0.3496939241886139,-3.418290138244629,-0.0002450754982419312,0.03300580754876137,0.03300580382347107,1.0,0.0,success
1542,0.3496969938278198,-3.418269395828247,-0.00025047469534911215,0.00067663419758901,0.0006552600534632802,0.0,-3.0,success
1543,0.349852055311203,-3.417246103286743,-0.00024535643751733005,0.032343339174985886,0.03234294429421425,1.0,-3.0,success
1544,0.35001257061958313,-3.4162025451660156,-0.00024553315597586334,0.03299471363425255,0.03299471363425255,1.0,-3.0,success
1545,0.35017478466033936,-3.415158987045288,-0.00024596982984803617,0.0330028235912323,0.0330028235912323,1.0,3.0,success
1546,0.3501773476600647,-3.415138006210327,-0.00025120595819316804,0.0006804908625781536,0.0006605250528082252,0.0,3.0,success
1547,0.3503326177597046,-3.4141149520874023,-0.00024593135458417237,0.032336972653865814,0.032336555421352386,1.0,-3.0,success
1548,0.3504931926727295,-3.4130711555480957,-0.0002459926181472838,0.03300235792994499,0.03300235792994499,1.0,-3.0,success
1549,0.3506554365158081,-3.4120278358459473,-0.000246337236603722,0.03299560770392418,0.03299560397863388,1.0,3.0,success
1550,0.35065802931785583,-3.4120068550109863,-0.0002514996158424765,0.000680050696246326,0.0006606386159546673,0.0,3.0,success
1551,0.35081252455711365,-3.4109835624694824,-0.00024617702001705766,0.032340724021196365,0.03234029933810234,1.0,3.0,success
1552,0.35081544518470764,-3.4109625816345215,-0.000251060031587258,0.0006793330539949238,0.0006619731429964304,0.0,-3.0,success
1553,0.35097038745880127,-3.4099395275115967,-0.00024581028264947236,0.03233543410897255,0.03233502060174942,1.0,-3.0,success
1554,0.35113009810447693,-3.408895492553711,-0.0002459055103827268,0.03300562500953674,0.03300562500953674,1.0,3.0,success
1555,0.35128772258758545,-3.407851219177246,-0.00024625283549539745,0.033003199845552444,0.033003199845552444,1.0,0.0,success
1556,0.35144567489624023,-3.4068071842193604,-0.0002465446013957262,0.03299736604094505,0.032997362315654755,1.0,-3.0,success
1557,0.3514482080936432,-3.4067862033843994,-0.00025167595595121384,0.0006796018569730222,0.0006604127702303231,0.0,3.0,success
1558,0.35160350799560547,-3.4057631492614746,-0.00024630787083879113,0.03233712911605835,0.03233669325709343,1.0,-3.0,success
1559,0.35176411271095276,-3.404719352722168,-0.00024629378458485007,0.033002499490976334,0.033002499490976334,1.0,-3.0,success
1560,0.35192710161209106,-3.4036760330200195,-0.00024656832101754844,0.0329991914331913,0.0329991914331913,1.0,-3.0,success
1561,0.3520917296409607,-3.40263295173645,-0.00024681148352101445,0.03299977630376816,0.03299977257847786,1.0,3.0,success
1562,0.3522545397281647,-3.4015896320343018,-0.00024698732886463404,0.032998327165842056,0.032998327165842056,1.0,-3.0,success
1563,0.3524189889431,-3.4005465507507324,-0.0002471469924785197,0.03299890458583832,0.03299890458583832,1.0,3.0,success
1564,0.352581650018692,-3.399502992630005,-0.0002472556079737842,0.03300497308373451,0.03300497308373451,1.0,-3.0,success
1565,0.3527466952800751,-3.3984599113464355,-0.00024735162151046097,0.03300181031227112,0.03300181031227112,1.0,-3.0,success
1566,0.35291412472724915,-3.3974173069000244,-0.0002474289503879845,0.03299882262945175,0.03299882262945175,1.0,-3.0,success
1567,0.3530835807323456,-3.3963749408721924,-0.0002474955690559,0.03300157189369202,0.03300157189369202,1.0,0.0,success
1568,0.3532525599002838,-3.3953325748443604,-0.00024754946934990585,0.0329991839826107,0.0329991839826107,1.0,3.0,success
1569,0.3534197211265564,-3.394289970397949,-0.00024757726350799203,0.0329974964261055,0.0329974964261055,1.0,-3.0,success
1570,0.3534225821495056,-3.3942689895629883,-0.000252501224167645,0.0006793740321882069,0.0006617189501412213,0.0,3.0,success
1571,0.3534228801727295,-3.3942689895629883,-0.00025185715639963746,2.2177398932399228e-05,9.313225746154785e-06,0.0,0.0,success
1572,0.35342344641685486,-3.3942692279815674,-0.0002510430640541017,3.1872274121269584e-05,1.9199706002837047e-05,0.0,-3.0,success
1573,0.35358884930610657,-3.393247604370117,-0.0002455074863974005,0.032341912388801575,0.032341450452804565,1.0,3.0,success
1574,0.35359126329421997,-3.3932266235351562,-0.00025052111595869064,0.0006783188437111676,0.0006599765620194376,0.0,3.0,success
1575,0.3537525236606598,-3.392204523086548,-0.0002453677880112082,0.03233613446354866,0.032335732132196426,1.0,-3.0,success
1576,0.3539188504219055,-3.3911614418029785,-0.0002455460198689252,0.03300809487700462,0.03300809487700462,1.0,0.0,success
1577,0.3540854752063751,-3.3901188373565674,-0.0002459659881424159,0.03299484774470329,0.03299484774470329,1.0,-3.0,success
1578,0.3542537987232208,-3.3890762329101562,-0.00024632978602312505,0.03300326690077782,0.03300326690077782,1.0,3.0,success
1579,0.35442036390304565,-3.388033390045166,-0.0002466019941493869,0.03300191089510918,0.03300190716981888,1.0,-3.0,success
1580,0.3545885980129242,-3.386991024017334,-0.00024683892843313515,0.03299546614289284,0.03299546614289284,1.0,3.0,success
1581,0.35459190607070923,-3.386970043182373,-0.0002518904802855104,0.0006822647410444915,0.0006637507467530668,0.0,-3.0,success
1582,0.3545915484428406,-3.386970043182373,-0.000251384568400681,1.9360995793249458e-05,1.117586998589104e-05,0.0,3.0,success
1583,0.35475462675094604,-3.3859481811523438,-0.0002457858354318887,0.03233775123953819,0.03233727812767029,1.0,3.0,success
1584,0.3549179434776306,-3.3849048614501953,-0.0002458608942106366,0.033000774681568146,0.033000774681568146,1.0,3.0,success
1585,0.35492074489593506,-3.3848838806152344,-0.0002510925114620477,0.0006813741056248546,0.0006614698213525116,0.0,-3.0,success
1586,0.35492002964019775,-3.3848838806152344,-0.0002507457393221557,2.484014657966327e-05,2.235173997178208e-05,0.0,3.0,success
1587,0.3549201190471649,-3.3848838806152344,-0.00025014893617480993,1.8858218027162366e-05,2.79396749647276e-06,0.0,-3.0,success
1588,0.3550815284252167,-3.383861780166626,-0.00024478044360876083,0.032336894422769547,0.032336462289094925,1.0,-3.0,success
1589,0.35524782538414,-3.3828189373016357,-0.0002450672909617424,0.03300059214234352,0.03300058841705322,1.0,3.0,success
1590,0.35541245341300964,-3.3817758560180664,-0.0002455768408253789,0.03299977630376816,0.03299977257847786,1.0,-3.0,success
1591,0.3555794954299927,-3.380733013153076,-0.00024600813048891723,0.033004265278577805,0.033004261553287506,1.0,-3.0,success
1592,0.3555823564529419,-3.3807120323181152,-0.0002512472274247557,0.0006816720706410706,0.0006617189501412213,0.0,3.0,success
1593,0.3555822968482971,-3.3807120323181152,-0.0002508593024685979,1.226491713168798e-05,1.8626450355441193e-06,0.0,3.0,success
1594,0.35574421286582947,-3.379689931869507,-0.00024535428383387625,0.032339394092559814,0.032338935881853104,1.0,-3.0,success
1595,0.3559115529060364,-3.3786473274230957,-0.0002455165085848421,0.032998379319906235,0.032998379319906235,1.0,-3.0,success
1596,0.3560812771320343,-3.3776049613952637,-0.00024594602291472256,0.03300292044878006,0.03300291672348976,1.0,-3.0,success
1597,0.35625264048576355,-3.37656307220459,-0.00024631377891637385,0.03299648314714432,0.03299648314714432,1.0,3.0,success
1598,0.3562530279159546,-3.3765628337860107,-0.00025157249183394015,0.00016494850569870323,1.4216021554602776e-05,0.0,0.0,success
1599,0.35641956329345703,-3.3755414485931396,-0.00024613854475319386,0.032340217381715775,0.03233977407217026,1.0,-3.0,success
1600,0.35642334818840027,-3.375520706176758,-0.00025103625375777483,0.0006764457211829722,0.000658903329167515,0.0,-3.0,success
1601,0.3565948009490967,-3.374500036239624,-0.00024579191813245416,0.03234322741627693,0.0323428139090538,1.0,-3.0,success
1602,0.35677191615104675,-3.3734591007232666,-0.00024588097585365176,0.03299675136804581,0.03299675136804581,1.0,-3.0,success
1603,0.35695070028305054,-3.372418165206909,-0.00024624780053272843,0.03300553932785988,0.03300553932785988,1.0,3.0,success
1604,0.3569510579109192,-3.37241792678833,-0.0002515190572012216,0.0001652734645176679,1.3431724255497102e-05,0.0,0.0,success
1605,0.35712483525276184,-3.3713977336883545,-0.00024609576212242246,0.032340679317712784,0.03234023600816727,1.0,-3.0,success
1606,0.3571287989616394,-3.3713769912719727,-0.0002510020276531577,0.0006775056244805455,0.0006599292391911149,0.0,-3.0,success
1607,0.357128769159317,-3.3713772296905518,-0.00025065941736102104,1.3077047697152011e-05,7.508562248403905e-06,0.0,3.0,success
1608,0.35712873935699463,-3.3713772296905518,-0.00025008892407640815,1.7852224118541926e-05,9.313225177720597e-07,0.0,3.0,success
1609,0.3573022484779358,-3.370357036590576,-0.0002447337319608778,0.03233926370739937,0.03233883157372475,1.0,3.0,success
1610,0.357476145029068,-3.3693153858184814,-0.0002450186002533883,0.03300207480788231,0.03300207480788231,1.0,3.0,success
1611,0.3574793040752411,-3.3692944049835205,-0.00025041928165592253,0.0006841839640401304,0.0006630414281971753,0.0,-3.0,success
1612,0.35765013098716736,-3.3682737350463867,-0.0002453230554237962,0.032339971512556076,0.03233957663178444,1.0,3.0,success
1613,0.35782143473625183,-3.367231845855713,-0.0002455062058288604,0.03299618139863014,0.03299618139863014,1.0,3.0,success
1614,0.357991099357605,-3.366189479827881,-0.000245927891228348,0.03300262242555618,0.033002618700265884,1.0,-3.0,success
1615,0.3581625521183014,-3.365147352218628,-0.00024629937252029777,0.033004291355609894,0.033004287630319595,1.0,3.0,success
1616,0.35816553235054016,-3.365126609802246,-0.00025145901599898934,0.0006744149141013622,0.0006548568489961326,0.0,-3.0,success
1617,0.35833409428596497,-3.364105463027954,-0.00024615577422082424,0.032343100756406784,0.03234267234802246,1.0,3.0,success
1618,0.3583361804485321,-3.364084482192993,-0.0002510551712475717,0.0006764390855096281,0.0006588841788470745,0.0,3.0,success
1619,0.358500599861145,-3.363062620162964,-0.00024579581804573536,0.032344330102205276,0.03234391286969185,1.0,-3.0,success
1620,0.3586706817150116,-3.362020492553711,-0.00024588307132944465,0.032997362315654755,0.032997362315654755,1.0,-3.0,success
1621,0.3586742579936981,-3.361999750137329,-0.0002511211787350476,0.0006778263486921787,0.0006577642634510994,0.0,-3.0,success
1622,0.35884618759155273,-3.3609793186187744,-0.00024587372899986804,0.032338354736566544,0.032337941229343414,1.0,-3.0,success
1623,0.3590238690376282,-3.359938144683838,-0.0002459470124449581,0.03300706669688225,0.03300706669688225,1.0,-3.0,success
1624,0.3590278923511505,-3.359917402267456,-0.0002511726343072951,0.0006801754352636635,0.0006602813955396414,0.0,-3.0,success
1625,0.3592071235179901,-3.358898162841797,-0.00024591514375060797,0.03234035521745682,0.03233994171023369,1.0,-3.0,success
1626,0.3593921959400177,-3.357858657836914,-0.0002459803654346615,0.03299536183476448,0.03299536183476448,1.0,-3.0,success
1627,0.3595789074897766,-3.3568191528320312,-0.00024632731219753623,0.03300437703728676,0.03300437703728676,1.0,3.0,success
1628,0.35957929491996765,-3.356818914413452,-0.00025158259086310863,0.00016484159277752042,1.4216021554602776e-05,0.0,0.0,success
1629,0.359760046005249,-3.355799913406372,-0.00024615731672383845,0.032341308891773224,0.03234086558222771,1.0,3.0,success
1630,0.35994207859039307,-3.354759693145752,-0.00024615880101919174,0.03300085663795471,0.03300085663795471,1.0,-3.0,success
1631,0.359945148229599,-3.35473895072937,-0.0002513524377718568,0.0006750609609298408,0.0006552600534632802,0.0,3.0,success
1632,0.35994499921798706,-3.35473895072937,-0.00025094268494285643,1.3625208339362871e-05,4.656612873077393e-06,0.0,3.0,success
1633,0.35994547605514526,-3.35473895072937,-0.0002503061550669372,2.4853945433278568e-05,1.4901160284352954e-05,0.0,-3.0,success
1634,0.3601242005825043,-3.353719711303711,-0.0002449064049869776,0.03233764320611954,0.03233720362186432,1.0,-3.0,success
1635,0.36012738943099976,-3.353698968887329,-0.0002500514965504408,0.0006752376211807132,0.0006558157620020211,0.0,3.0,success
1636,0.360127329826355,-3.353698968887329,-0.00024988746736198664,5.45384455108433e-06,1.8626450355441193e-06,0.0,3.0,success
1637,0.360304057598114,-3.3526792526245117,-0.00024457593099214137,0.03234158828854561,0.032341163605451584,1.0,-3.0,success
1638,0.36030805110931396,-3.35265851020813,-0.00024977640714496374,0.0006798156537115574,0.0006601046770811081,0.0,-3.0,success
1639,0.36030837893486023,-3.35265851020813,-0.00024967349600046873,1.0737468983279541e-05,1.0244547411275562e-05,0.0,0.0,success
1640,0.3604899048805237,-3.35163950920105,-0.0002444107085466385,0.032345522195100784,0.03234510496258736,1.0,-3.0,success
1641,0.3606766164302826,-3.350600242614746,-0.00024477203260175884,0.032997045665979385,0.03299704194068909,1.0,3.0,success
1642,0.3606768548488617,-3.350600004196167,-0.00025032475241459906,0.0001738420978654176,1.0536711670283694e-05,0.0,0.0,success
1643,0.36086133122444153,-3.349560260772705,-0.00024504808243364096,0.03299984708428383,0.0329994335770607,1.0,0.0,success
1644,0.36086511611938477,-3.3495395183563232,-0.00025025210925377905,0.000678675714880228,0.000658903329167515,0.0,-3.0,success
1645,0.3610490560531616,-3.3485212326049805,-0.000245168135734275,0.03233680874109268,0.03233642131090164,1.0,-3.0,success
1646,0.3612390458583832,-3.347482442855835,-0.00024538213619962335,0.033000651746988297,0.033000651746988297,1.0,-3.0,success
1647,0.36143070459365845,-3.3464441299438477,-0.0002458489907439798,0.032995425164699554,0.032995421439409256,1.0,3.0,success
1648,0.36162060499191284,-3.345405340194702,-0.0002462168631609529,0.0330001525580883,0.0330001525580883,1.0,-3.0,success
1649,0.36181214451789856,-3.3443667888641357,-0.0002465308643877506,0.03300207480788231,0.03300207480788231,1.0,3.0,success
1650,0.3620012104511261,-3.343327760696411,-0.00024677260080352426,0.03300280496478081,0.03300280123949051,1.0,3.0,success
1651,0.36218786239624023,-3.3422884941101074,-0.0002469657047186047,0.03299671411514282,0.03299671411514282,1.0,3.0,success
1652,0.36219117045402527,-3.3422675132751465,-0.0002519912086427212,0.0006820768467150629,0.0006637507467530668,0.0,-3.0,success
1653,0.36219117045402527,-3.3422677516937256,-0.00025145430117845535,1.8358225133852102e-05,7.450580142176477e-06,0.0,-3.0,success
1654,0.3621905744075775,-3.3422675132751465,-0.0002507357276044786,3.0111492378637195e-05,2.0061301256646402e-05,0.0,3.0,success
1655,0.36237481236457825,-3.3412492275238037,-0.0002452410408295691,0.03233853355050087,0.03233807906508446,1.0,-3.0,success
1656,0.362564355134964,-3.340210437774658,-0.0002454352506902069,0.03299814462661743,0.03299814090132713,1.0,3.0,success
1657,0.3627515137195587,-3.3391711711883545,-0.00024588117958046496,0.032999519258737564,0.032999515533447266,1.0,3.0,success
1658,0.36293622851371765,-3.3381314277648926,-0.0002462521952111274,0.03300073742866516,0.03300073742866516,1.0,3.0,success
1659,0.36311858892440796,-3.3370912075042725,-0.00024654975277371705,0.03300262615084648,0.03300262615084648,1.0,3.0,success
1660,0.36329859495162964,-3.336050510406494,-0.00024678788031451404,0.03300468623638153,0.03300468251109123,1.0,3.0,success
1661,0.36347696185112,-3.335009813308716,-0.0002469674509484321,0.03299599140882492,0.03299599140882492,1.0,-3.0,success
1662,0.3634766638278961,-3.3350093364715576,-0.0002521042188163847,0.00016148290887940675,1.7572157958056778e-05,0.0,0.0,success
1663,0.3634766936302185,-3.3350095748901367,-0.00025144865503534675,2.1819021640112624e-05,7.508562248403905e-06,0.0,-3.0,success
1664,0.3636566996574402,-3.3339903354644775,-0.0002458310918882489,0.032344620674848557,0.032344140112400055,1.0,-3.0,success
1665,0.36366045475006104,-3.3339695930480957,-0.00025077967438846827,0.0006766450824216008,0.0006587367388419807,0.0,-3.0,success
1666,0.3636608123779297,-3.333969831466675,-0.0002504707081243396,1.6541887816856615e-05,1.3431724255497102e-05,0.0,-3.0,success
1667,0.36384811997413635,-3.3329520225524902,-0.000245052418904379,0.032341085374355316,0.0323406420648098,1.0,-3.0,success
1668,0.3640407919883728,-3.331913709640503,-0.0002452854532748461,0.03300118446350098,0.03300118446350098,1.0,3.0,success
1669,0.36423176527023315,-3.3308751583099365,-0.0002457514638081193,0.03299887105822563,0.03299886733293533,1.0,-3.0,success
1670,0.36442509293556213,-3.329836845397949,-0.0002461479161866009,0.03300493210554123,0.03300492838025093,1.0,-3.0,success
1671,0.3646201491355896,-3.32879900932312,-0.00024647609097883105,0.033000215888023376,0.03300021216273308,1.0,3.0,success
1672,0.36481305956840515,-3.327760696411133,-0.00024672382278367877,0.033002544194459915,0.033002544194459915,1.0,0.0,success
1673,0.36500629782676697,-3.3267226219177246,-0.00024692213628441095,0.03299709036946297,0.03299709036946297,1.0,-3.0,success
1674,0.36520159244537354,-3.3256847858428955,-0.0002470900071784854,0.03300159052014351,0.03300159052014351,1.0,0.0,success
1675,0.3653964698314667,-3.3246469497680664,-0.00024722531088627875,0.0329991839826107,0.0329991839826107,1.0,3.0,success
1676,0.36558958888053894,-3.323608636856079,-0.00024731794837862253,0.03300373628735542,0.03300373628735542,1.0,-3.0,success
1677,0.3657851219177246,-3.322571039199829,-0.0002474013308528811,0.03299565240740776,0.03299564868211746,1.0,-3.0,success
1678,0.3659823536872864,-3.321533679962158,-0.0002474784851074219,0.03299820050597191,0.03299820050597191,1.0,3.0,success
1679,0.3661774694919586,-3.32049560546875,-0.0002475254295859486,0.03300788253545761,0.03300788253545761,1.0,0.0,success
1680,0.3663721978664398,-3.319457769393921,-0.0002475731889717281,0.03299832344055176,0.03299832344055176,1.0,3.0,success
1681,0.36637207865715027,-3.319457530975342,-0.0002525791060179472,0.00015665651881136,8.330001946887933e-06,0.0,0.0,success
1682,0.3665616512298584,-3.3184401988983154,-0.0002469436440151185,0.03233935683965683,0.03233887627720833,1.0,-3.0,success
1683,0.3665618300437927,-3.3184399604797363,-0.00025178174837492406,0.00015147733211051673,9.313225746154785e-06,0.0,0.0,success
1684,0.3665615916252136,-3.3184399604797363,-0.00025118610938079655,2.0049479644512758e-05,7.450580142176477e-06,0.0,3.0,success
1685,0.36675161123275757,-3.31742262840271,-0.00024561109603382647,0.03234190493822098,0.03234143555164337,1.0,-3.0,success
1686,0.3669470548629761,-3.31638503074646,-0.00024573158589191735,0.032995130866765976,0.032995130866765976,1.0,3.0,success
1687,0.36694714426994324,-3.316384792327881,-0.00025109172565862536,0.00016769325884524733,7.957222805998754e-06,0.0,0.0,success
1688,0.3671365976333618,-3.3153674602508545,-0.0002457639784552157,0.03233862295746803,0.03233819082379341,1.0,3.0,success
1689,0.36732757091522217,-3.314328670501709,-0.0002458440721966326,0.033006198704242706,0.03300619497895241,1.0,-3.0,success
1690,0.3675209879875183,-3.313290596008301,-0.0002462076081428677,0.03299811854958534,0.03299811854958534,1.0,-3.0,success
1691,0.36771681904792786,-3.312252998352051,-0.000246513111051172,0.03299737721681595,0.03299737721681595,1.0,-3.0,success
1692,0.3679150342941284,-3.31121563911438,-0.00024675833992660046,0.03300395607948303,0.033003952354192734,1.0,-3.0,success
1693,0.36791878938674927,-3.311194896697998,-0.0002518469118513167,0.0006776583031751215,0.0006587367388419807,0.0,3.0,success
1694,0.3679189085960388,-3.311195135116577,-0.00025133852614089847,1.7938431483344175e-05,8.330001946887933e-06,0.0,3.0,success
1695,0.3681112825870514,-3.310178279876709,-0.00024573769769631326,0.03234085813164711,0.032340385019779205,1.0,-3.0,success
1696,0.36811184883117676,-3.31017804145813,-0.0002508071484044194,0.0001595795329194516,1.9199706002837047e-05,0.0,0.0,success
1697,0.3681119382381439,-3.31017804145813,-0.00025040589389391243,1.2846706340496894e-05,2.79396749647276e-06,0.0,3.0,success
1698,0.368307501077652,-3.30914044380188,-0.0002448953746352345,0.032996270805597305,0.03299582377076149,1.0,0.0,success
1699,0.3685033917427063,-3.30810284614563,-0.0002452369953971356,0.03299771994352341,0.03299771994352341,1.0,-3.0,success
1700,0.368701308965683,-3.307065486907959,-0.0002457310911267996,0.033002208918333054,0.033002205193042755,1.0,0.0,success
1701,0.36889877915382385,-3.306028127670288,-0.00024613787536509335,0.03299959376454353,0.032999590039253235,1.0,3.0,success
1702,0.36909377574920654,-3.304990291595459,-0.0002464581048116088,0.03299987316131592,0.03299987316131592,1.0,3.0,success
1703,0.36928629875183105,-3.3039519786834717,-0.0002467141312081367,0.033000338822603226,0.03300033509731293,1.0,3.0,success
1704,0.36947712302207947,-3.3029134273529053,-0.00024690869031473994,0.03299802541732788,0.03299802541732788,1.0,-3.0,success
1705,0.36967039108276367,-3.301875114440918,-0.000247073796344921,0.03300458937883377,0.03300458565354347,1.0,-3.0,success
1706,0.36986613273620605,-3.300837516784668,-0.0002472065098118037,0.03299685940146446,0.032996855676174164,1.0,-3.0,success
1707,0.37006428837776184,-3.299800395965576,-0.00024731282610446215,0.0329962894320488,0.0329962894320488,1.0,-3.0,success
1708,0.37026482820510864,-3.2987635135650635,-0.00024739798391237855,0.03300303593277931,0.03300303593277931,1.0,-3.0,success
1709,0.3704676926136017,-3.297727108001709,-0.0002474662323947996,0.03300228342413902,0.03300228342413902,1.0,-3.0,success
1710,0.37067216634750366,-3.2966911792755127,-0.00024753017351031303,0.032997362315654755,0.032997362315654755,1.0,3.0,success
1711,0.37087482213974,-3.295654773712158,-0.00024756218772381544,0.03300103172659874,0.03300103172659874,1.0,-3.0,success
1712,0.37107908725738525,-3.294618606567383,-0.0002476066292729229,0.03300341218709946,0.03300341218709946,1.0,3.0,success
1713,0.37128084897994995,-3.2935822010040283,-0.00024763273540884256,0.03299568220973015,0.03299568220973015,1.0,3.0,success
1714,0.37148016691207886,-3.2925450801849365,-0.0002476534282322973,0.033003125339746475,0.033003125339746475,1.0,3.0,success
1715,0.37148380279541016,-3.2925243377685547,-0.00025254100910387933,0.0006755754584446549,0.000658083357848227,0.0,-3.0,success
1716,0.37148356437683105,-3.2925243377685547,-0.0002518993569537997,2.1391095287981443e-05,7.450580142176477e-06,0.0,0.0,success
1717,0.371483713388443,-3.2925243377685547,-0.00025107699912041426,2.611716445244383e-05,4.656612873077393e-06,0.0,-3.0,success
1718,0.37168166041374207,-3.291508674621582,-0.000245534727582708,0.03233711048960686,0.03233664482831955,1.0,3.0,success
1719,0.37168529629707336,-3.2914879322052,-0.0002505317679606378,0.0006763570127077401,0.000658083357848227,0.0,-3.0,success
1720,0.3718838691711426,-3.2904722690582275,-0.00024538655998185277,0.032340794801712036,0.0323403924703598,1.0,-3.0,success
1721,0.37208884954452515,-3.2894363403320312,-0.00024555629352107644,0.03300043195486069,0.03300043195486069,1.0,-3.0,success
1722,0.37229591608047485,-3.288400650024414,-0.0002459832467138767,0.03300584480166435,0.033005841076374054,1.0,0.0,success
1723,0.3725029528141022,-3.287365198135376,-0.00024633450084365904,0.032998353242874146,0.032998353242874146,1.0,0.0,success
1724,0.37270957231521606,-3.286329507827759,-0.0002466209407430142,0.03300310671329498,0.03300310671329498,1.0,3.0,success
1725,0.372713565826416,-3.286308765411377,-0.0002517160610295832,0.0006790360785089433,0.0006601046770811081,0.0,-3.0,success
1726,0.37271377444267273,-3.286309003829956,-0.00025123447994701564,1.801378675736487e-05,9.9000944828731e-06,0.0,-3.0,success
1727,0.37292295694351196,-3.285274028778076,-0.00024557317374274135,0.032997433096170425,0.03299695625901222,1.0,0.0,success
1728,0.3731325566768646,-3.2842390537261963,-0.00024577949079684913,0.03299954906105995,0.03299954533576965,1.0,-3.0,success
1729,0.37313616275787354,-3.2842183113098145,-0.00025105313397943974,0.0006782495183870196,0.0006579231703653932,0.0,3.0,success
1730,0.3733412027359009,-3.2832040786743164,-0.0002458194503560662,0.03233637288212776,0.03233596310019493,1.0,3.0,success
1731,0.37334519624710083,-3.2831833362579346,-0.0002507744065951556,0.0006780223920941353,0.0006601046770811081,0.0,-3.0,success
1732,0.37355074286460876,-3.2821691036224365,-0.00024558149743825197,0.03233950957655907,0.032339103519916534,1.0,-3.0,success
1733,0.37376275658607483,-3.281134605407715,-0.0002457124646753073,0.033000003546476364,0.033000003546476364,1.0,-3.0,success
1734,0.37376728653907776,-3.281113862991333,-0.00025098511832766235,0.000683631922584027,0.0006634782184846699,0.0,-3.0,success
1735,0.37398019433021545,-3.2801012992858887,-0.00024576482246629894,0.03233494609594345,0.03233453631401062,1.0,-3.0,success
1736,0.3741993010044098,-3.2790679931640625,-0.0002458648814354092,0.03300877660512924,0.033008772879838943,1.0,0.0,success
1737,0.3744186460971832,-3.2780351638793945,-0.0002462212578393519,0.03299574553966522,0.03299574553966522,1.0,-3.0,success
1738,0.3744235038757324,-3.278014659881592,-0.00025140572688542306,0.000678125477861613,0.0006584872025996447,0.0,-3.0,success
1739,0.3746426999568939,-3.277003049850464,-0.00024611238040961325,0.03234684094786644,0.032346416264772415,1.0,3.0,success
1740,0.37464722990989685,-3.276982545852661,-0.00025100988568738103,0.0006738125230185688,0.0006562011549249291,0.0,-3.0,success
1741,0.374646931886673,-3.276982307434082,-0.0002506655000615865,1.6064528608694673e-05,1.1926747902180068e-05,0.0,3.0,success
1742,0.37486448884010315,-3.275970697402954,-0.00024519884027540684,0.03233605995774269,0.03233560919761658,1.0,-3.0,success
1743,0.3748684227466583,-3.2759499549865723,-0.0002502857823856175,0.0006786363082937896,0.0006597550818696618,0.0,3.0,success
1744,0.37508535385131836,-3.2749381065368652,-0.00024519048747606575,0.032339178025722504,0.032338786870241165,1.0,3.0,success
1745,0.37530359625816345,-3.273904800415039,-0.00024539855076000094,0.03300318494439125,0.03300318494439125,1.0,3.0,success
1746,0.37551942467689514,-3.2728710174560547,-0.0002458521630614996,0.03300226852297783,0.03300226479768753,1.0,3.0,success
1747,0.37573325634002686,-3.271836757659912,-0.00024622370256111026,0.033004164695739746,0.03300416097044945,1.0,0.0,success
1748,0.37594714760780334,-3.2708027362823486,-0.00024652702268213034,0.032997239381074905,0.032997239381074905,1.0,0.0,success
1749,0.37616071105003357,-3.269768476486206,-0.0002467752783559263,0.03300246596336365,0.03300246596336365,1.0,3.0,success
1750,0.37637263536453247,-3.2687339782714844,-0.00024695778847672045,0.032999441027641296,0.032999441027641296,1.0,-3.0,success
1751,0.37658703327178955,-3.267699956893921,-0.00024711302830837667,0.03300045058131218,0.03300045058131218,1.0,-3.0,success
1752,0.3768039047718048,-3.2666664123535156,-0.00024723782553337514,0.033001650124788284,0.033001650124788284,1.0,-3.0,success
1753,0.37702247500419617,-3.2656333446502686,-0.0002473477798048407,0.03299801051616669,0.03299801051616669,1.0,3.0,success
1754,0.37723931670188904,-3.2645998001098633,-0.0002474161155987531,0.033001456409692764,0.033001456409692764,1.0,-3.0,success
1755,0.37724384665489197,-3.2645792961120605,-0.0002523611474316567,0.000674151408020407,0.0006562011549249291,0.0,-3.0,success
1756,0.3774614632129669,-3.2635676860809326,-0.00024686643155291677,0.032336458563804626,0.03233599662780762,1.0,-3.0,success
1757,0.37746191024780273,-3.2635674476623535,-0.0002517245302442461,0.00015263890963979065,1.5832483768463135e-05,0.0,0.0,success
1758,0.37768128514289856,-3.2625560760498047,-0.0002462565607856959,0.032340772449970245,0.03234032168984413,1.0,3.0,success
1759,0.377685010433197,-3.262535333633423,-0.000251130317337811,0.0006759535172022879,0.0006585714290849864,0.0,3.0,success
1760,0.37768471240997314,-3.262535333633423,-0.0002507504541426897,1.5088083273440134e-05,9.313225746154785e-06,0.0,3.0,success
1761,0.37789681553840637,-3.2615222930908203,-0.00024527707137167454,0.032344408333301544,0.03234395757317543,1.0,3.0,success
1762,0.3779008686542511,-3.2615017890930176,-0.00025032612029463053,0.0006719364318996668,0.0006531486287713051,0.0,-3.0,success
1763,0.3781135082244873,-3.260488986968994,-0.0002452220069244504,0.03234050050377846,0.03234010562300682,1.0,-3.0,success
1764,0.37833279371261597,-3.259455919265747,-0.0002454248024150729,0.03300264850258827,0.03300264850258827,1.0,-3.0,success
1765,0.3785545229911804,-3.258423328399658,-0.00024587326333858073,0.033004023134708405,0.033004019409418106,1.0,-3.0,success
1766,0.3787779211997986,-3.2573912143707275,-0.00024625571677461267,0.03300044685602188,0.03300044313073158,1.0,3.0,success
1767,0.3789995312690735,-3.2563588619232178,-0.0002465428551658988,0.032995954155921936,0.032995954155921936,1.0,-3.0,success
1768,0.3792227804660797,-3.255326747894287,-0.0002467916056048125,0.03299945965409279,0.03299945965409279,1.0,3.0,success
1769,0.37922728061676025,-3.2553060054779053,-0.00025185279082506895,0.0006818766705691814,0.0006632801960222423,0.0,-3.0,success
1770,0.379226952791214,-3.2553060054779053,-0.00025135432952083647,1.8643793737282977e-05,1.0244547411275562e-05,0.0,3.0,success
1771,0.3792266547679901,-3.2553060054779053,-0.000250645651249215,2.4024780941545032e-05,9.313225746154785e-06,0.0,3.0,success
1772,0.3792263865470886,-3.2553060054779053,-0.0002500637492630631,2.00232370843878e-05,8.381903171539307e-06,0.0,3.0,success
1773,0.37943902611732483,-3.254293203353882,-0.0002447129227221012,0.03234053775668144,0.03234010562300682,1.0,3.0,success
1774,0.37944310903549194,-3.2542724609375,-0.0002498745743650943,0.0006800452247262001,0.0006606386159546673,0.0,-3.0,success
1775,0.3796554505825043,-3.2532596588134766,-0.00024487223709002137,0.032338570803403854,0.03233819082379341,1.0,3.0,success
1776,0.3798691928386688,-3.252225399017334,-0.0002451449108775705,0.03300359845161438,0.03300359472632408,1.0,3.0,success
1777,0.3798721432685852,-3.252204418182373,-0.0002505327865947038,0.0006831750506535172,0.0006621022475883365,0.0,3.0,success
1778,0.3800773620605469,-3.251190185546875,-0.0002454030036460608,0.03233746811747551,0.032337069511413574,1.0,3.0,success
1779,0.38028377294540405,-3.250154495239258,-0.00024556979769840837,0.03300183266401291,0.03300183266401291,1.0,3.0,success
1780,0.3804878890514374,-3.2491183280944824,-0.00024598956224508584,0.03300251439213753,0.03300251066684723,1.0,3.0,success
1781,0.38069039583206177,-3.248081922531128,-0.0002463282144162804,0.03300014138221741,0.03300013765692711,1.0,-3.0,success
1782,0.38089510798454285,-3.2470457553863525,-0.000246614683419466,0.03300611302256584,0.03300611302256584,1.0,0.0,success
1783,0.38110023736953735,-3.2460100650787354,-0.00024683497031219304,0.03299402818083763,0.03299402818083763,1.0,-3.0,success
1784,0.38110432028770447,-3.2459893226623535,-0.0002518965629860759,0.0006793104112148285,0.0006606386159546673,0.0,-3.0,success
1785,0.38110458850860596,-3.2459893226623535,-0.00025137924239970744,1.821001023927238e-05,8.381903171539307e-06,0.0,-3.0,success
1786,0.3813122808933258,-3.2449755668640137,-0.0002457914815749973,0.03233835846185684,0.032337889075279236,1.0,3.0,success
1787,0.38152194023132324,-3.243940591812134,-0.0002458557137288153,0.0329999141395092,0.0329999141395092,1.0,-3.0,success
1788,0.38173404335975647,-3.242906093597412,-0.0002462163974996656,0.03300056606531143,0.03300056234002113,1.0,-3.0,success
1789,0.3819478750228882,-3.2418720722198486,-0.0002465301949996501,0.03299686312675476,0.03299686312675476,1.0,3.0,success
1790,0.3821599781513214,-3.240837574005127,-0.00024676223983988166,0.03300056606531143,0.03300056234002113,1.0,-3.0,success
1791,0.3823741376399994,-3.2398033142089844,-0.0002469619212206453,0.03300623968243599,0.03300623968243599,1.0,0.0,success
1792,0.3825879395008087,-3.238769292831421,-0.00024712292361073196,0.03299667686223984,0.03299667313694954,1.0,3.0,success
1793,0.38279926776885986,-3.23773455619812,-0.00024724603281356394,0.03300300985574722,0.03300300985574722,1.0,3.0,success
1794,0.38300853967666626,-3.2366995811462402,-0.0002473391068633646,0.03299751505255699,0.03299751505255699,1.0,0.0,success
1795,0.38301247358322144,-3.2366788387298584,-0.00025229513994418085,0.0006776897353120148,0.0006597550818696618,0.0,-3.0,success
1796,0.38322076201438904,-3.2356650829315186,-0.0002468131424393505,0.0323420874774456,0.03234163299202919,1.0,-3.0,success
1797,0.383434921503067,-3.234631061553955,-0.0002467083977535367,0.0329989418387413,0.0329989418387413,1.0,3.0,success
1798,0.38343486189842224,-3.234630823135376,-0.00025187336723320186,0.00016158790094777942,7.679882401134819e-06,0.0,0.0,success
1799,0.38343507051467896,-3.234630823135376,-0.0002512629725970328,2.015812242461834e-05,6.519257567560999e-06,0.0,-3.0,success
1800,0.38364508748054504,-3.2336175441741943,-0.0002456940710544586,0.032338425517082214,0.03233795613050461,1.0,3.0,success
1801,0.3836490213871002,-3.2335968017578125,-0.0002506597083993256,0.0006777583621442318,0.0006597550818696618,0.0,-3.0,success
1802,0.38385966420173645,-3.23258376121521,-0.00024548888904973865,0.03233503922820091,0.03233463317155838,1.0,-3.0,success
1803,0.38407623767852783,-3.2315499782562256,-0.00024564858176745474,0.03300702944397926,0.03300702944397926,1.0,3.0,success
1804,0.38407960534095764,-3.2315292358398438,-0.00025093555450439453,0.0006771530024707317,0.0006566880620084703,0.0,3.0,success
1805,0.3842874765396118,-3.230515480041504,-0.0002457250957377255,0.032339420169591904,0.03233901038765907,1.0,3.0,success
1806,0.3844972550868988,-3.229480504989624,-0.00024581674369983375,0.033000651746988297,0.033000651746988297,1.0,-3.0,success
1807,0.384500652551651,-3.229459762573242,-0.0002510793856345117,0.0006771132466383278,0.0006568379467353225,0.0,3.0,success
1808,0.38450029492378235,-3.229459524154663,-0.00025072452262975276,1.7418024071957916e-05,1.3431724255497102e-05,0.0,3.0,success
1809,0.38470423221588135,-3.228445053100586,-0.0002452462213113904,0.03233690932393074,0.03233645483851433,1.0,-3.0,success
1810,0.384913831949234,-3.227410078048706,-0.00024544019834138453,0.03299954906105995,0.03299954533576965,1.0,3.0,success
1811,0.38491716980934143,-3.227389097213745,-0.0002507681492716074,0.0006844562012702227,0.0006638964405283332,0.0,3.0,success
1812,0.38511893153190613,-3.2263741493225098,-0.0002455801295582205,0.03233814612030983,0.0323377400636673,1.0,-3.0,success
1813,0.3853270411491394,-3.2253386974334717,-0.00024571167887188494,0.033004943281412125,0.033004943281412125,1.0,-3.0,success
1814,0.3855368196964264,-3.224303722381592,-0.0002461126132402569,0.033000655472278595,0.033000651746988297,1.0,3.0,success
1815,0.3857448697090149,-3.223268508911133,-0.0002464276331011206,0.03299727290868759,0.03299726918339729,1.0,-3.0,success
1816,0.38595494627952576,-3.222233533859253,-0.0002466943406034261,0.03300250694155693,0.03300250694155693,1.0,0.0,success
1817,0.38595524430274963,-3.222233295440674,-0.0002518823021091521,0.00016256188973784447,1.1926747902180068e-05,0.0,0.0,success
1818,0.3861609995365143,-3.221219062805176,-0.0002463974233251065,0.03234085068106651,0.0323403961956501,1.0,3.0,success
1819,0.38636860251426697,-3.2201836109161377,-0.0002463507989887148,0.03300182893872261,0.03300182893872261,1.0,-3.0,success
1820,0.38657790422439575,-3.219148635864258,-0.00024662315263412893,0.032997701317071915,0.032997697591781616,1.0,3.0,success
1821,0.3865812122821808,-3.219127893447876,-0.00025172840105369687,0.0006755022332072258,0.0006563921342603862,0.0,3.0,success
1822,0.3867819309234619,-3.2181127071380615,-0.00024636011221446097,0.03233914449810982,0.0323387086391449,1.0,3.0,success
1823,0.38698437809944153,-3.217076301574707,-0.0002463246346451342,0.032999780029058456,0.032999780029058456,1.0,-3.0,success
1824,0.3871892988681793,-3.2160403728485107,-0.0002465920115355402,0.033000070601701736,0.03300006687641144,1.0,-3.0,success
1825,0.38719287514686584,-3.21601939201355,-0.00025171335437335074,0.0006840919377282262,0.0006651077419519424,0.0,3.0,success
1826,0.3873973786830902,-3.2149837017059326,-0.00024624631623737514,0.032990675419569016,0.0329902358353138,1.0,0.0,success
1827,0.3874008357524872,-3.214962959289551,-0.0002512251085136086,0.0006753091583959758,0.000657141616102308,0.0,3.0,success
1828,0.38759973645210266,-3.213947296142578,-0.00024593615671619773,0.032342784106731415,0.03234236314892769,1.0,-3.0,success
1829,0.3876033425331116,-3.2139265537261963,-0.0002508892794139683,0.0006758855888620019,0.0006579231703653932,0.0,3.0,success
1830,0.3878023624420166,-3.2129108905792236,-0.0002456636284478009,0.032343488186597824,0.03234307840466499,1.0,-3.0,success
1831,0.3880068361759186,-3.2118749618530273,-0.00024578787270002067,0.032997362315654755,0.032997362315654755,1.0,3.0,success
1832,0.38820880651474,-3.2108383178710938,-0.000246163661358878,0.033004242926836014,0.033004239201545715,1.0,3.0,success
1833,0.3884083032608032,-3.209801435470581,-0.0002464779245201498,0.03299686312675476,0.03299686312675476,1.0,3.0,success
1834,0.3884119689464569,-3.209780693054199,-0.00025160133372992277,0.0006774365901947021,0.0006582447676919401,0.0,-3.0,success
1835,0.3886086344718933,-3.2087645530700684,-0.0002462577831465751,0.032344069331884384,0.03234363719820976,1.0,-3.0,success
1836,0.3888116478919983,-3.207728385925293,-0.000246253825025633,0.03299586474895477,0.03299586474895477,1.0,-3.0,success
1837,0.3890170753002167,-3.2066924571990967,-0.0002465361903887242,0.03300314396619797,0.03300314396619797,1.0,-3.0,success
1838,0.38922491669654846,-3.2056570053100586,-0.00024677609326317906,0.033003292977809906,0.03300328925251961,1.0,-3.0,success
1839,0.3894351124763489,-3.204622268676758,-0.0002469687897246331,0.03299594670534134,0.03299594670534134,1.0,-3.0,success
1840,0.3896469175815582,-3.203587532043457,-0.00024713241145946085,0.03300599381327629,0.03300599381327629,1.0,3.0,success
1841,0.38985690474510193,-3.2025527954101562,-0.0002472440537530929,0.032994646579027176,0.032994646579027176,1.0,-3.0,success
1842,0.39006921648979187,-3.2015182971954346,-0.00024734254111535847,0.03300187364220619,0.03300187364220619,1.0,-3.0,success
1843,0.39028385281562805,-3.200484275817871,-0.0002474218199495226,0.033001963049173355,0.033001963049173355,1.0,-3.0,success
1844,0.39050012826919556,-3.199450731277466,-0.0002474946959409863,0.03299782797694206,0.03299782797694206,1.0,3.0,success
1845,0.3907138705253601,-3.1984164714813232,-0.0002475431247148663,0.03300359472632408,0.03300359472632408,1.0,3.0,success
1846,0.390925794839859,-3.1973819732666016,-0.00024757187929935753,0.032999441027641296,0.032999441027641296,1.0,-3.0,success
1847,0.3911401033401489,-3.196347951889038,-0.0002476044755894691,0.032999880611896515,0.032999880611896515,1.0,-3.0,success
1848,0.39135608077049255,-3.195314407348633,-0.00024764094268903136,0.03299592435359955,0.03299592435359955,1.0,3.0,success
1849,0.3915696144104004,-3.1942801475524902,-0.0002476602967362851,0.033002275973558426,0.033002275973558426,1.0,3.0,success
1850,0.3915736973285675,-3.1942594051361084,-0.000252546597039327,0.0006780558614991605,0.0006606386159546673,0.0,-3.0,success
1851,0.3915732502937317,-3.1942594051361084,-0.00025190931046381593,2.4326360289705917e-05,1.3969837709737476e-05,0.0,3.0,success
1852,0.39178070425987244,-3.1932456493377686,-0.0002462056290823966,0.03233688697218895,0.03233639523386955,1.0,3.0,success
1853,0.3917846083641052,-3.1932249069213867,-0.00025106838438659906,0.0006768609746359289,0.0006595822051167488,0.0,-3.0,success
1854,0.39199259877204895,-3.192211151123047,-0.0002458158996887505,0.03234018012881279,0.032339759171009064,1.0,-3.0,success
1855,0.39220717549324036,-3.1911771297454834,-0.000245899660512805,0.03300158306956291,0.03300158306956291,1.0,-3.0,success
1856,0.39242348074913025,-3.190143585205078,-0.00024626299273222685,0.032998017966747284,0.032998017966747284,1.0,3.0,success
1857,0.3924235701560974,-3.19014310836792,-0.00025153125170618296,0.0001653296931181103,1.5160831935645547e-05,0.0,0.0,success
1858,0.39263346791267395,-3.1891298294067383,-0.0002461163967382163,0.03233764320611954,0.03233719989657402,1.0,3.0,success
1859,0.3926374614238739,-3.1891090869903564,-0.00025100793573074043,0.000677572563290596,0.0006601046770811081,0.0,-3.0,success
1860,0.3928478956222534,-3.188095808029175,-0.0002457680820953101,0.032341018319129944,0.032340604811906815,1.0,-3.0,success
1861,0.3930649757385254,-3.1870625019073486,-0.0002458615053910762,0.03299569711089134,0.03299569711089134,1.0,-3.0,success
1862,0.3930695950984955,-3.187041759490967,-0.00025110412389039993,0.0006839905981905758,0.0006640799692831933,0.0,-3.0,success
1863,0.39307013154029846,-3.187041997909546,-0.00025074504083022475,2.1504765754798427e-05,1.8344926502322778e-05,0.0,-3.0,success
1864,0.39307060837745667,-3.187041997909546,-0.0002501581038814038,2.3631873773410916e-05,1.4901160284352954e-05,0.0,-3.0,success
1865,0.3930707573890686,-3.187041997909546,-0.00024967893841676414,1.568127299833577e-05,4.656612873077393e-06,0.0,0.0,success
1866,0.39307090640068054,-3.187041997909546,-0.0002492907806299627,1.2993045857001562e-05,4.656612873077393e-06,0.0,0.0,success
1867,0.3932921886444092,-3.1860311031341553,-0.00024410037440247834,0.032338857650756836,0.032338451594114304,1.0,3.0,success
1868,0.3935157060623169,-3.1849989891052246,-0.00024450241471640766,0.033001236617565155,0.03300123289227486,1.0,-3.0,success
1869,0.39352017641067505,-3.184978485107422,-0.0002500164264347404,0.0006780617986805737,0.0006558018503710628,0.0,-3.0,success
1870,0.3937436044216156,-3.1839675903320312,-0.00024499965365976095,0.0323532335460186,0.032352857291698456,1.0,3.0,success
1871,0.3939686119556427,-3.182935953140259,-0.0002452485205139965,0.032996561378240585,0.032996561378240585,1.0,3.0,success
1872,0.3941919207572937,-3.181903839111328,-0.0002457219816278666,0.032999858260154724,0.032999854534864426,1.0,-3.0,success
1873,0.3944169878959656,-3.1808719635009766,-0.00024613464483991265,0.033004239201545715,0.03300423547625542,1.0,3.0,success
1874,0.39442044496536255,-3.1808512210845947,-0.00025133881717920303,0.0006769665633328259,0.000657141616102308,0.0,3.0,success
1875,0.39463669061660767,-3.1798391342163086,-0.00024604855570942163,0.03234201297163963,0.03234158456325531,1.0,3.0,success
1876,0.39464065432548523,-3.1798183917999268,-0.00025095746968872845,0.0006775243673473597,0.0006599292391911149,0.0,-3.0,success
1877,0.3948574662208557,-3.1788065433502197,-0.00024572768597863615,0.03233841806650162,0.03233800828456879,1.0,-3.0,success
1878,0.3948618769645691,-3.178786039352417,-0.00025071119307540357,0.0006736560026183724,0.0006554076098836958,0.0,-3.0,success
1879,0.39486217498779297,-3.178786039352417,-0.0002504165458958596,1.3096500879328232e-05,9.313225746154785e-06,0.0,-3.0,success
1880,0.39486244320869446,-3.178786039352417,-0.00024989445228129625,1.8342556359129958e-05,8.381903171539307e-06,0.0,-3.0,success
1881,0.3948620855808258,-3.178786039352417,-0.00024947337806224823,1.7264066627831198e-05,1.117586998589104e-05,0.0,3.0,success
1882,0.39508548378944397,-3.1777756214141846,-0.00024424114963039756,0.03233851492404938,0.03233810514211655,1.0,3.0,success
1883,0.3953104019165039,-3.176743745803833,-0.00024462491273880005,0.033003248274326324,0.033003244549036026,1.0,3.0,success
1884,0.39531007409095764,-3.176743268966675,-0.0002502066781744361,0.00017536498489789665,1.8083013856085017e-05,0.0,0.0,success
1885,0.39552855491638184,-3.175731658935547,-0.00024505608598701656,0.0323420912027359,0.032341692596673965,1.0,3.0,success
1886,0.3955317437648773,-3.175710916519165,-0.00025017186999320984,0.0006750200991518795,0.0006558157620020211,0.0,3.0,success
1887,0.3957497179508209,-3.174677848815918,-0.00024499776191078126,0.03299455717206001,0.032994162291288376,1.0,0.0,success
1888,0.39596813917160034,-3.173644542694092,-0.00024533254327252507,0.033004339784383774,0.033004339784383774,1.0,-3.0,success
1889,0.39596813917160034,-3.1736443042755127,-0.0002507870376575738,0.00017061570542864501,7.450580142176477e-06,0.0,0.0,success
1890,0.3961842954158783,-3.1726322174072266,-0.0002455209323670715,0.032341424375772476,0.03234100341796875,1.0,3.0,success
1891,0.3964025676250458,-3.1715991497039795,-0.00024564971681684256,0.03299608454108238,0.03299608454108238,1.0,-3.0,success
1892,0.39662256836891174,-3.1705663204193115,-0.00024606261285953224,0.03300001099705696,0.03300001099705696,1.0,3.0,success
1893,0.3968401849269867,-3.1695330142974854,-0.0002463976270519197,0.03299914672970772,0.03299914672970772,1.0,3.0,success
1894,0.39705541729927063,-3.168498992919922,-0.0002466660225763917,0.03300575911998749,0.03300575911998749,1.0,3.0,success
1895,0.3970583975315094,-3.16847825050354,-0.00025176332565024495,0.0006739518139511347,0.0006548568489961326,0.0,3.0,success
1896,0.39726582169532776,-3.167464256286621,-0.00024637693422846496,0.032343942672014236,0.032343506813049316,1.0,-3.0,success
1897,0.3974790871143341,-3.1664299964904785,-0.0002463592973072082,0.033000580966472626,0.033000580966472626,1.0,3.0,success
1898,0.39769065380096436,-3.165395498275757,-0.0002466107252985239,0.03299720212817192,0.03299720212817192,1.0,-3.0,success
1899,0.39769411087036133,-3.165374755859375,-0.0002517280518077314,0.0006763197015970945,0.000657141616102308,0.0,3.0,success
1900,0.39769378304481506,-3.165374517440796,-0.0002512439386919141,1.973156031453982e-05,1.2667356713791378e-05,0.0,3.0,success
1901,0.39789941906929016,-3.164360284805298,-0.000245661853114143,0.03234012797474861,0.032339658588171005,1.0,-3.0,success
1902,0.3981115221977234,-3.163325786590576,-0.00024576240684837103,0.03300056234002113,0.03300056234002113,1.0,-3.0,success
1903,0.39832526445388794,-3.1622917652130127,-0.0002461524272803217,0.03299630060791969,0.03299630060791969,1.0,3.0,success
1904,0.3985365927219391,-3.161257028579712,-0.00024646916426718235,0.03300300985574722,0.03300300985574722,1.0,3.0,success
1905,0.3987457752227783,-3.160221815109253,-0.0002467177982907742,0.033004261553287506,0.033004261553287506,1.0,0.0,success
1906,0.3989546298980713,-3.159186840057373,-0.000246927491389215,0.03299492970108986,0.03299492970108986,1.0,3.0,success
1907,0.3991614282131195,-3.158151149749756,-0.0002470846229698509,0.03300420194864273,0.03300420194864273,1.0,0.0,success
1908,0.39936792850494385,-3.1571154594421387,-0.00024722094531171024,0.033002376556396484,0.033002376556396484,1.0,3.0,success
1909,0.3995727598667145,-3.1560795307159424,-0.0002473141939844936,0.03299952670931816,0.03299952670931816,1.0,-3.0,success
1910,0.39957672357559204,-3.1560590267181396,-0.00025227924925275147,0.0006708034197799861,0.000652612594421953,0.0,-3.0,success
1911,0.3997819721698761,-3.1550445556640625,-0.0002468122693244368,0.0323450043797493,0.032344553619623184,1.0,3.0,success
1912,0.3999890983104706,-3.1540091037750244,-0.00024668677360750735,0.03299890086054802,0.03299890086054802,1.0,-3.0,success
1913,0.400198370218277,-3.1529741287231445,-0.0002468868042342365,0.03299751505255699,0.03299751505255699,1.0,0.0,success
1914,0.4004072844982147,-3.1519389152526855,-0.00024706224212422967,0.03300260379910469,0.03300260379910469,1.0,3.0,success
1915,0.40061450004577637,-3.1509034633636475,-0.00024718735949136317,0.03299944847822189,0.03299944847822189,1.0,-3.0,success
1916,0.4008234739303589,-3.1498682498931885,-0.00024730717996135354,0.03300297260284424,0.03300297260284424,1.0,3.0,success
1917,0.4010307192802429,-3.1488327980041504,-0.0002473834902048111,0.03299963101744652,0.03299963101744652,1.0,-3.0,success
1918,0.40124040842056274,-3.1477978229522705,-0.0002474536595400423,0.033000100404024124,0.033000100404024124,1.0,-3.0,success
1919,0.40145251154899597,-3.146763563156128,-0.00024751038290560246,0.03299326449632645,0.03299326449632645,1.0,-3.0,success
1920,0.4016669988632202,-3.1457295417785645,-0.0002475559012964368,0.033001020550727844,0.033001020550727844,1.0,-3.0,success
1921,0.40188315510749817,-3.14469575881958,-0.00024760200176388025,0.033004358410835266,0.033004358410835266,1.0,3.0,success
1922,0.4020974934101105,-3.1436617374420166,-0.00024761955137364566,0.033000074326992035,0.033000070601701736,1.0,-3.0,success
1923,0.40231382846832275,-3.1426281929016113,-0.00024764754925854504,0.032998207956552505,0.032998207956552505,1.0,0.0,success
1924,0.4025304615497589,-3.141594648361206,-0.00024766146088950336,0.033000119030475616,0.033000119030475616,1.0,-3.0,success
1925,0.402748703956604,-3.14056134223938,-0.00024768628645688295,0.03300318494439125,0.03300318494439125,1.0,3.0,success
1926,0.4029651880264282,-3.1395277976989746,-0.00024768689763732255,0.03299916535615921,0.03299916535615921,1.0,-3.0,success
1927,0.40318331122398376,-3.1384947299957275,-0.00024770645541138947,0.03299512341618538,0.03299512341618538,1.0,3.0,success
1928,0.4033997058868408,-3.137460947036743,-0.00024770296295173466,0.033005885779857635,0.033005885779857635,1.0,-3.0,success
1929,0.40361809730529785,-3.136427879333496,-0.0002477142261341214,0.032996855676174164,0.032996855676174164,1.0,0.0,success
1930,0.4036225974559784,-3.1364071369171143,-0.00025259581161662936,0.0006805967423133552,0.0006632801960222423,0.0,-3.0,success
1931,0.40362241864204407,-3.1364071369171143,-0.0002519486879464239,2.098044569720514e-05,5.58793499294552e-06,0.0,3.0,success
1932,0.40362223982810974,-3.1364073753356934,-0.00025112091680057347,2.7493302695802413e-05,9.313225746154785e-06,0.0,3.0,success
1933,0.4038350284099579,-3.13539457321167,-0.0002455487847328186,0.03234153240919113,0.032341063022613525,1.0,-3.0,success
1934,0.40383970737457275,-3.135373830795288,-0.00025055339210666716,0.00068264378933236,0.0006644873647019267,0.0,-3.0,success
1935,0.4038402736186981,-3.135374069213867,-0.0002502898860257119,2.0891069652861916e-05,1.9199706002837047e-05,0.0,-3.0,success
1936,0.4040592610836029,-3.1343626976013184,-0.00024491891963407397,0.03233819082379341,0.03233775496482849,1.0,3.0,success
1937,0.404280424118042,-3.1333301067352295,-0.00024515806580893695,0.03300030902028084,0.03300030902028084,1.0,-3.0,success
1938,0.4042842984199524,-3.1333093643188477,-0.0002505520824342966,0.0006806142628192902,0.000659410550724715,0.0,3.0,success
1939,0.4045006334781647,-3.1322972774505615,-0.0002454183413647115,0.0323425717651844,0.03234217315912247,1.0,3.0,success
1940,0.4047183096408844,-3.1312639713287354,-0.0002455816138535738,0.03299953415989876,0.03299953043460846,1.0,3.0,success
1941,0.4049343168735504,-3.130230188369751,-0.0002459883107803762,0.03300340846180916,0.03300340846180916,1.0,-3.0,success
1942,0.4051520526409149,-3.129196882247925,-0.0002463475975673646,0.0329999178647995,0.0329999141395092,1.0,3.0,success
1943,0.4053674042224884,-3.1281630992889404,-0.00024662629584781826,0.032999224960803986,0.03299922123551369,1.0,3.0,success
1944,0.40558040142059326,-3.127128839492798,-0.00024684894015081227,0.03299889340996742,0.032998889684677124,1.0,3.0,success
1945,0.4057917296886444,-3.126094102859497,-0.00024701637448742986,0.03300300985574722,0.03300300985574722,1.0,-3.0,success
1946,0.4060055613517761,-3.1250600814819336,-0.0002471597690600902,0.03299686312675476,0.03299686312675476,1.0,-3.0,success
1947,0.40600913763046265,-3.1250393390655518,-0.00025216801441274583,0.0006761276163160801,0.0006577642634510994,0.0,3.0,success
1948,0.40600886940956116,-3.1250391006469727,-0.0002515958622097969,2.1105759515194222e-05,1.1214608093723655e-05,0.0,3.0,success
1949,0.40621674060821533,-3.124025344848633,-0.00024594340356998146,0.03233949467539787,0.03233901038765907,1.0,-3.0,success
1950,0.4062170684337616,-3.1240251064300537,-0.00025097152683883905,0.00015763861301820725,1.2667356713791378e-05,0.0,0.0,success
1951,0.4064275026321411,-3.123011827468872,-0.00024564258637838066,0.03234103322029114,0.032340604811906815,1.0,-3.0,success
1952,0.40664440393447876,-3.121978282928467,-0.0002457572554703802,0.033001840114593506,0.033001840114593506,1.0,-3.0,success
1953,0.4068636894226074,-3.120945453643799,-0.00024613909772597253,0.03299536183476448,0.03299536183476448,1.0,-3.0,success
1954,0.4068644046783447,-3.1209452152252197,-0.0002514419611543417,0.0001673809892963618,2.3560804038424976e-05,0.0,0.0,success
1955,0.4070819616317749,-3.1199333667755127,-0.0002460345276631415,0.03234333172440529,0.03234289214015007,1.0,-3.0,success
1956,0.4070863127708435,-3.11991286277771,-0.0002509644837118685,0.0006728922598995268,0.0006550183752551675,0.0,3.0,success
1957,0.40730389952659607,-3.118901014328003,-0.00024572364054620266,0.03234350308775902,0.03234308958053589,1.0,-3.0,success
1958,0.4073082506656647,-3.1188805103302,-0.00025071908021345735,0.000673363683745265,0.0006550183752551675,0.0,3.0,success
1959,0.4073091149330139,-3.1188807487487793,-0.00025041273329406977,2.9607619580929168e-05,2.8017178919981234e-05,0.0,-3.0,success
1960,0.40752869844436646,-3.1178693771362305,-0.0002450058236718178,0.03234214335680008,0.03234170377254486,1.0,-3.0,success
1961,0.40775415301322937,-3.116837739944458,-0.00024524808395653963,0.032999541610479355,0.032999541610479355,1.0,3.0,success
1962,0.4079778492450714,-3.1158056259155273,-0.0002457217196933925,0.03300241753458977,0.03300241380929947,1.0,-3.0,success
1963,0.4082031548023224,-3.114773988723755,-0.000246134091867134,0.032998546957969666,0.03299854323267937,1.0,3.0,success
1964,0.4084260165691376,-3.113741636276245,-0.0002464552235323936,0.03300418704748154,0.03300418704748154,1.0,3.0,success
1965,0.4086464047431946,-3.112708806991577,-0.0002467118320055306,0.03300253301858902,0.03300253301858902,1.0,3.0,success
1966,0.4086504578590393,-3.1126883029937744,-0.00025178835494443774,0.0006721385288983583,0.0006531486287713051,0.0,-3.0,success
1967,0.4086505174636841,-3.1126883029937744,-0.0002512920764274895,1.5620156773366034e-05,1.8626450355441193e-06,0.0,-3.0,success
1968,0.40886908769607544,-3.1116766929626465,-0.0002457217196933925,0.03234274685382843,0.03234228119254112,1.0,3.0,success
1969,0.40908992290496826,-3.1106441020965576,-0.0002457999507896602,0.03299816697835922,0.03299816697835922,1.0,-3.0,success
1970,0.40931248664855957,-3.109611749649048,-0.00024618225870653987,0.03300222009420395,0.03300222009420395,1.0,3.0,success
1971,0.40931588411331177,-3.109591007232666,-0.000251376157393679,0.0006765947327949107,0.0006568379467353225,0.0,3.0,success
1972,0.4095296859741211,-3.1085784435272217,-0.0002460783871356398,0.03234072029590607,0.03234029933810234,1.0,3.0,success
1973,0.40974557399749756,-3.1075446605682373,-0.0002460992836859077,0.033002644777297974,0.033002644777297974,1.0,-3.0,success
1974,0.4099639058113098,-3.106511354446411,-0.0002464117424096912,0.03300376236438751,0.033003758639097214,1.0,-3.0,success
1975,0.41018474102020264,-3.1054787635803223,-0.00024667626712471247,0.03299816697835922,0.03299816697835922,1.0,-3.0,success
1976,0.41040724515914917,-3.1044464111328125,-0.0002468986785970628,0.03300182893872261,0.03300182893872261,1.0,3.0,success
1977,0.4106273353099823,-3.1034135818481445,-0.0002470667823217809,0.03300059214234352,0.03300059214234352,1.0,3.0,success
1978,0.41084498167037964,-3.1023802757263184,-0.00024720095098018646,0.03299934044480324,0.03299934044480324,1.0,3.0,success
1979,0.4108482003211975,-3.1023595333099365,-0.0002521908318158239,0.0006742374389432371,0.0006559579051099718,0.0,3.0,success
1980,0.410847932100296,-3.1023592948913574,-0.00025160866789519787,2.137145202141255e-05,1.1214608093723655e-05,0.0,0.0,success
1981,0.41105765104293823,-3.101346015930176,-0.0002459589159116149,0.03233655169606209,0.03233606740832329,1.0,-3.0,success
1982,0.4112739562988281,-3.1003122329711914,-0.0002460000105202198,0.033005308359861374,0.033005308359861374,1.0,-3.0,success
1983,0.4112742841243744,-3.1003119945526123,-0.00025131599977612495,0.00016660691471770406,1.2667356713791378e-05,0.0,0.0,success
1984,0.41127482056617737,-3.1003122329711914,-0.00025081788771785796,2.4059025236056186e-05,1.8344926502322778e-05,0.0,-3.0,success
1985,0.41149526834487915,-3.0992796421051025,-0.0002452355402056128,0.03299609571695328,0.03299563378095627,1.0,0.0,success
1986,0.41171541810035706,-3.0982468128204346,-0.00024551936076022685,0.03300097957253456,0.03300097957253456,1.0,3.0,success
1987,0.4117196798324585,-3.098226308822632,-0.0002508241741452366,0.0006751138134859502,0.0006544440984725952,0.0,-3.0,success
1988,0.41193652153015137,-3.097214460372925,-0.00024563551414757967,0.03233860805630684,0.03233820199966431,1.0,-3.0,success
1989,0.4119411110877991,-3.097193956375122,-0.0002506384043954313,0.0006749615422450006,0.000656605523545295,0.0,-3.0,success
1990,0.4121629595756531,-3.0961830615997314,-0.0002454734349157661,0.03234264254570007,0.03234223648905754,1.0,-3.0,success
1991,0.41239091753959656,-3.095151901245117,-0.0002456361544318497,0.03300178050994873,0.03300178050994873,1.0,3.0,success
1992,0.41261640191078186,-3.0941202640533447,-0.00024604235659353435,0.03299973905086517,0.03299973905086517,1.0,3.0,success
1993,0.4126207232475281,-3.094099521636963,-0.00025125258252955973,0.0006818433757871389,0.0006621179054491222,0.0,-3.0,success
1994,0.4128427803516388,-3.0930888652801514,-0.0002459788229316473,0.032336775213479996,0.03233635798096657,1.0,-3.0,success
1995,0.4130709767341614,-3.092057704925537,-0.00024604113423265517,0.033003389835357666,0.033003389835357666,1.0,3.0,success
1996,0.41329747438430786,-3.0910263061523438,-0.0002463564451318234,0.03299923986196518,0.03299923986196518,1.0,-3.0,success
1997,0.4135260283946991,-3.0899953842163086,-0.0002466366859152913,0.03299853578209877,0.03299853205680847,1.0,0.0,success
1998,0.4137542247772217,-3.0889642238616943,-0.00024686282267794013,0.033003393560647964,0.033003389835357666,1.0,3.0,success
1999,0.41375863552093506,-3.0889437198638916,-0.0002519094559829682,0.0006741147954016924,0.0006554076098836958,0.0,-3.0,success
2000,0.4139825999736786,-3.087933301925659,-0.00024651590501889586,0.03234236687421799,0.03234192728996277,1.0,3.0,success
2001,0.41420817375183105,-3.0869016647338867,-0.0002464601129759103,0.03300033509731293,0.03300033509731293,1.0,3.0,success
2002,0.4144320785999298,-3.085869550704956,-0.0002466907608322799,0.0330037958920002,0.0330037958920002,1.0,-3.0,success
2003,0.4146578013896942,-3.0848381519317627,-0.0002469093888066709,0.03299405425786972,0.03299405425786972,1.0,3.0,success
2004,0.41488149762153625,-3.083806037902832,-0.00024707033298909664,0.03300241380929947,0.03300241380929947,1.0,0.0,success
2005,0.4151048958301544,-3.0827739238739014,-0.0002472095366101712,0.03300044313073158,0.03300044313073158,1.0,3.0,success
2006,0.41532593965530396,-3.0817413330078125,-0.00024731559096835554,0.03299952670931816,0.03299952670931816,1.0,3.0,success
2007,0.41554534435272217,-3.0807082653045654,-0.0002473895438015461,0.033003419637680054,0.033003419637680054,1.0,-3.0,success
2008,0.41576653718948364,-3.0796756744384766,-0.0002474689681548625,0.03300050273537636,0.03300050273537636,1.0,3.0,success
2009,0.4157705307006836,-3.079655170440674,-0.00025239409296773374,0.000670688517857343,0.0006527900113724172,0.0,-3.0,success
2010,0.4159878194332123,-3.078643321990967,-0.00024690371355973184,0.03234158456325531,0.0323411300778389,1.0,3.0,success
2011,0.41620659828186035,-3.0776102542877197,-0.00024677041801624,0.03299936279654503,0.03299936279654503,1.0,3.0,success
2012,0.4162103235721588,-3.077589511871338,-0.00025182036915794015,0.000677215401083231,0.0006585714290849864,0.0,-3.0,success
2013,0.41642600297927856,-3.0765771865844727,-0.00024643191136419773,0.03234562277793884,0.032345183193683624,1.0,-3.0,success
2014,0.4166477620601654,-3.075544834136963,-0.0002464036224409938,0.03299693018198013,0.03299693018198013,1.0,3.0,success
2015,0.4168678820133209,-3.074512004852295,-0.0002466461737640202,0.03300078585743904,0.03300078585743904,1.0,-3.0,success
2016,0.41687142848968506,-3.074491262435913,-0.00025175645714625716,0.0006767197046428919,0.0006576066953130066,0.0,3.0,success
2017,0.4170868694782257,-3.073478937149048,-0.00024638287140987813,0.032344069331884384,0.032343629747629166,1.0,3.0,success
2018,0.41709020733833313,-3.073458194732666,-0.0002512360515538603,0.0006738288793712854,0.0006565394578501582,0.0,3.0,success
2019,0.4170900285243988,-3.073457956314087,-0.00025083034415729344,1.573139707033988e-05,9.313225746154785e-06,0.0,0.0,success
2020,0.4173004627227783,-3.0724449157714844,-0.0002453468623571098,0.03233376517891884,0.032333310693502426,1.0,3.0,success
2021,0.4175129532814026,-3.0714104175567627,-0.0002454998029861599,0.03300299495458603,0.03300299495458603,1.0,-3.0,success
2022,0.41772788763046265,-3.070376396179199,-0.00024593164562247694,0.03300386294722557,0.03300385922193527,1.0,-3.0,success
2023,0.4179452657699585,-3.069343090057373,-0.00024629232939332724,0.03299761563539505,0.03299761191010475,1.0,-3.0,success
2024,0.41816437244415283,-3.068310022354126,-0.0002465916331857443,0.03300148621201515,0.03300148621201515,1.0,3.0,success
2025,0.418381005525589,-3.0672764778137207,-0.000246821204200387,0.033000119030475616,0.033000119030475616,1.0,3.0,success
2026,0.4183851182460785,-3.067255973815918,-0.00025187592837028205,0.0006723316619172692,0.0006535123684443533,0.0,-3.0,success
2027,0.4185985028743744,-3.0662431716918945,-0.00024647751706652343,0.03234533593058586,0.03234489634633064,1.0,-3.0,success
2028,0.41860222816467285,-3.0662224292755127,-0.00025132307200692594,0.0006757554947398603,0.0006585714290849864,0.0,3.0,success
2029,0.41860201954841614,-3.0662224292755127,-0.00025090525741688907,1.4593775631510653e-05,6.519257567560999e-06,0.0,3.0,success
2030,0.4188135266304016,-3.06520938873291,-0.0002453901688568294,0.032340604811906815,0.032340146601200104,1.0,-3.0,success
2031,0.41881734132766724,-3.0651886463165283,-0.0002504386939108372,0.0006776908994652331,0.0006590710836462677,0.0,3.0,success
2032,0.41881728172302246,-3.0651886463165283,-0.0002501970448065549,7.777860446367413e-06,1.8626450355441193e-06,0.0,3.0,success
2033,0.4188178479671478,-3.0651888847351074,-0.00024970914819277823,2.4517190468031913e-05,1.9199706002837047e-05,0.0,-3.0,success
2034,0.41881832480430603,-3.0651888847351074,-0.000249314442044124,1.9343890016898513e-05,1.4901160284352954e-05,0.0,-3.0,success
2035,0.41903555393218994,-3.0641555786132812,-0.00024402153212577105,0.032997071743011475,0.03299665451049805,1.0,0.0,success
2036,0.4192531406879425,-3.063122272491455,-0.0002445379795972258,0.032998960465192795,0.0329989530146122,1.0,-3.0,success
2037,0.4194728136062622,-3.062089443206787,-0.00024517212295904756,0.03299788013100624,0.032997872680425644,1.0,0.0,success
2038,0.4196927845478058,-3.06105637550354,-0.0002456812362652272,0.03300710394978523,0.033007100224494934,1.0,-3.0,success
2039,0.4199150800704956,-3.0600242614746094,-0.0002460929099470377,0.03299317508935928,0.032993171364068985,1.0,-3.0,success
2040,0.41991928219795227,-3.0600035190582275,-0.0002513150393497199,0.00068120431387797,0.0006613681907765567,0.0,3.0,success
2041,0.4199194312095642,-3.0600035190582275,-0.00025091308634728193,1.3396400390774943e-05,4.656612873077393e-06,0.0,3.0,success
2042,0.4199194610118866,-3.0600037574768066,-0.0002502919523976743,2.0812100046896376e-05,7.508562248403905e-06,0.0,3.0,success
2043,0.42013314366340637,-3.058990955352783,-0.0002448855375405401,0.032347261905670166,0.03234681859612465,1.0,-3.0,success
2044,0.4203529953956604,-3.0579581260681152,-0.0002451458713039756,0.03299903869628906,0.03299903869628906,1.0,0.0,success
2045,0.42035698890686035,-3.0579373836517334,-0.0002505382290109992,0.0006812739884480834,0.0006601046770811081,0.0,3.0,success
2046,0.42056986689567566,-3.05692458152771,-0.00024540696176700294,0.032342035323381424,0.03234163671731949,1.0,3.0,success
2047,0.4205734431743622,-3.056903839111328,-0.00025045566144399345,0.0006764213903807104,0.0006577642634510994,0.0,3.0,success
2048,0.42078202962875366,-3.0558903217315674,-0.000245316099608317,0.03233661130070686,0.03233620896935463,1.0,-3.0,success
2049,0.4207865297794342,-3.0558695793151855,-0.0002503820287529379,0.0006819110712967813,0.0006632801960222423,0.0,-3.0,success
2050,0.42078670859336853,-3.0558695793151855,-0.00025015848223119974,8.945770787249785e-06,5.58793499294552e-06,0.0,0.0,success
2051,0.421000212430954,-3.054857015609741,-0.0002447986335027963,0.032338809221982956,0.032338373363018036,1.0,-3.0,success
2052,0.42100411653518677,-3.0548362731933594,-0.0002499660477042198,0.000679061864502728,0.0006595822051167488,0.0,3.0,success
2053,0.42121782898902893,-3.053823709487915,-0.00024492418742738664,0.03234010562300682,0.03233972191810608,1.0,-3.0,success
2054,0.4214372932910919,-3.052790641784668,-0.0002451964537613094,0.033003807067871094,0.033003807067871094,1.0,3.0,success
2055,0.42165496945381165,-3.051757335662842,-0.00024568106164224446,0.032999537885189056,0.03299953043460846,1.0,-3.0,success
2056,0.4216589033603668,-3.05173659324646,-0.00025098476908169687,0.0006802550051361322,0.0006597550818696618,0.0,3.0,success
2057,0.42187178134918213,-3.0507240295410156,-0.00024576514260843396,0.03233475610613823,0.0323343463242054,1.0,3.0,success
2058,0.42208588123321533,-3.049689769744873,-0.00024585885694250464,0.033005859702825546,0.033005859702825546,1.0,3.0,success
2059,0.42229756712913513,-3.0486552715301514,-0.00024622026830911636,0.03299795091152191,0.03299794718623161,1.0,3.0,success
2060,0.4225068688392639,-3.0476202964782715,-0.0002465234720148146,0.032997701317071915,0.032997697591781616,1.0,3.0,success
2061,0.422714501619339,-3.0465848445892334,-0.0002467560407239944,0.033002011477947235,0.033002011477947235,1.0,-3.0,success
2062,0.42271843552589417,-3.0465641021728516,-0.00025183302932418883,0.0006785635487176478,0.0006597550818696618,0.0,-3.0,success
2063,0.4227185547351837,-3.0465641021728516,-0.0002513282815925777,1.62073083629366e-05,3.7252900710882386e-06,0.0,-3.0,success
2064,0.4227180480957031,-3.0465641021728516,-0.00025063491193577647,2.6835818061954342e-05,1.5832483768463135e-05,0.0,3.0,success
2065,0.42293041944503784,-3.045529842376709,-0.0002450691245030612,0.03299540653824806,0.03299495205283165,1.0,0.0,success
2066,0.42293456196784973,-3.045509099960327,-0.0002502574061509222,0.0006805949960835278,0.0006610009004361928,0.0,-3.0,success
2067,0.4229341447353363,-3.045509099960327,-0.00025006727082654834,1.4328538782137912e-05,1.3038515135121997e-05,0.0,3.0,success
2068,0.42314332723617554,-3.0444955825805664,-0.0002447203441988677,0.0323403999209404,0.032339971512556076,1.0,-3.0,success
2069,0.42314356565475464,-3.0444953441619873,-0.0002499937836546451,0.00016513146692886949,1.0536711670283694e-05,0.0,0.0,success
2070,0.423355370759964,-3.0434823036193848,-0.0002448603045195341,0.03234244883060455,0.03234205022454262,1.0,-3.0,success
2071,0.42357298731803894,-3.0424489974975586,-0.00024514150572940707,0.03299914672970772,0.03299914672970772,1.0,3.0,success
2072,0.4235773980617523,-3.042428493499756,-0.0002505188749637455,0.0006766073638573289,0.0006554076098836958,0.0,-3.0,success
2073,0.4235774278640747,-3.0424282550811768,-0.000250281416811049,1.0556671441008803e-05,7.508562248403905e-06,0.0,0.0,success
2074,0.4237910211086273,-3.0414156913757324,-0.00024490864598192275,0.032339390367269516,0.0323389507830143,1.0,3.0,success
2075,0.4240066111087799,-3.040381908416748,-0.00024514959659427404,0.03300074487924576,0.03300074115395546,1.0,-3.0,success
2076,0.42400670051574707,-3.040381669998169,-0.0002506357559468597,0.00017162703443318605,7.957222805998754e-06,0.0,0.0,success
2077,0.4242200255393982,-3.0393691062927246,-0.0002453995402902365,0.03233763575553894,0.03233722597360611,1.0,3.0,success
2078,0.4244346618652344,-3.038335084915161,-0.00024556281277909875,0.033001963049173355,0.033001963049173355,1.0,3.0,success
2079,0.4244377911090851,-3.0383141040802,-0.0002508664329070598,0.0006833082297816873,0.0006629034178331494,0.0,3.0,success
2080,0.42443716526031494,-3.0383141040802,-0.0002505539741832763,2.185975063184742e-05,1.9557772247935645e-05,0.0,3.0,success
2081,0.42464110255241394,-3.037299633026123,-0.0002451208420097828,0.03233690187335014,0.03233645483851433,1.0,3.0,success
2082,0.4246407449245453,-3.037299156188965,-0.0002503032155800611,0.00016301679715979844,1.862645149230957e-05,0.0,0.0,success
2083,0.4246407151222229,-3.037299156188965,-0.0002499922993592918,9.760664397617802e-06,9.313225177720597e-07,0.0,-3.0,success
2084,0.4246407151222229,-3.037299156188965,-0.0002495505032129586,1.3806128663418349e-05,0.0,0.0,-3.0,success
2085,0.42464080452919006,-3.037299156188965,-0.00024918740382418036,1.1685777280945331e-05,2.79396749647276e-06,0.0,-3.0,success
2086,0.42484965920448303,-3.036285638809204,-0.0002440106909489259,0.032338306307792664,0.03233790025115013,1.0,-3.0,success
2087,0.4250642955303192,-3.0352516174316406,-0.00024445177405141294,0.033001966774463654,0.033001963049173355,1.0,3.0,success
2088,0.4250684380531311,-3.035231113433838,-0.0002499669208191335,0.0006760345422662795,0.0006536961882375181,0.0,-3.0,success
2089,0.4252791702747345,-3.0342178344726562,-0.0002449610037729144,0.032342877238988876,0.03234250098466873,1.0,3.0,success
2090,0.4252831041812897,-3.0341970920562744,-0.00025008866214193404,0.0006789354956708848,0.0006597550818696618,0.0,-3.0,success
2091,0.4254944324493408,-3.033184051513672,-0.0002450327738188207,0.032339390367269516,0.032339002937078476,1.0,-3.0,success
2092,0.4257124364376068,-3.0321507453918457,-0.0002452734624966979,0.033001646399497986,0.033001646399497986,1.0,-3.0,success
2093,0.4259328544139862,-3.0311179161071777,-0.00024575216230005026,0.03300273045897484,0.03300272673368454,1.0,-3.0,success
2094,0.4261549711227417,-3.030085563659668,-0.00024615891743451357,0.03299928084015846,0.032999277114868164,1.0,3.0,success
2095,0.4263745844364166,-3.029052734375,-0.0002464751014485955,0.0329974889755249,0.0329974889755249,1.0,3.0,success
2096,0.42659246921539307,-3.028019428253174,-0.0002467176818754524,0.033000875264406204,0.033000875264406204,1.0,-3.0,success
2097,0.4265962243080139,-3.027998685836792,-0.0002518142282497138,0.0006777168018743396,0.0006587367388419807,0.0,3.0,success
2098,0.4265960156917572,-3.027998685836792,-0.00025131276925094426,1.697257175692357e-05,6.519257567560999e-06,0.0,3.0,success
2099,0.4268077611923218,-3.0269856452941895,-0.0002457169466651976,0.03234213963150978,0.032341670244932175,1.0,-3.0,success
2100,0.42680811882019043,-3.0269854068756104,-0.00025079050101339817,0.0001591165055288002,1.3431724255497102e-05,0.0,0.0,success
2101,0.42702239751815796,-3.025972843170166,-0.00024549776571802795,0.032343801110982895,0.03234338015317917,1.0,-3.0,success
2102,0.42724254727363586,-3.024940013885498,-0.00024565125931985676,0.03300097957253456,0.03300097957253456,1.0,3.0,success
2103,0.4272463023662567,-3.024919271469116,-0.000250937242526561,0.0006791324121877551,0.0006587367388419807,0.0,3.0,success
2104,0.42724609375,-3.024919271469116,-0.00025061017367988825,1.2123016858822666e-05,6.519257567560999e-06,0.0,3.0,success
2105,0.4272465109825134,-3.0249195098876953,-0.0002500402042642236,2.3297319785342552e-05,1.501712449680781e-05,0.0,-3.0,success
2106,0.42745766043663025,-3.0239062309265137,-0.00024470489006489515,0.03234558925032616,0.032345157116651535,1.0,3.0,success
2107,0.42767080664634705,-3.022871971130371,-0.0002449860330671072,0.032999832183122635,0.032999832183122635,1.0,-3.0,success
2108,0.42788568139076233,-3.0218381881713867,-0.0002455312933307141,0.03299618884921074,0.03299618512392044,1.0,3.0,success
2109,0.42788979411125183,-3.021817445755005,-0.00025084445951506495,0.0006813589716330171,0.00066081911791116,0.0,-3.0,success
2110,0.42810073494911194,-3.0208041667938232,-0.00024566386127844453,0.03234422951936722,0.032343827188014984,1.0,3.0,success
2111,0.42810046672821045,-3.020803928375244,-0.0002507524914108217,0.00015941464516799897,1.1214608093723655e-05,0.0,0.0,success
2112,0.4283096492290497,-3.0197904109954834,-0.00024546735221520066,0.0323403924703598,0.032339971512556076,1.0,-3.0,success
2113,0.42852509021759033,-3.018756628036499,-0.0002456217771396041,0.03299979120492935,0.03299979120492935,1.0,0.0,success
2114,0.42874088883399963,-3.0177228450775146,-0.00024602629127912223,0.03300207480788231,0.03300207480788231,1.0,-3.0,success
2115,0.42895835638046265,-3.0166895389556885,-0.00024637801107019186,0.03299818933010101,0.032998185604810715,1.0,3.0,success
2116,0.42917343974113464,-3.015655517578125,-0.0002466504229232669,0.03300480917096138,0.03300480917096138,1.0,3.0,success
2117,0.42938607931137085,-3.0146212577819824,-0.00024686806136742234,0.032996635884046555,0.032996635884046555,1.0,3.0,success
2118,0.42959630489349365,-3.0135862827301025,-0.0002470422477927059,0.03300343453884125,0.03300343453884125,1.0,3.0,success
2119,0.4295991361141205,-3.0135653018951416,-0.00025206414284184575,0.0006799519178457558,0.0006615936872549355,0.0,3.0,success
2120,0.42980095744132996,-3.0125503540039062,-0.00024662900250405073,0.032338548451662064,0.03233810141682625,1.0,3.0,success
2121,0.43000391125679016,-3.011514186859131,-0.0002465503057464957,0.03299551084637642,0.03299551084637642,1.0,3.0,success
2122,0.4300064444541931,-3.011492967605591,-0.0002516562817618251,0.0006866079056635499,0.0006678102072328329,0.0,3.0,success
2123,0.43020114302635193,-3.010476589202881,-0.00024630207917653024,0.03233976289629936,0.03233933076262474,1.0,3.0,success
2124,0.43039757013320923,-3.009438991546631,-0.0002462780103087425,0.03300083428621292,0.03300083428621292,1.0,-3.0,success
2125,0.4305957853794098,-3.008401870727539,-0.00024656541063450277,0.032996635884046555,0.032996635884046555,1.0,3.0,success
2126,0.4307923913002014,-3.007364273071289,-0.0002467893937136978,0.03300187736749649,0.03300187364220619,1.0,-3.0,success
2127,0.4309915006160736,-3.0063271522521973,-0.000246978277573362,0.033001892268657684,0.033001892268657684,1.0,-3.0,success
2128,0.43099555373191833,-3.0063066482543945,-0.0002520113775972277,0.0006718195509165525,0.0006531486287713051,0.0,-3.0,success
2129,0.43119513988494873,-3.005290985107422,-0.00024659791961312294,0.032346926629543304,0.03234648331999779,1.0,3.0,success
2130,0.43119823932647705,-3.00527024269104,-0.00025140834623016417,0.000672415888402611,0.0006553970160894096,0.0,3.0,success
2131,0.4313928484916687,-3.00425386428833,-0.00024608950479887426,0.03233923763036728,0.03233880549669266,1.0,3.0,success
2132,0.43158838152885437,-3.003216028213501,-0.0002461177937220782,0.03300297260284424,0.03300296887755394,1.0,3.0,success
2133,0.4315910339355469,-3.00319504737854,-0.000251310266321525,0.0006804987206123769,0.0006608696421608329,0.0,3.0,success
2134,0.43159064650535583,-3.003194808959961,-0.0002509037731215358,1.906460602185689e-05,1.4216021554602776e-05,0.0,0.0,success
2135,0.43177878856658936,-3.0021772384643555,-0.00024539485457353294,0.032338500022888184,0.03233804181218147,1.0,-3.0,success
2136,0.4319724142551422,-3.0011391639709473,-0.0002455593494232744,0.03299931064248085,0.03299931064248085,1.0,3.0,success
2137,0.43197524547576904,-3.0011181831359863,-0.00025086349342018366,0.0006820416310802102,0.0006615936872549355,0.0,3.0,success
2138,0.4321613907814026,-3.0001001358032227,-0.0002456564106978476,0.03234182670712471,0.03234141692519188,1.0,-3.0,success
2139,0.4323529005050659,-2.9990618228912354,-0.00024578289594501257,0.032994579523801804,0.032994579523801804,1.0,3.0,success
2140,0.4325423538684845,-2.9980227947235107,-0.00024615481379441917,0.03300497680902481,0.03300497308373451,1.0,0.0,success
2141,0.4327314496040344,-2.996983766555786,-0.00024647655664011836,0.03300297260284424,0.03300296887755394,1.0,3.0,success
2142,0.4329184889793396,-2.9959444999694824,-0.00024672396830283105,0.03299885615706444,0.03299885615706444,1.0,0.0,success
2143,0.4329211413860321,-2.9959235191345215,-0.00025181513046845794,0.0006797508103772998,0.0006608696421608329,0.0,3.0,success
2144,0.43310290575027466,-2.9949047565460205,-0.00024641878553666174,0.032339513301849365,0.032339077442884445,1.0,-3.0,success
2145,0.43328994512557983,-2.993865489959717,-0.00024639262119308114,0.03299885615706444,0.03299885615706444,1.0,3.0,success
2146,0.4334745705127716,-2.992825746536255,-0.00024664757074788213,0.03300024941563606,0.033000245690345764,1.0,3.0,success
2147,0.43365678191185,-2.9917855262756348,-0.0002468651218805462,0.033001821488142014,0.033001821488142014,1.0,3.0,success
2148,0.4338366389274597,-2.9907450675964355,-0.00024703991948626935,0.03299655020236969,0.03299655020236969,1.0,3.0,success
2149,0.43401482701301575,-2.989704132080078,-0.0002471690531820059,0.03300239145755768,0.03300239145755768,1.0,-3.0,success
2150,0.43419551849365234,-2.988663673400879,-0.00024728180142119527,0.03300099819898605,0.03300099819898605,1.0,-3.0,success
2151,0.4343787431716919,-2.987623691558838,-0.0002473726635798812,0.03299996256828308,0.03299996256828308,1.0,-3.0,success
2152,0.43456441164016724,-2.986584186553955,-0.0002474455686751753,0.03299863263964653,0.03299863263964653,1.0,-3.0,success
2153,0.4347517788410187,-2.9855449199676514,-0.00024751387536525726,0.03300067037343979,0.03300067037343979,1.0,3.0,success
2154,0.43493735790252686,-2.9845054149627686,-0.00024754900368861854,0.03299814090132713,0.03299814090132713,1.0,-3.0,success
2155,0.4349406063556671,-2.9844846725463867,-0.00025247858138754964,0.0006739437230862677,0.0006561013869941235,0.0,3.0,success
2156,0.4351220726966858,-2.9834656715393066,-0.00024696061154827476,0.0323452353477478,0.03234477713704109,1.0,3.0,success
2157,0.435124933719635,-2.983444929122925,-0.0002516975800972432,0.0006708728615194559,0.0006543374038301408,0.0,3.0,success
2158,0.43530207872390747,-2.9824252128601074,-0.0002463098498992622,0.03234383463859558,0.03234339505434036,1.0,-3.0,success
2159,0.4354843199253082,-2.9813849925994873,-0.00024630469852127135,0.03300198167562485,0.03300198167562485,1.0,3.0,success
2160,0.43548712134361267,-2.9813642501831055,-0.00025145983090624213,0.0006736322538927197,0.0006540855392813683,0.0,3.0,success
2161,0.435661256313324,-2.98034405708313,-0.0002461446274537593,0.032342541962862015,0.03234211727976799,1.0,3.0,success
2162,0.43583589792251587,-2.9793026447296143,-0.00024616249720565975,0.032998569309711456,0.032998569309711456,1.0,3.0,success
2163,0.436008483171463,-2.9782607555389404,-0.0002464579010847956,0.03300270065665245,0.03300270065665245,1.0,0.0,success
2164,0.4361807703971863,-2.9772188663482666,-0.0002467190788593143,0.03300118073821068,0.03300118073821068,1.0,3.0,success
2165,0.4363507032394409,-2.9761765003204346,-0.00024692341685295105,0.03300396725535393,0.03300396353006363,1.0,3.0,success
2166,0.43635013699531555,-2.9761762619018555,-0.00025205951533280313,0.0001616473455214873,1.9199706002837047e-05,0.0,0.0,success
2167,0.43651488423347473,-2.975154399871826,-0.0002465394791215658,0.03234599903225899,0.03234553709626198,1.0,3.0,success
2168,0.4366806745529175,-2.974111557006836,-0.00024646404199302197,0.03299809992313385,0.03299809992313385,1.0,-3.0,success
2169,0.4368489980697632,-2.973069190979004,-0.00024670304264873266,0.03299591317772865,0.032995909452438354,1.0,-3.0,success
2170,0.4368523359298706,-2.973048210144043,-0.0002517903922125697,0.0006826661410741508,0.0006638964405283332,0.0,-3.0,success
2171,0.43685197830200195,-2.973048210144043,-0.00025130485300906,1.884470839286223e-05,1.117586998589104e-05,0.0,3.0,success
2172,0.4370201528072357,-2.972027063369751,-0.0002457111841067672,0.03234117478132248,0.032340701669454575,1.0,-3.0,success
2173,0.43719395995140076,-2.9709856510162354,-0.0002458018425386399,0.03299426659941673,0.03299426659941673,1.0,-3.0,success
2174,0.4371970593929291,-2.9709646701812744,-0.0002510668709874153,0.0006828840123489499,0.0006627667462453246,0.0,3.0,success
2175,0.437197744846344,-2.9709649085998535,-0.00025070481933653355,2.5344716050312854e-05,2.2679185349261388e-05,0.0,-3.0,success
2176,0.43719765543937683,-2.9709649085998535,-0.00025013554841279984,1.8007782273343764e-05,2.79396749647276e-06,0.0,3.0,success
2177,0.4371982216835022,-2.9709649085998535,-0.00024964651674963534,2.338085505471099e-05,1.7695128917694092e-05,0.0,-3.0,success
2178,0.4371987283229828,-2.9709649085998535,-0.000249263655859977,1.9844757844111882e-05,1.5832483768463135e-05,0.0,-3.0,success
2179,0.43719884753227234,-2.9709649085998535,-0.0002489627804607153,1.0113460120919626e-05,3.7252900710882386e-06,0.0,0.0,success
2180,0.4373728632926941,-2.969944953918457,-0.00024383825075346977,0.03233454376459122,0.03233414515852928,1.0,3.0,success
2181,0.43754807114601135,-2.9689035415649414,-0.0002442927216179669,0.033001501113176346,0.033001501113176346,1.0,-3.0,success
2182,0.4377250075340271,-2.967862367630005,-0.00024497683625668287,0.03300316631793976,0.03300315886735916,1.0,3.0,success
2183,0.4378998875617981,-2.9668209552764893,-0.0002455241046845913,0.032999806106090546,0.03299980238080025,1.0,0.0,success
2184,0.43807509541511536,-2.9657795429229736,-0.000245962553890422,0.033001501113176346,0.033001501113176346,1.0,-3.0,success
2185,0.4380779266357422,-2.9657585620880127,-0.0002512107603251934,0.0006816189270466566,0.0006615936872549355,0.0,3.0,success
2186,0.43825021386146545,-2.964738130569458,-0.0002459355164319277,0.032340217381715775,0.03233979642391205,1.0,-3.0,success
2187,0.4384280741214752,-2.9636971950531006,-0.0002459961106069386,0.03300066292285919,0.03300066292285919,1.0,-3.0,success
2188,0.4386076331138611,-2.9626567363739014,-0.00024634000146761537,0.032994963228702545,0.032994963228702545,1.0,3.0,success
2189,0.4386078715324402,-2.962656259536743,-0.00025159274809993804,0.00016499159391969442,1.6660003893775865e-05,0.0,0.0,success
2190,0.4387824833393097,-2.9616363048553467,-0.00024615461006760597,0.0323377288877964,0.032337285578250885,1.0,-3.0,success
2191,0.43896251916885376,-2.9605958461761475,-0.00024617218878120184,0.0329975001513958,0.0329975001513958,1.0,0.0,success
2192,0.4391428232192993,-2.959555149078369,-0.00024646666133776307,0.03300626948475838,0.03300626948475838,1.0,-3.0,success
2193,0.43932482600212097,-2.958515167236328,-0.00024673008010722697,0.03299335762858391,0.03299335762858391,1.0,3.0,success
2194,0.4395042955875397,-2.95747447013855,-0.0002469317987561226,0.03300182893872261,0.03300182893872261,1.0,3.0,success
2195,0.4396820068359375,-2.9564335346221924,-0.00024708290584385395,0.032999880611896515,0.032999880611896515,1.0,-3.0,success
2196,0.43986213207244873,-2.955393075942993,-0.0002472132910043001,0.032997976988554,0.032997976988554,1.0,-3.0,success
2197,0.44004470109939575,-2.954352855682373,-0.0002473181812092662,0.03300375118851662,0.03300375118851662,1.0,-3.0,success
2198,0.4402289390563965,-2.953313112258911,-0.0002474119537509978,0.032998133450746536,0.032998133450746536,1.0,3.0,success
2199,0.4402291774749756,-2.953312873840332,-0.0002524504088796675,0.00015780387911945581,1.0536711670283694e-05,0.0,0.0,success
2200,0.44022896885871887,-2.953312873840332,-0.00025173535686917603,2.327695256099105e-05,6.519257567560999e-06,0.0,3.0,success
2201,0.44040602445602417,-2.9522931575775146,-0.00024605129146948457,0.03234340623021126,0.03234291821718216,1.0,-3.0,success
2202,0.44058847427368164,-2.9512531757354736,-0.00024607853265479207,0.03299576789140701,0.03299576789140701,1.0,0.0,success
2203,0.44059160351753235,-2.9512321949005127,-0.0002512838109396398,0.0006825693417340517,0.0006629034178331494,0.0,3.0,success
2204,0.4407687485218048,-2.9502127170562744,-0.00024599311291240156,0.03233647719025612,0.032336052507162094,1.0,-3.0,success
2205,0.4409509599208832,-2.9491724967956543,-0.00024605198996141553,0.033001821488142014,0.033001821488142014,1.0,3.0,success
2206,0.4411313533782959,-2.948132038116455,-0.0002463652053847909,0.03299940750002861,0.03299940750002861,1.0,-3.0,success
2207,0.44131380319595337,-2.947091817855835,-0.0002466436708346009,0.03300310671329498,0.03300310671329498,1.0,0.0,success
2208,0.44131767749786377,-2.947071075439453,-0.0002517398679628968,0.0006783691933378577,0.000659410550724715,0.0,-3.0,success
2209,0.4414987862110138,-2.946052074432373,-0.00024638051399961114,0.03234325349330902,0.0323428213596344,1.0,3.0,success
2210,0.44168052077293396,-2.945011854171753,-0.00024635158479213715,0.03299925476312637,0.03299925476312637,1.0,3.0,success
2211,0.44186052680015564,-2.9439713954925537,-0.0002466040605213493,0.03299734368920326,0.032997339963912964,1.0,-3.0,success
2212,0.4420429766178131,-2.9429311752319336,-0.00024682949879206717,0.03300310671329498,0.03300310671329498,1.0,-3.0,success
2213,0.44222790002822876,-2.941891670227051,-0.0002470111066941172,0.03299454227089882,0.03299454227089882,1.0,-3.0,success
2214,0.4424145221710205,-2.940852165222168,-0.00024716646294109523,0.03300388529896736,0.03300388529896736,1.0,3.0,success
2215,0.4425986707210541,-2.939812421798706,-0.00024728087009862065,0.03299764543771744,0.03299764543771744,1.0,3.0,success
2216,0.44260215759277344,-2.939791679382324,-0.00025224327691830695,0.0006753409979864955,0.0006572953425347805,0.0,-3.0,success
2217,0.4427829682826996,-2.938772678375244,-0.0002467831363901496,0.03234164044260979,0.03234118968248367,1.0,3.0,success
2218,0.44296446442604065,-2.937732458114624,-0.00024667379329912364,0.0329979732632637,0.0329979732632637,1.0,3.0,success
2219,0.4429675340652466,-2.937711477279663,-0.0002517430984880775,0.0006813043728470802,0.0006626312388107181,0.0,-3.0,success
2220,0.44314950704574585,-2.936671495437622,-0.00024627961101941764,0.03299364075064659,0.032993197441101074,1.0,0.0,success
2221,0.44333192706108093,-2.935631275177002,-0.00024635891895741224,0.03300294652581215,0.03300294652581215,1.0,-3.0,success
2222,0.4435168504714966,-2.934591770172119,-0.0002466238511260599,0.03299454599618912,0.03299454227089882,1.0,-3.0,success
2223,0.4437035322189331,-2.9335522651672363,-0.0002468563034199178,0.033004213124513626,0.033004213124513626,1.0,3.0,success
2224,0.44388777017593384,-2.9325125217437744,-0.0002470329636707902,0.032998137176036835,0.032998133450746536,1.0,3.0,success
2225,0.4440695643424988,-2.9314723014831543,-0.00024717397172935307,0.03299957141280174,0.03299957141280174,1.0,3.0,success
2226,0.4440719485282898,-2.9314513206481934,-0.0002521692658774555,0.0006780837429687381,0.0006598707986995578,0.0,3.0,success
2227,0.4442458152770996,-2.9304311275482178,-0.0002467131707817316,0.03234115615487099,0.03234070539474487,1.0,3.0,success
2228,0.44442018866539,-2.929389476776123,-0.0002466174482833594,0.033004529774188995,0.033004529774188995,1.0,3.0,success
2229,0.4445922374725342,-2.928347587585449,-0.00024682728690095246,0.03299997001886368,0.03299996629357338,1.0,3.0,success
2230,0.4445948898792267,-2.9283268451690674,-0.00025187962455675006,0.0006722812540829182,0.0006534785497933626,0.0,-3.0,success
2231,0.4447648227214813,-2.9273059368133545,-0.0002464801073074341,0.03234277293086052,0.032342329621315,1.0,-3.0,success
2232,0.44494062662124634,-2.926264762878418,-0.0002464313292875886,0.0329972468316555,0.0329972468316555,1.0,-3.0,success
2233,0.4449433982372284,-2.926243782043457,-0.00025157106574624777,0.0006805717130191624,0.0006613472360186279,0.0,3.0,success
2234,0.44511541724205017,-2.9252233505249023,-0.0002462339762132615,0.032338835299015045,0.032338403165340424,1.0,3.0,success
2235,0.44511866569519043,-2.9252023696899414,-0.0002511056081857532,0.0006807055324316025,0.0006634632009081542,0.0,-3.0,success
2236,0.4452904462814331,-2.9241819381713867,-0.0002458582166582346,0.032337579876184464,0.032337166368961334,1.0,3.0,success
2237,0.44546273350715637,-2.923140048980713,-0.0002459333336446434,0.03300118073821068,0.03300118073821068,1.0,3.0,success
2238,0.4454655945301056,-2.923119068145752,-0.00025115118478424847,0.0006815128144808114,0.0006617189501412213,0.0,-3.0,success
2239,0.44563570618629456,-2.922098398208618,-0.00024589677923358977,0.032336313277482986,0.03233589604496956,1.0,-3.0,success
2240,0.4458116590976715,-2.9210572242736816,-0.0002459649695083499,0.03299802169203758,0.03299802169203758,1.0,-3.0,success
2241,0.4458145499229431,-2.9210362434387207,-0.0002511981874704361,0.0006817507091909647,0.0006618453771807253,0.0,3.0,success
2242,0.44581469893455505,-2.9210362434387207,-0.00025081445346586406,1.2864081327279564e-05,4.656612873077393e-06,0.0,0.0,success
2243,0.4459867477416992,-2.920015811920166,-0.00024533478426747024,0.03233901038765907,0.03233855962753296,1.0,3.0,success
2244,0.4461599588394165,-2.918973922729492,-0.0002454902569297701,0.03300590440630913,0.03300590440630913,1.0,-3.0,success
2245,0.4463348984718323,-2.9179325103759766,-0.00024593446869403124,0.03300011157989502,0.03300011157989502,1.0,3.0,success
2246,0.44650742411613464,-2.916890859603882,-0.00024629506515339017,0.03299504891037941,0.03299504891037941,1.0,3.0,success
2247,0.4466775357723236,-2.91584849357605,-0.00024658392067067325,0.03300486505031586,0.03300486505031586,1.0,3.0,success
2248,0.4466803967952728,-2.915827751159668,-0.0002516859967727214,0.0006734823691658676,0.0006543374038301408,0.0,-3.0,success
2249,0.44667965173721313,-2.915827512741089,-0.00025122115039266646,2.843641777872108e-05,2.4446108000120148e-05,0.0,3.0,success
2250,0.44684556126594543,-2.9148061275482178,-0.00024564407067373395,0.03233710303902626,0.032336629927158356,1.0,-3.0,success
2251,0.44684892892837524,-2.914785146713257,-0.0002506299060769379,0.0006820773705840111,0.0006640434148721397,0.0,-3.0,success
2252,0.4468492269515991,-2.914785385131836,-0.0002503508876543492,1.4774096598557662e-05,1.1926747902180068e-05,0.0,-3.0,success
2253,0.4468492269515991,-2.914785146713257,-0.0002498470130376518,1.7419823052478023e-05,7.450580142176477e-06,0.0,0.0,success
2254,0.44702163338661194,-2.9137649536132812,-0.00024454653612338006,0.03233349695801735,0.032333072274923325,1.0,3.0,success
2255,0.44719454646110535,-2.9127230644226074,-0.00024486929760314524,0.03300437703728676,0.03300437703728676,1.0,3.0,success
2256,0.4471975564956665,-2.9127023220062256,-0.00025029992684721947,0.0006766183068975806,0.0006549899117089808,0.0,-3.0,success
2257,0.44736745953559875,-2.9116814136505127,-0.0002452275948598981,0.032342564314603806,0.032342176884412766,1.0,3.0,success
2258,0.4475378692150116,-2.9106392860412598,-0.00024542989558540285,0.03299901261925697,0.03299901261925697,1.0,3.0,success
2259,0.4477066397666931,-2.9095966815948486,-0.0002458668313920498,0.0330054946243763,0.0330054946243763,1.0,-3.0,success
2260,0.4478779435157776,-2.908554792404175,-0.000246239680564031,0.03299618139863014,0.03299618139863014,1.0,-3.0,success
2261,0.4478813707828522,-2.908533811569214,-0.0002514208317734301,0.0006837867549620569,0.0006643411470577121,0.0,-3.0,success
2262,0.448053777217865,-2.9075136184692383,-0.0002461255353409797,0.03233349695801735,0.032333072274923325,1.0,3.0,success
2263,0.4482266902923584,-2.9064717292785645,-0.0002461477415636182,0.03300437703728676,0.03300437703728676,1.0,3.0,success
2264,0.4483972191810608,-2.9054296016693115,-0.00024645146913826466,0.032999616116285324,0.032999612390995026,1.0,3.0,success
2265,0.4485660493373871,-2.9043872356414795,-0.00024669777485542,0.03299843892455101,0.03299843892455101,1.0,-3.0,success
2266,0.44873741269111633,-2.9033451080322266,-0.0002469049650244415,0.03300383687019348,0.03300383687019348,1.0,-3.0,success
2267,0.44891056418418884,-2.902303457260132,-0.0002470817416906357,0.03299824893474579,0.03299824893474579,1.0,3.0,success
2268,0.44908201694488525,-2.901261568069458,-0.000247203279286623,0.03299693763256073,0.03299693390727043,1.0,-3.0,success
2269,0.44925519824028015,-2.900219678878784,-0.00024731989833526313,0.03300575166940689,0.03300575166940689,1.0,3.0,success
2270,0.4494263231754303,-2.8991775512695312,-0.0002473986241966486,0.03300262987613678,0.03300262987613678,1.0,0.0,success
2271,0.4495978057384491,-2.8981356620788574,-0.0002474616339895874,0.03299708664417267,0.03299708664417267,1.0,-3.0,success
2272,0.4497710168361664,-2.8970940113067627,-0.0002475266810506582,0.03299855440855026,0.03299855440855026,1.0,3.0,success
2273,0.4497743248939514,-2.897073268890381,-0.0002524402516428381,0.0006741126999258995,0.0006563921342603862,0.0,-3.0,success
2274,0.44994789361953735,-2.896031618118286,-0.00024683825904503465,0.03300085291266441,0.033000387251377106,1.0,0.0,success
2275,0.4501211941242218,-2.8949899673461914,-0.00024681614013388753,0.03299901261925697,0.03299901261925697,1.0,3.0,success
2276,0.45029208064079285,-2.8939480781555176,-0.0002469902392476797,0.032994069159030914,0.032994069159030914,1.0,3.0,success
2277,0.4502941966056824,-2.8939268589019775,-0.00025202182587236166,0.0006846894393675029,0.0006663903477601707,0.0,3.0,success
2278,0.4504573941230774,-2.8929049968719482,-0.00024659518385306,0.03233831375837326,0.032337866723537445,1.0,3.0,success
2279,0.4506215453147888,-2.891861915588379,-0.00024651247076690197,0.032997455447912216,0.032997455447912216,1.0,-3.0,success
2280,0.4507875144481659,-2.8908190727233887,-0.00024675283930264413,0.03299897909164429,0.03299897536635399,1.0,3.0,success
2281,0.45095181465148926,-2.8897757530212402,-0.0002469393366482109,0.03300553932785988,0.03300553932785988,1.0,-3.0,success
2282,0.45095425844192505,-2.8897547721862793,-0.00025199135416187346,0.0006787010934203863,0.0006600836641155183,0.0,3.0,success
2283,0.45111581683158875,-2.888732671737671,-0.00024656011373735964,0.03233763203024864,0.032337188720703125,1.0,-3.0,success
2284,0.45128288865089417,-2.8876900672912598,-0.0002464954450260848,0.03299705311655998,0.03299705311655998,1.0,-3.0,success
2285,0.451452374458313,-2.8866477012634277,-0.00024672949803061783,0.033001720905303955,0.033001720905303955,1.0,-3.0,success
2286,0.4516235291957855,-2.885605573654175,-0.0002469404134899378,0.03300277888774872,0.03300277888774872,1.0,3.0,success
2287,0.45162636041641235,-2.885584592819214,-0.0002519824483897537,0.0006800974369980395,0.0006615936872549355,0.0,3.0,success
2288,0.451789528131485,-2.8845627307891846,-0.0002465633151587099,0.03233816474676132,0.03233771771192551,1.0,3.0,success
2289,0.4517894983291626,-2.8845624923706055,-0.00025147077394649386,0.00015354178322013468,7.508562248403905e-06,0.0,0.0,success
2290,0.45194995403289795,-2.883540153503418,-0.00024605344515293837,0.03233962878584862,0.0323391854763031,1.0,3.0,success
2291,0.45195284485816956,-2.883519172668457,-0.00025095665478147566,0.0006793506909161806,0.0006618453771807253,0.0,-3.0,success
2292,0.4521131217479706,-2.8824968338012695,-0.00024573886184953153,0.03233873099088669,0.03233832120895386,1.0,3.0,success
2293,0.4522744119167328,-2.881453275680542,-0.0002458274830132723,0.032998401671648026,0.032998401671648026,1.0,-3.0,success
2294,0.4524381756782532,-2.8804099559783936,-0.00024619436590000987,0.03300293907523155,0.03300293907523155,1.0,-3.0,success
2295,0.4526037275791168,-2.8793671131134033,-0.0002465127035975456,0.03299693018198013,0.03299693018198013,1.0,3.0,success
2296,0.452767550945282,-2.878323793411255,-0.0002467482117936015,0.033003225922584534,0.033003225922584534,1.0,-3.0,success
2297,0.452933132648468,-2.8772809505462646,-0.0002469559549354017,0.03299707919359207,0.03299707919359207,1.0,3.0,success
2298,0.4530962407588959,-2.876237630844116,-0.00024711270816624165,0.03299976512789726,0.03299976512789726,1.0,3.0,success
2299,0.4530991315841675,-2.8762166500091553,-0.0002521087590139359,0.0006800108822062612,0.0006618453771807253,0.0,-3.0,success
2300,0.4532594084739685,-2.8751943111419678,-0.0002466756268404424,0.03233876824378967,0.03233832120895386,1.0,3.0,success
2301,0.45326143503189087,-2.8751730918884277,-0.0002514705993235111,0.0006827645120210946,0.0006661189254373312,0.0,3.0,success
2302,0.45326143503189087,-2.8751730918884277,-0.0002510130580049008,1.4298165297077503e-05,0.0,0.0,-3.0,success
2303,0.453419029712677,-2.874150514602661,-0.00024549741647206247,0.032333265990018845,0.032332804054021835,1.0,3.0,success
2304,0.45357754826545715,-2.8731064796447754,-0.0002456203510519117,0.03300001844763756,0.03300001472234726,1.0,-3.0,success
2305,0.45358049869537354,-2.8730854988098145,-0.00025090976851060987,0.0006824232987128198,0.0006621022475883365,0.0,-3.0,success
2306,0.4537404179573059,-2.872062921524048,-0.00024571589892730117,0.032344359904527664,0.03234395012259483,1.0,3.0,success
2307,0.4539013206958771,-2.8710193634033203,-0.0002458099042996764,0.03299655392765999,0.03299655392765999,1.0,-3.0,success
2308,0.45406436920166016,-2.8699758052825928,-0.0002461856056470424,0.03300684317946434,0.03300683945417404,1.0,0.0,success
2309,0.4542277753353119,-2.8689327239990234,-0.0002464913122821599,0.03299384191632271,0.03299384191632271,1.0,-3.0,success
2310,0.4543929100036621,-2.867889642715454,-0.0002467506565153599,0.03300224617123604,0.03300224617123604,1.0,3.0,success
2311,0.45455560088157654,-2.8668463230133057,-0.0002469484752509743,0.03299775347113609,0.03299775347113609,1.0,3.0,success
2312,0.4547165632247925,-2.865802526473999,-0.0002470961771905422,0.03300420194864273,0.03300420194864273,1.0,-3.0,success
2313,0.45471900701522827,-2.865781545639038,-0.0002521167043596506,0.0006784728611819446,0.0006600836641155183,0.0,3.0,success
2314,0.45487645268440247,-2.8647587299346924,-0.0002466713485773653,0.032339908182621,0.03233946114778519,1.0,3.0,success
2315,0.4550347328186035,-2.8637146949768066,-0.00024657350149936974,0.03299889713525772,0.03299889713525772,1.0,-3.0,success
2316,0.45519545674324036,-2.862671136856079,-0.0002467911399435252,0.03299570083618164,0.03299570083618164,1.0,-3.0,success
2317,0.4551987648010254,-2.862650156021118,-0.00025186114362441003,0.0006823983858339489,0.0006637507467530668,0.0,-3.0,success
2318,0.455199271440506,-2.8626503944396973,-0.0002513511572033167,2.3667889763601124e-05,1.7497961380286142e-05,0.0,-3.0,success
2319,0.455363392829895,-2.861628532409668,-0.00024576898431405425,0.032342903316020966,0.03234243392944336,1.0,3.0,success
2320,0.45552849769592285,-2.8605854511260986,-0.00024583778576925397,0.0330021008849144,0.0330021008849144,1.0,-3.0,success
2321,0.4555310606956482,-2.8605644702911377,-0.00025109536363743246,0.0006806523306295276,0.0006605250528082252,0.0,3.0,success
2322,0.4556925594806671,-2.8595423698425293,-0.0002458531525917351,0.032337311655282974,0.032336894422769547,1.0,3.0,success
2323,0.4558541774749756,-2.8584988117218018,-0.0002459292591083795,0.03299996629357338,0.03299996629357338,1.0,3.0,success
2324,0.45601338148117065,-2.857454776763916,-0.0002462766715325415,0.03300323709845543,0.03300323709845543,1.0,3.0,success
2325,0.45601600408554077,-2.857433795928955,-0.0002514396037440747,0.0006801662966609001,0.0006607535178773105,0.0,-3.0,success
2326,0.45617252588272095,-2.8564109802246094,-0.00024614029098302126,0.03233550861477852,0.032335080206394196,1.0,3.0,success
2327,0.4561750888824463,-2.8563899993896484,-0.000251031102379784,0.0006779769319109619,0.0006605250528082252,0.0,-3.0,success
2328,0.45617493987083435,-2.8563899993896484,-0.00025067164096981287,1.216010332427686e-05,4.656612873077393e-06,0.0,-3.0,success
2329,0.4563336968421936,-2.855367422103882,-0.00024522474268451333,0.03233880549669266,0.03233835846185684,1.0,3.0,success
2330,0.45649272203445435,-2.854323387145996,-0.00024541286984458566,0.03300239518284798,0.03300239145755768,1.0,3.0,success
2331,0.45649272203445435,-2.854323387145996,-0.0002467313897795975,4.1203744331141934e-05,0.0,0.0,0.0,success
2332,0.4564923644065857,-2.854323387145996,-0.00024693997693248093,1.2937887731823139e-05,1.117586998589104e-05,0.0,3.0,success
2333,0.4566446840763092,-2.853299856185913,-0.00024221355852205306,0.03233792260289192,0.03233758732676506,1.0,3.0,success
2334,0.4567977786064148,-2.85225510597229,-0.0002429931191727519,0.032997120171785355,0.03299710899591446,1.0,-3.0,success
2335,0.4569525718688965,-2.851210355758667,-0.00024393759667873383,0.03300486505031586,0.03300485014915466,1.0,3.0,success
2336,0.4571053385734558,-2.850165605545044,-0.0002446930739097297,0.03299563750624657,0.03299563005566597,1.0,0.0,success
2337,0.4572577476501465,-2.849120616912842,-0.00024530832888558507,0.03300139307975769,0.033001385629177094,1.0,3.0,success
2338,0.45740848779678345,-2.8480753898620605,-0.00024578472948633134,0.03300127387046814,0.03300127014517784,1.0,-3.0,success
2339,0.457410603761673,-2.8480544090270996,-0.00025106847169809043,0.0006793484790250659,0.0006589770200662315,0.0,3.0,success
2340,0.45741093158721924,-2.8480544090270996,-0.0002507066819816828,1.525695734017063e-05,1.0244547411275562e-05,0.0,-3.0,success
2341,0.45756131410598755,-2.8470306396484375,-0.00024524147738702595,0.032336555421352386,0.03233610466122627,1.0,-3.0,success
2342,0.45771703124046326,-2.8459861278533936,-0.0002454264904372394,0.033001724630594254,0.033001724630594254,1.0,-3.0,success
2343,0.45787516236305237,-2.844942092895508,-0.00024587393272668123,0.03299820050597191,0.03299819678068161,1.0,-3.0,success
2344,0.4580356776714325,-2.843898296356201,-0.0002462465490680188,0.03300207480788231,0.03300207480788231,1.0,-3.0,success
2345,0.45803940296173096,-2.8438775539398193,-0.0002514268853701651,0.0006781764677725732,0.0006585714290849864,0.0,-3.0,success
2346,0.4582018554210663,-2.842855453491211,-0.0002461193362250924,0.032341986894607544,0.03234156221151352,1.0,-3.0,success
2347,0.4583696722984314,-2.8418128490448,-0.0002461438125465065,0.03300074487924576,0.03300074487924576,1.0,-3.0,success
2348,0.45853981375694275,-2.840770721435547,-0.0002464486751705408,0.03299766406416893,0.03299766033887863,1.0,-3.0,success
2349,0.45871224999427795,-2.839728832244873,-0.0002467064477968961,0.033001940697431564,0.033001940697431564,1.0,-3.0,success
2350,0.458713173866272,-2.839728593826294,-0.00025189624284394085,0.00016489921836182475,2.981686884595547e-05,0.0,0.0,success
2351,0.4588848650455475,-2.8387081623077393,-0.00024639820912852883,0.03233715891838074,0.032336704432964325,1.0,-3.0,success
2352,0.45906129479408264,-2.8376669883728027,-0.00024637195747345686,0.033000506460666656,0.033000506460666656,1.0,3.0,success
2353,0.45906445384025574,-2.837646007537842,-0.00025151303270831704,0.000682228070218116,0.0006630414281971753,0.0,3.0,success
2354,0.4592360556125641,-2.836604356765747,-0.0002460847608745098,0.032990776002407074,0.032990340143442154,1.0,0.0,success
2355,0.45940762758255005,-2.835562229156494,-0.0002462077827658504,0.033004891127347946,0.033004891127347946,1.0,0.0,success
2356,0.4595787823200226,-2.8345203399658203,-0.0002465090074110776,0.03299542888998985,0.032995425164699554,1.0,3.0,success
2357,0.4595820903778076,-2.8344993591308594,-0.0002516259264666587,0.0006827402394264936,0.0006637507467530668,0.0,-3.0,success
2358,0.45975014567375183,-2.8334784507751465,-0.00024628921528346837,0.03233318030834198,0.03233274444937706,1.0,3.0,success
2359,0.45975250005722046,-2.8334574699401855,-0.0002511616621632129,0.000677108415402472,0.0006597662577405572,0.0,3.0,success
2360,0.45991554856300354,-2.832435369491577,-0.00024589215172454715,0.03234490752220154,0.03234449028968811,1.0,3.0,success
2361,0.4600796401500702,-2.831392288208008,-0.0002459495444782078,0.032997164875268936,0.032997164875268936,1.0,-3.0,success
2362,0.4600827395915985,-2.831371307373047,-0.00025117359473370016,0.0006825766176916659,0.0006627667462453246,0.0,-3.0,success
2363,0.46025142073631287,-2.830329179763794,-0.00024582448531873524,0.03299076110124588,0.032990340143442154,1.0,0.0,success
2364,0.46041980385780334,-2.829286575317383,-0.0002460053947288543,0.033003564924001694,0.033003564924001694,1.0,3.0,success
2365,0.4605861306190491,-2.8282437324523926,-0.00024633665452711284,0.03300073742866516,0.03300073370337486,1.0,0.0,success
2366,0.4607521593570709,-2.8272008895874023,-0.0002466222213115543,0.03299926966428757,0.03299926966428757,1.0,3.0,success
2367,0.4609164595603943,-2.826157808303833,-0.00024683537776581943,0.03299817815423012,0.03299817815423012,1.0,-3.0,success
2368,0.4610832929611206,-2.8251149654388428,-0.0002470151521265507,0.03300323337316513,0.03300323337316513,1.0,-3.0,success
2369,0.4612525701522827,-2.8240725994110107,-0.000247159565333277,0.03300067409873009,0.03300067409873009,1.0,-3.0,success
2370,0.4614242911338806,-2.823030710220337,-0.0002472752530593425,0.03299830108880997,0.03299830108880997,1.0,-3.0,success
2371,0.46142736077308655,-2.823009967803955,-0.00025226009893231094,0.0006735220667906106,0.0006552600534632802,0.0,3.0,success
2372,0.4614274501800537,-2.823009967803955,-0.0002516691165510565,1.8678347259992734e-05,2.79396749647276e-06,0.0,3.0,success
2373,0.46159300208091736,-2.821988344192505,-0.00024601275799795985,0.03234267979860306,0.03234219551086426,1.0,3.0,success
2374,0.4617587924003601,-2.8209455013275146,-0.00024604200734756887,0.03299809992313385,0.03299809992313385,1.0,3.0,success
2375,0.461922824382782,-2.8199024200439453,-0.0002463557757437229,0.032996878027915955,0.032996878027915955,1.0,-3.0,success
2376,0.4619253873825073,-2.8198814392089844,-0.0002515240339562297,0.0006799839902669191,0.0006605250528082252,0.0,3.0,success
2377,0.4620858132839203,-2.818859100341797,-0.0002461971016600728,0.032339468598365784,0.03233904018998146,1.0,3.0,success
2378,0.4622464179992676,-2.8178153038024902,-0.00024620440672151744,0.033002499490976334,0.033002499490976334,1.0,3.0,success
2379,0.46240532398223877,-2.8167712688446045,-0.00024648630642332137,0.03300183638930321,0.03300183266401291,1.0,-3.0,success
2380,0.46256598830223083,-2.815727710723877,-0.0002467458543833345,0.03299541771411896,0.03299541771411896,1.0,3.0,success
2381,0.4627242982387543,-2.814683437347412,-0.0002469448372721672,0.03300640359520912,0.03300640359520912,1.0,3.0,success
2382,0.4628808796405792,-2.8136391639709473,-0.0002470931503921747,0.03299834951758385,0.03299834951758385,1.0,-3.0,success
2383,0.4630392789840698,-2.8125951290130615,-0.0002472319174557924,0.03299945592880249,0.03299945592880249,1.0,3.0,success
2384,0.4631959795951843,-2.8115508556365967,-0.00024732324527576566,0.03299890458583832,0.03299890458583832,1.0,-3.0,success
2385,0.4633544683456421,-2.810506820678711,-0.0002474159118719399,0.03299987316131592,0.03299987316131592,1.0,3.0,success
2386,0.4633573293685913,-2.81048583984375,-0.00025235163047909737,0.0006794573273509741,0.0006617189501412213,0.0,-3.0,success
2387,0.4635162353515625,-2.8094420433044434,-0.0002467673330102116,0.03299492970108986,0.03299446776509285,1.0,0.0,success
2388,0.4636755883693695,-2.8083982467651367,-0.00024674911401234567,0.03299657627940178,0.03299657627940178,1.0,-3.0,success
2389,0.4636780917644501,-2.808377265930176,-0.0002518288674764335,0.0006791152991354465,0.0006603017682209611,0.0,3.0,success
2390,0.46367818117141724,-2.808377265930176,-0.00025131908478215337,1.6173858966794796e-05,2.79396749647276e-06,0.0,0.0,success
2391,0.46367791295051575,-2.808377265930176,-0.00025062263011932373,2.3322458218899556e-05,8.381903171539307e-06,0.0,3.0,success
2392,0.46383461356163025,-2.807332992553711,-0.0002450590254738927,0.03299936279654503,0.03299890458583832,1.0,0.0,success
2393,0.4639909565448761,-2.806288719177246,-0.00024537727585993707,0.0329972468316555,0.032997243106365204,1.0,3.0,success
2394,0.4641452431678772,-2.805243968963623,-0.0002458335366100073,0.03300253674387932,0.03300253301858902,1.0,0.0,success
2395,0.46429917216300964,-2.80419921875,-0.0002462197735439986,0.03300090506672859,0.03300090506672859,1.0,3.0,success
2396,0.46430185437202454,-2.804178476333618,-0.0002513951330911368,0.0006733097834512591,0.000653597351629287,0.0,-3.0,success
2397,0.46445393562316895,-2.803154945373535,-0.0002460929099470377,0.03233691677451134,0.032336488366127014,1.0,-3.0,success
2398,0.46461111307144165,-2.802110433578491,-0.00024612699053250253,0.03300848230719566,0.03300848230719566,1.0,0.0,success
2399,0.4646111726760864,-2.802110195159912,-0.00025141413789242506,0.00016540173965040594,7.679882401134819e-06,0.0,0.0,success
2400,0.4647652506828308,-2.801086902618408,-0.00024602230405434966,0.032338790595531464,0.032338354736566544,1.0,3.0,success
2401,0.4649193584918976,-2.8000423908233643,-0.000246060750214383,0.032994344830513,0.032994344830513,1.0,3.0,success
2402,0.46492117643356323,-2.800021171569824,-0.0002512643695808947,0.0006851089419797063,0.0006655307952314615,0.0,3.0,success
2403,0.46507298946380615,-2.798996925354004,-0.00024597434094175696,0.03235779330134392,0.03235737234354019,1.0,-3.0,success
2404,0.46507593989372253,-2.798976182937622,-0.00025091119459830225,0.00067265605321154,0.0006547250086441636,0.0,-3.0,success
2405,0.46522775292396545,-2.79795241355896,-0.0002457032969687134,0.03234304115176201,0.03234263136982918,1.0,3.0,success
2406,0.46522974967956543,-2.797931432723999,-0.000250692421104759,0.0006768159801140428,0.0006586136296391487,0.0,3.0,success
2407,0.4653816819190979,-2.7969071865081787,-0.0002455028588883579,0.0323583260178566,0.03235791623592377,1.0,-3.0,success
2408,0.4655338227748871,-2.7958621978759766,-0.0002456620568409562,0.03300017863512039,0.03300017863512039,1.0,3.0,success
2409,0.46568426489830017,-2.794816732406616,-0.00024605332873761654,0.03300732374191284,0.03300732001662254,1.0,-3.0,success
2410,0.46583715081214905,-2.793771982192993,-0.0002463892160449177,0.03299616649746895,0.03299616649746895,1.0,-3.0,success
2411,0.4658404588699341,-2.7937510013580322,-0.0002515405067242682,0.0006829926278442144,0.0006637507467530668,0.0,-3.0,success
2412,0.4659954905509949,-2.7927279472351074,-0.0002462101692799479,0.03233586251735687,0.03233543783426285,1.0,-3.0,success
2413,0.46615591645240784,-2.791684150695801,-0.0002462161355651915,0.033001650124788284,0.033001650124788284,1.0,-3.0,success
2414,0.46631869673728943,-2.7906408309936523,-0.0002465063298586756,0.032998185604810715,0.032998181879520416,1.0,-3.0,success
2415,0.46648308634757996,-2.789597511291504,-0.0002467618614900857,0.0330059751868248,0.0330059751868248,1.0,3.0,success
2416,0.4666449725627899,-2.7885541915893555,-0.00024695706088095903,0.03299389034509659,0.03299388661980629,1.0,3.0,success
2417,0.46680501103401184,-2.7875101566314697,-0.00024710322031751275,0.0330071747303009,0.0330071747303009,1.0,-3.0,success
2418,0.46696746349334717,-2.7864668369293213,-0.00024722967646084726,0.032996609807014465,0.032996609807014465,1.0,-3.0,success
2419,0.4671316146850586,-2.785423755645752,-0.00024734120233915746,0.032997455447912216,0.032997455447912216,1.0,3.0,success
2420,0.46729329228401184,-2.7843801975250244,-0.00024742059758864343,0.03300025314092636,0.03300025314092636,1.0,3.0,success
2421,0.4672963321208954,-2.7843592166900635,-0.000252354919211939,0.0006802052375860512,0.0006624970701523125,0.0,-3.0,success
2422,0.4674558639526367,-2.783336877822876,-0.0002468610764481127,0.032335180789232254,0.03233472257852554,1.0,-3.0,success
2423,0.46762022376060486,-2.7822935581207275,-0.0002467466110829264,0.03300582990050316,0.03300582990050316,1.0,3.0,success
2424,0.4677821695804596,-2.781250238418579,-0.00024693060549907386,0.03299417346715927,0.03299417346715927,1.0,3.0,success
2425,0.46794167160987854,-2.7802062034606934,-0.0002470914041623473,0.03300464153289795,0.03300464153289795,1.0,3.0,success
2426,0.46794435381889343,-2.7801852226257324,-0.000252091558650136,0.0006792050553485751,0.0006609871052205563,0.0,-3.0,success
2427,0.4681012034416199,-2.7791624069213867,-0.0002466619189362973,0.03233708068728447,0.032336633652448654,1.0,3.0,success
2428,0.46825823187828064,-2.778118133544922,-0.000246577023062855,0.03300042450428009,0.03300042450428009,1.0,3.0,success
2429,0.4682598412036896,-2.778096914291382,-0.00025167755666188896,0.000683841179125011,0.0006650059949606657,0.0,3.0,success
2430,0.4682590067386627,-2.778096914291382,-0.000251202960498631,2.9999564503668807e-05,2.6077030270243995e-05,0.0,3.0,success
2431,0.46840664744377136,-2.7770726680755615,-0.00024564031627960503,0.03233897686004639,0.03233850747346878,1.0,3.0,success
2432,0.46855419874191284,-2.776026964187622,-0.00024574482813477516,0.03300195187330246,0.03300195187330246,1.0,3.0,success
2433,0.4685535728931427,-2.776026487350464,-0.0002511019411031157,0.00016920575581025332,2.4587619918747805e-05,0.0,0.0,success
2434,0.46869921684265137,-2.7749807834625244,-0.0002456698566675186,0.032994113862514496,0.03299367427825928,1.0,0.0,success
2435,0.46870166063308716,-2.7749598026275635,-0.0002507487661205232,0.000678897078614682,0.0006600836641155183,0.0,-3.0,success
2436,0.4688478112220764,-2.773935317993164,-0.00024556511198170483,0.032339680939912796,0.032339271157979965,1.0,-3.0,success
2437,0.46899929642677307,-2.772890329360962,-0.00024569922243244946,0.03299723193049431,0.03299723193049431,1.0,-3.0,success
2438,0.4691525399684906,-2.771845579147339,-0.00024610274704173207,0.03299779072403908,0.03299778699874878,1.0,3.0,success
2439,0.46930405497550964,-2.7708003520965576,-0.00024641965865157545,0.03300473839044571,0.03300473839044571,1.0,-3.0,success
2440,0.4694572687149048,-2.7697556018829346,-0.00024669314734637737,0.032997652888298035,0.032997652888298035,1.0,3.0,success
2441,0.46960875391960144,-2.7687106132507324,-0.00024689253768883646,0.03299723193049431,0.03299723193049431,1.0,-3.0,success
2442,0.46961113810539246,-2.7686896324157715,-0.0002519538684282452,0.0006785618024878204,0.0006598707986995578,0.0,3.0,success
2443,0.46961092948913574,-2.7686896324157715,-0.00025142455706372857,1.777933539415244e-05,6.519257567560999e-06,0.0,3.0,success
2444,0.4697575867176056,-2.767665147781372,-0.0002458065573591739,0.03234199061989784,0.03234151378273964,1.0,-3.0,success
2445,0.46975505352020264,-2.767644166946411,-0.0002507746103219688,0.0006784158176742494,0.0006604127702303231,0.0,3.0,success
2446,0.46990108489990234,-2.7666196823120117,-0.00024557881988584995,0.03233915567398071,0.03233874961733818,1.0,3.0,success
2447,0.46990323066711426,-2.766598701477051,-0.00025059195468202233,0.0006774342618882656,0.0006590710836462677,0.0,3.0,success
2448,0.4700441062450409,-2.765573501586914,-0.0002454363275319338,0.0323389507830143,0.03233855217695236,1.0,3.0,success
2449,0.47018545866012573,-2.764526844024658,-0.0002455849898979068,0.03300498053431511,0.03300497680902481,1.0,-3.0,success
2450,0.47032931447029114,-2.7634806632995605,-0.000246000534389168,0.033000778406858444,0.033000778406858444,1.0,-3.0,success
2451,0.470331609249115,-2.7634596824645996,-0.0002512404462322593,0.0006795837543904781,0.0006595611339434981,0.0,3.0,success
2452,0.4704777002334595,-2.762434482574463,-0.0002459565585013479,0.03236156329512596,0.032361142337322235,1.0,-3.0,success
2453,0.470624178647995,-2.7613887786865234,-0.00024601572658866644,0.03299728408455849,0.03299728408455849,1.0,-3.0,success
2454,0.4706275463104248,-2.7613677978515625,-0.0002512276405468583,0.0006837258697487414,0.0006640434148721397,0.0,-3.0,success
2455,0.47077539563179016,-2.760343551635742,-0.0002459701499901712,0.03233985975384712,0.032339442521333694,1.0,3.0,success
2456,0.470777690410614,-2.7603225708007812,-0.0002509061305318028,0.0006773578934371471,0.0006595611339434981,0.0,3.0,success
2457,0.47077780961990356,-2.7603225708007812,-0.00025056651793420315,1.1247723705309909e-05,3.7252900710882386e-06,0.0,0.0,success
2458,0.4709213078022003,-2.7592978477478027,-0.0002451246546115726,0.03233550116419792,0.032335054129362106,1.0,-3.0,success
2459,0.4709244668483734,-2.759276866912842,-0.0002502150018699467,0.0006818565307185054,0.0006630414281971753,0.0,-3.0,success
2460,0.47107213735580444,-2.7582526206970215,-0.00024514534743502736,0.032339032739400864,0.032338641583919525,1.0,3.0,success
2461,0.471220463514328,-2.757207155227661,-0.00024535300326533616,0.032997965812683105,0.032997965812683105,1.0,-3.0,success
2462,0.4713704586029053,-2.756161689758301,-0.00024582541664130986,0.03300533443689346,0.033005330711603165,1.0,3.0,success
2463,0.47151872515678406,-2.7551162242889404,-0.0002461978583596647,0.03299770504236221,0.032997701317071915,1.0,-3.0,success
2464,0.47166872024536133,-2.75407075881958,-0.0002465158177074045,0.03300533443689346,0.033005330711603165,1.0,3.0,success
2465,0.4718169569969177,-2.7530252933502197,-0.0002467507147230208,0.03299757465720177,0.03299757465720177,1.0,-3.0,success
2466,0.4719676375389099,-2.7519800662994385,-0.00024694768944755197,0.03300100564956665,0.03300100564956665,1.0,-3.0,success
2467,0.4721200466156006,-2.7509350776672363,-0.0002471157640684396,0.033001385629177094,0.033001385629177094,1.0,3.0,success
2468,0.4722706973552704,-2.749889850616455,-0.0002472306077834219,0.033000875264406204,0.033000875264406204,1.0,-3.0,success
2469,0.4724237322807312,-2.748845100402832,-0.0002473315689712763,0.03299684077501297,0.03299684077501297,1.0,-3.0,success
2470,0.4724263548851013,-2.748824119567871,-0.00025230515166185796,0.0006787871243432164,0.0006607535178773105,0.0,3.0,success
2471,0.47257861495018005,-2.747800350189209,-0.000246810115640983,0.03234514221549034,0.03234468400478363,1.0,-3.0,success
2472,0.4725791811943054,-2.74780011177063,-0.0002516802051104605,0.00015339658420998603,1.9199706002837047e-05,0.0,0.0,success
2473,0.47273120284080505,-2.7467763423919678,-0.0002462212578393519,0.032344039529561996,0.03234358876943588,1.0,3.0,success
2474,0.4728831648826599,-2.7457313537597656,-0.000246218842221424,0.032999370247125626,0.032999370247125626,1.0,3.0,success
2475,0.47288599610328674,-2.745710611343384,-0.00025137924239970744,0.0006737932562828064,0.000654210802167654,0.0,-3.0,success
2476,0.4730382561683655,-2.7446658611297607,-0.0002459886309225112,0.03299377113580704,0.032993342727422714,1.0,0.0,success
2477,0.4730411767959595,-2.7446448802948,-0.00025100811035372317,0.0006803037249483168,0.0006619731429964304,0.0,-3.0,success
2478,0.47319290041923523,-2.7436211109161377,-0.00024578467127867043,0.032342635095119476,0.03234222158789635,1.0,3.0,success
2479,0.47334471344947815,-2.7425761222839355,-0.0002458746894262731,0.0329986996948719,0.0329986996948719,1.0,3.0,success
2480,0.473346471786499,-2.7425551414489746,-0.00025111588183790445,0.0006780293770134449,0.000657949538435787,0.0,3.0,success
2481,0.473496675491333,-2.741530418395996,-0.00024585521896369755,0.03236519545316696,0.032364778220653534,1.0,-3.0,success
2482,0.47364646196365356,-2.740485191345215,-0.0002459449751768261,0.03299703449010849,0.03299703449010849,1.0,3.0,success
2483,0.4737938344478607,-2.7394394874572754,-0.00024628982646390796,0.03300117328763008,0.03300116956233978,1.0,3.0,success
2484,0.4737962782382965,-2.7394185066223145,-0.00025145013933070004,0.0006794962682761252,0.0006600836641155183,0.0,-3.0,success
2485,0.47394120693206787,-2.738393783569336,-0.0002461487310938537,0.03234170749783516,0.032341279089450836,1.0,3.0,success
2486,0.4739427864551544,-2.738372802734375,-0.0002510494668968022,0.0006751067121513188,0.0006575064035132527,0.0,3.0,success
2487,0.4740828573703766,-2.737347364425659,-0.00024580268654972315,0.03234293311834335,0.032342515885829926,1.0,3.0,success
2488,0.474082350730896,-2.737346887588501,-0.0002508621255401522,0.00015959536540322006,2.174194378312677e-05,0.0,0.0,success
2489,0.4742198586463928,-2.736321210861206,-0.00024556671269237995,0.032339584082365036,0.03233915939927101,1.0,3.0,success
2490,0.47422197461128235,-2.736300230026245,-0.0002505673619452864,0.0006772525957785547,0.0006589770200662315,0.0,-3.0,success
2491,0.4743601977825165,-2.7352747917175293,-0.00024541548918932676,0.032335154712200165,0.03233475610613823,1.0,-3.0,success
2492,0.474362850189209,-2.7352538108825684,-0.0002504612202756107,0.0006794198998250067,0.0006608696421608329,0.0,-3.0,success
2493,0.47436273097991943,-2.7352535724639893,-0.00025022184127010405,1.119590160669759e-05,8.330001946887933e-06,0.0,0.0,success
2494,0.47436264157295227,-2.7352535724639893,-0.0002497397072147578,1.532355418021325e-05,2.79396749647276e-06,0.0,0.0,success
2495,0.4745061993598938,-2.7342288494110107,-0.00024444935843348503,0.032335732132196426,0.0323353111743927,1.0,-3.0,success
2496,0.4745035469532013,-2.73420786857605,-0.0002496890665497631,0.0006808522739447653,0.0006608696421608329,0.0,3.0,success
2497,0.47464656829833984,-2.733182907104492,-0.0002447105071041733,0.03234074264764786,0.03234036639332771,1.0,3.0,success
2498,0.4747893512248993,-2.7321367263793945,-0.0002450144966132939,0.032996226102113724,0.032996226102113724,1.0,3.0,success
2499,0.47493043541908264,-2.7310900688171387,-0.000245534727582708,0.03300386294722557,0.03300385922193527,1.0,-3.0,success
2500,0.4750739634037018,-2.730043888092041,-0.00024597434094175696,0.03299938887357712,0.03299938514828682,1.0,-3.0,success
2501,0.4752192795276642,-2.7289979457855225,-0.0002463374403305352,0.03299964591860771,0.03299964219331741,1.0,3.0,success
2502,0.4753628373146057,-2.727951765060425,-0.0002466081059537828,0.03299951180815697,0.03299950808286667,1.0,-3.0,success
2503,0.47550880908966064,-2.7269058227539062,-0.00024683368974365294,0.033002469688653946,0.033002469688653946,1.0,-3.0,success
2504,0.47565722465515137,-2.725860357284546,-0.0002470146573614329,0.032998356968164444,0.032998356968164444,1.0,-3.0,success
2505,0.4758073389530182,-2.7248148918151855,-0.0002471692278049886,0.033005863428115845,0.033005863428115845,1.0,3.0,success
2506,0.47595492005348206,-2.723769426345825,-0.000247282994678244,0.03299470618367195,0.03299470245838165,1.0,3.0,success
2507,0.47595489025115967,-2.723768949508667,-0.0002523468865547329,0.00015894936223048717,1.4930235920473933e-05,0.0,0.0,success
2508,0.47595450282096863,-2.723768949508667,-0.00025165267288684845,2.4843940991559066e-05,1.2107192560506519e-05,0.0,3.0,success
2509,0.47609567642211914,-2.7227439880371094,-0.0002459851966705173,0.032332923263311386,0.03233243525028229,1.0,-3.0,success
2510,0.4760987162590027,-2.7227230072021484,-0.00025090237613767385,0.0006800840492360294,0.0006624970701523125,0.0,-3.0,success
2511,0.4762449264526367,-2.721698522567749,-0.0002456841175444424,0.032339949160814285,0.032339539378881454,1.0,-3.0,success
2512,0.4763956069946289,-2.7206532955169678,-0.00024580449098721147,0.03300100564956665,0.03300100564956665,1.0,3.0,success
2513,0.47639864683151245,-2.720632553100586,-0.0002510489139240235,0.0006753127672709525,0.0006551243714056909,0.0,-3.0,success
2514,0.47654739022254944,-2.7196083068847656,-0.0002458155795466155,0.03234386071562767,0.03234344720840454,1.0,-3.0,success
2515,0.47670143842697144,-2.7185635566711426,-0.00024590035900473595,0.03300144523382187,0.03300144523382187,1.0,-3.0,success
2516,0.4767041802406311,-2.7185428142547607,-0.0002511463826522231,0.0006740778917446733,0.000653838855214417,0.0,3.0,success
2517,0.47685471177101135,-2.7175188064575195,-0.00024589389795437455,0.03234456479549408,0.03234415128827095,1.0,3.0,success
2518,0.4768570065498352,-2.7174978256225586,-0.0002508446923457086,0.0006774635403417051,0.0006595611339434981,0.0,3.0,success
2519,0.47700235247612,-2.716473340988159,-0.00024563842453062534,0.032336145639419556,0.032335732132196426,1.0,3.0,success
2520,0.47714823484420776,-2.7154273986816406,-0.0002457466907799244,0.033002082258462906,0.033002082258462906,1.0,-3.0,success
2521,0.4772959053516388,-2.714381694793701,-0.00024614029098302126,0.03300247713923454,0.033002473413944244,1.0,3.0,success
2522,0.47744181752204895,-2.7133357524871826,-0.0002464496064931154,0.03300221264362335,0.033002208918333054,1.0,-3.0,success
2523,0.4775902032852173,-2.7122902870178223,-0.00024670682614669204,0.032998226583004,0.032998226583004,1.0,-3.0,success
2524,0.477593332529068,-2.7122693061828613,-0.00025179446674883366,0.0006817025714553893,0.0006629034178331494,0.0,-3.0,success
2525,0.47774404287338257,-2.711245536804199,-0.0002464132849127054,0.03233803063631058,0.03233759105205536,1.0,-3.0,success
2526,0.4778992533683777,-2.7102010250091553,-0.00024638845934532583,0.032999396324157715,0.032999392598867416,1.0,3.0,success
2527,0.47805267572402954,-2.7091562747955322,-0.0002466343285050243,0.03299860283732414,0.032998599112033844,1.0,-3.0,success
2528,0.47805601358413696,-2.7091352939605713,-0.00025173535686917603,0.0006827657925896347,0.0006638964405283332,0.0,-3.0,success
2529,0.4782107472419739,-2.7081122398376465,-0.00024637707974761724,0.032334476709365845,0.032334040850400925,1.0,3.0,success
2530,0.47821304202079773,-2.7080912590026855,-0.00025123165687546134,0.0006767831509932876,0.0006595611339434981,0.0,3.0,success
2531,0.4783647656440735,-2.7070672512054443,-0.0002459363895468414,0.03235001116991043,0.032349590212106705,1.0,-3.0,success
2532,0.4785197675228119,-2.7060227394104004,-0.0002460067335050553,0.03299843519926071,0.03299843519926071,1.0,3.0,success
2533,0.47852277755737305,-2.7060017585754395,-0.0002512105565983802,0.0006820347043685615,0.0006623641820624471,0.0,-3.0,success
2534,0.4786757826805115,-2.7049782276153564,-0.0002459448005538434,0.032341163605451584,0.032340746372938156,1.0,-3.0,success
2535,0.47883352637290955,-2.7039341926574707,-0.00024601377663202584,0.032996390014886856,0.032996390014886856,1.0,3.0,success
2536,0.478835791349411,-2.7039132118225098,-0.0002512273204047233,0.0006792880012653768,0.0006594605511054397,0.0,3.0,success
2537,0.47898751497268677,-2.7028894424438477,-0.0002459472161717713,0.03234264254570007,0.03234222158789635,1.0,-3.0,success
2538,0.4791437089443207,-2.7018449306488037,-0.0002460056566633284,0.033003922551870346,0.033003922551870346,1.0,-3.0,success
2539,0.4793023467063904,-2.700800895690918,-0.00024633784778416157,0.03300057724118233,0.03300057351589203,1.0,-3.0,success
2540,0.4793059825897217,-2.700780153274536,-0.00025149897555820644,0.0006775592919439077,0.000658083357848227,0.0,-3.0,success
2541,0.47930604219436646,-2.700780153274536,-0.0002510716440156102,1.348338628304191e-05,1.8626450355441193e-06,0.0,3.0,success
2542,0.4794636070728302,-2.6997573375701904,-0.0002455351932439953,0.03234049305319786,0.03234003111720085,1.0,3.0,success
2543,0.47962191700935364,-2.6987133026123047,-0.0002456503571011126,0.032999034970998764,0.032999034970998764,1.0,-3.0,success
2544,0.4797818958759308,-2.697669506072998,-0.00024606240913271904,0.03299953415989876,0.03299953043460846,1.0,3.0,success
2545,0.47993946075439453,-2.696625232696533,-0.0002463972778059542,0.03300292417407036,0.03300292417407036,1.0,3.0,success
2546,0.4799392819404602,-2.696624755859375,-0.00025163887767121196,0.00016457127640023828,1.5914445611997508e-05,0.0,0.0,success
2547,0.4800916314125061,-2.695601224899292,-0.0002462027478031814,0.03233817219734192,0.032337721437215805,1.0,3.0,success
2548,0.4800942838191986,-2.695580244064331,-0.0002510767080821097,0.0006781942793168128,0.0006608696421608329,0.0,-3.0,success
2549,0.4800942540168762,-2.69558048248291,-0.0002507080207578838,1.375219835608732e-05,7.508562248403905e-06,0.0,-3.0,success
2550,0.48024874925613403,-2.6945571899414062,-0.00024525378830730915,0.032340746372938156,0.03234029933810234,1.0,3.0,success
2551,0.4804040789604187,-2.6935126781463623,-0.0002454255591146648,0.03299994021654129,0.03299994021654129,1.0,-3.0,success
2552,0.4805619418621063,-2.6924684047698975,-0.00024587224470451474,0.03300431743264198,0.033004313707351685,1.0,-3.0,success
2553,0.48072224855422974,-2.691424608230591,-0.0002462448028381914,0.03300108760595322,0.03300108760595322,1.0,-3.0,success
2554,0.480884313583374,-2.6903810501098633,-0.00024655365268699825,0.033002108335494995,0.033002108335494995,1.0,3.0,success
2555,0.48104390501976013,-2.6893372535705566,-0.00024679084890522063,0.032997701317071915,0.032997701317071915,1.0,3.0,success
2556,0.48120102286338806,-2.688292980194092,-0.0002469802857376635,0.03300084173679352,0.03300083801150322,1.0,3.0,success
2557,0.48120373487472534,-2.688271999359131,-0.00025200285017490387,0.0006794820656068623,0.0006611058488488197,0.0,-3.0,success
2558,0.48120373487472534,-2.688271999359131,-0.0002514636726118624,1.684929884504527e-05,0.0,0.0,-3.0,success
2559,0.4813612103462219,-2.6872494220733643,-0.0002458475064486265,0.03233271837234497,0.03233224153518677,1.0,-3.0,success
2560,0.4815234839916229,-2.6862058639526367,-0.0002459213719703257,0.03300311043858528,0.03300311043858528,1.0,3.0,success
2561,0.4816833436489105,-2.68516206741333,-0.00024626997765153646,0.03299896791577339,0.03299896419048309,1.0,3.0,success
2562,0.4818407893180847,-2.6841177940368652,-0.0002465631114318967,0.03300236538052559,0.03300236538052559,1.0,3.0,success
2563,0.4819965660572052,-2.6830732822418213,-0.00024678779300302267,0.03300200030207634,0.03300200030207634,1.0,-3.0,success
2564,0.4819994568824768,-2.6830525398254395,-0.00025185837876051664,0.000673374452162534,0.0006544652860611677,0.0,-3.0,success
2565,0.4821567237377167,-2.6820294857025146,-0.0002464757126290351,0.03234641253948212,0.0323459766805172,1.0,3.0,success
2566,0.4823148548603058,-2.680985450744629,-0.00024641756317578256,0.03299819678068161,0.03299819678068161,1.0,-3.0,success
2567,0.4823179244995117,-2.680964708328247,-0.0002515478408895433,0.0006745877326466143,0.0006552600534632802,0.0,-3.0,success
2568,0.48247823119163513,-2.6799423694610596,-0.00024621497141197324,0.03233889490365982,0.0323384664952755,1.0,-3.0,success
2569,0.48264339566230774,-2.6788992881774902,-0.0002462298725731671,0.03300239145755768,0.03300239145755768,1.0,3.0,success
2570,0.48264339566230774,-2.678898811340332,-0.00025149088469333947,0.0001650805352255702,1.4901160284352954e-05,0.0,0.0,success
2571,0.48280319571495056,-2.6778764724731445,-0.0002460834803059697,0.032336458563804626,0.03233601525425911,1.0,3.0,success
2572,0.48296356201171875,-2.676832675933838,-0.0002461044932715595,0.0330013670027256,0.0330013670027256,1.0,0.0,success
2573,0.483124315738678,-2.6757888793945312,-0.0002464116842020303,0.03300321102142334,0.03300321102142334,1.0,-3.0,success
2574,0.4832868278026581,-2.674745559692383,-0.0002466862788423896,0.03299689665436745,0.03299689292907715,1.0,3.0,success
2575,0.48328909277915955,-2.674724578857422,-0.0002517795655876398,0.0006783964345231652,0.0006594605511054397,0.0,3.0,success
2576,0.4834439754486084,-2.673701286315918,-0.0002464013232383877,0.032342541962862015,0.032342106103897095,1.0,3.0,success
2577,0.48344671726226807,-2.673680543899536,-0.000251239282079041,0.0006710904999636114,0.000653838855214417,0.0,-3.0,success
2578,0.4836021363735199,-2.6726572513580322,-0.0002459534734953195,0.03234504163265228,0.032344620674848557,1.0,-3.0,success
2579,0.4837627708911896,-2.6716134548187256,-0.0002460147370584309,0.033002644777297974,0.033002644777297974,1.0,0.0,success
2580,0.483765184879303,-2.6715924739837646,-0.00025123366503976285,0.000679829332511872,0.0006599765620194376,0.0,3.0,success
2581,0.48392102122306824,-2.67056941986084,-0.0002459530660416931,0.032339636236429214,0.03233921527862549,1.0,-3.0,success
2582,0.48392364382743835,-2.670548677444458,-0.00025090313283726573,0.0006714235059916973,0.0006533610867336392,0.0,3.0,success
2583,0.4839235246181488,-2.670548677444458,-0.0002505694283172488,1.1073685527662747e-05,3.7252900710882386e-06,0.0,3.0,success
2584,0.48392337560653687,-2.670548677444458,-0.00025001654285006225,1.7894186385092326e-05,4.656612873077393e-06,0.0,3.0,success
2585,0.4840749502182007,-2.669524908065796,-0.0002446652506478131,0.03234197199344635,0.03234153985977173,1.0,-3.0,success
2586,0.48407748341560364,-2.669503927230835,-0.000249858305323869,0.0006800593691878021,0.0006604127702303231,0.0,3.0,success
2587,0.4842284321784973,-2.668480157852173,-0.0002448486920911819,0.03233905881643295,0.03233867883682251,1.0,3.0,success
2588,0.48437997698783875,-2.6674351692199707,-0.0002451151958666742,0.0329975001513958,0.0329975001513958,1.0,-3.0,success
2589,0.48453396558761597,-2.6663904190063477,-0.0002456250658724457,0.03300118073821068,0.03300117328763008,1.0,-3.0,success
2590,0.4846903383731842,-2.6653459072113037,-0.0002460474206600338,0.0330047532916069,0.0330047532916069,1.0,-3.0,success
2591,0.48484909534454346,-2.664301872253418,-0.00024638601462356746,0.0330011360347271,0.0330011323094368,1.0,-3.0,success
2592,0.48501020669937134,-2.6632583141326904,-0.00024665697128511965,0.03299754858016968,0.03299754485487938,1.0,-3.0,success
2593,0.48517292737960815,-2.662214756011963,-0.0002468830207362771,0.033005259931087494,0.033005259931087494,1.0,3.0,success
2594,0.48533380031585693,-2.6611711978912354,-0.0002470446634106338,0.03299641236662865,0.03299641236662865,1.0,-3.0,success
2595,0.48549699783325195,-2.660127878189087,-0.00024718313943594694,0.033000193536281586,0.033000193536281586,1.0,-3.0,success
2596,0.4855007231235504,-2.660107135772705,-0.00025217552320100367,0.0006767984596081078,0.0006585714290849864,0.0,-3.0,success
2597,0.485664963722229,-2.659085273742676,-0.00024672909057699144,0.03234346956014633,0.032343022525310516,1.0,3.0,success
2598,0.4856651723384857,-2.6590850353240967,-0.0002516038657631725,0.0001526580745121464,9.9000944828731e-06,0.0,0.0,success
2599,0.4858275055885315,-2.6580629348754883,-0.0002461488184053451,0.032341428101062775,0.03234097361564636,1.0,-3.0,success
2600,0.48599526286125183,-2.657020330429077,-0.0002461619733367115,0.03300045058131218,0.03300045058131218,1.0,-3.0,success
2601,0.4861654043197632,-2.655978202819824,-0.00024646270321682096,0.03299766406416893,0.03299766033887863,1.0,-3.0,success
2602,0.4861685335636139,-2.6559572219848633,-0.0002516098029445857,0.0006821383140049875,0.0006629034178331494,0.0,3.0,success
2603,0.48633480072021484,-2.654935836791992,-0.0002462650591041893,0.032338857650756836,0.032338425517082214,1.0,3.0,success
2604,0.4865015745162964,-2.653892993927002,-0.00024625350488349795,0.03300293907523155,0.03300293907523155,1.0,0.0,success
2605,0.4866686165332794,-2.652850389480591,-0.0002465313009452075,0.03299690783023834,0.03299690783023834,1.0,-3.0,success
2606,0.48667144775390625,-2.65282940864563,-0.00025166457635350525,0.000680763681884855,0.0006615936872549355,0.0,3.0,success
2607,0.48667171597480774,-2.65282940864563,-0.00025118805933743715,1.7088090316974558e-05,8.381903171539307e-06,0.0,0.0,success
2608,0.48667192459106445,-2.65282940864563,-0.0002505126758478582,2.2089650883572176e-05,6.519257567560999e-06,0.0,0.0,success
2609,0.4868359863758087,-2.6518077850341797,-0.00024506787303835154,0.032335225492715836,0.03233477845788002,1.0,-3.0,success
2610,0.4870055019855499,-2.6507654190063477,-0.00024528696667402983,0.03300187364220619,0.033001869916915894,1.0,-3.0,success
2611,0.48717671632766724,-2.649723529815674,-0.00024577206932008266,0.03299573063850403,0.03299572691321373,1.0,3.0,success
2612,0.4873453974723816,-2.6486809253692627,-0.0002461648837197572,0.03300504758954048,0.03300504758954048,1.0,3.0,success
2613,0.4875115752220154,-2.6476380825042725,-0.00024647952523082495,0.033000003546476364,0.033000003546476364,1.0,3.0,success
2614,0.4876760244369507,-2.646595001220703,-0.00024672114523127675,0.03299890458583832,0.03299890458583832,1.0,-3.0,success
2615,0.48784223198890686,-2.645552158355713,-0.0002469343307893723,0.0330001525580883,0.0330001525580883,1.0,3.0,success
2616,0.488006055355072,-2.6445090770721436,-0.0002470955078024417,0.03299586474895477,0.032995861023664474,1.0,3.0,success
2617,0.4881674349308014,-2.643465280532837,-0.00024722411762923,0.03300619125366211,0.03300619125366211,1.0,3.0,success
2618,0.48832646012306213,-2.6424214839935303,-0.0002473270578775555,0.03299503028392792,0.03299503028392792,1.0,3.0,success
2619,0.48848384618759155,-2.6413772106170654,-0.0002473986824043095,0.0330020897090435,0.033002085983753204,1.0,-3.0,success
2620,0.48848584294319153,-2.6413562297821045,-0.0002523586736060679,0.0006766068399883807,0.0006586136296391487,0.0,3.0,success
2621,0.4886399209499359,-2.6403329372406006,-0.00024686515098437667,0.032338809221982956,0.032338354736566544,1.0,3.0,success
2622,0.48879480361938477,-2.6392881870269775,-0.0002467283920850605,0.033005259931087494,0.033005259931087494,1.0,-3.0,success
2623,0.4889521598815918,-2.638244152069092,-0.0002469148312229663,0.0329945832490921,0.0329945832490921,1.0,-3.0,success
2624,0.4891113042831421,-2.637200117111206,-0.0002470888430252671,0.033002957701683044,0.033002957701683044,1.0,3.0,success
2625,0.4892687201499939,-2.636155843734741,-0.00024720895453356206,0.033002227544784546,0.033002227544784546,1.0,-3.0,success
2626,0.4894285500049591,-2.6351120471954346,-0.0002473141357768327,0.03299882635474205,0.03299882635474205,1.0,-3.0,success
2627,0.4895908534526825,-2.634068489074707,-0.00024739885702729225,0.03300325199961662,0.03300325199961662,1.0,-3.0,success
2628,0.4897555112838745,-2.6330254077911377,-0.0002474667562637478,0.0329999178647995,0.0329999178647995,1.0,-3.0,success
2629,0.48992255330085754,-2.6319828033447266,-0.0002475211804267019,0.03299690783023834,0.03299690783023834,1.0,-3.0,success
2630,0.4900912046432495,-2.6309404373168945,-0.0002475741785019636,0.03299754485487938,0.03299754485487938,1.0,3.0,success
2631,0.49025800824165344,-2.6298975944519043,-0.0002475973451510072,0.03300308808684349,0.03300308808684349,1.0,-3.0,success
2632,0.4904264807701111,-2.6288552284240723,-0.00024763477267697453,0.03299665078520775,0.03299665078520775,1.0,3.0,success
2633,0.4905931055545807,-2.627812385559082,-0.00024764571571722627,0.03300220146775246,0.03300220146775246,1.0,-3.0,success
2634,0.4907621443271637,-2.62677001953125,-0.0002476636436767876,0.03299948200583458,0.03299948200583458,1.0,-3.0,success
2635,0.49093353748321533,-2.625727891921997,-0.000247678515734151,0.03300398588180542,0.03300398588180542,1.0,-3.0,success
2636,0.4911072552204132,-2.6246862411499023,-0.00024769053561612964,0.03300115466117859,0.03300115466117859,1.0,-3.0,success
2637,0.49111124873161316,-2.6246654987335205,-0.00025258128880523145,0.0006775670335628092,0.0006601046770811081,0.0,-3.0,success
2638,0.4911114573478699,-2.6246657371520996,-0.00025193707551807165,2.2434256607084535e-05,9.9000944828731e-06,0.0,3.0,success
2639,0.4911116063594818,-2.6246657371520996,-0.00025111131253652275,2.622187639644835e-05,4.656612873077393e-06,0.0,3.0,success
2640,0.4911123216152191,-2.6246659755706787,-0.00025042652850970626,3.182844739058055e-05,2.3560804038424976e-05,0.0,-3.0,success
2641,0.49111226201057434,-2.6246659755706787,-0.00024989753728732467,1.6635580323054455e-05,1.8626450355441193e-06,0.0,3.0,success
2642,0.49111253023147583,-2.6246659755706787,-0.00024945999030023813,1.6037973182392307e-05,8.381903171539307e-06,0.0,0.0,success
2643,0.49128228425979614,-2.623645067214966,-0.0002442355325911194,0.03234182670712471,0.03234141319990158,1.0,3.0,success
2644,0.4914531409740448,-2.622602939605713,-0.00024461044813506305,0.03300127014517784,0.03300127014517784,1.0,-3.0,success
2645,0.49162644147872925,-2.621561288833618,-0.0002452206099405885,0.03299901634454727,0.03299901261925697,1.0,-3.0,success
2646,0.4916267991065979,-2.621561050415039,-0.0002507076715119183,0.00017199592548422515,1.3431724255497102e-05,0.0,0.0,success
2647,0.49162739515304565,-2.621561050415039,-0.00025033214478753507,2.201499228249304e-05,1.862645149230957e-05,0.0,-3.0,success
2648,0.4918022155761719,-2.6205410957336426,-0.00024493809905834496,0.03233882412314415,0.03233838453888893,1.0,-3.0,success
2649,0.49198269844055176,-2.6195006370544434,-0.00024518402642570436,0.03299988433718681,0.032999880611896515,1.0,-3.0,success
2650,0.4919832646846771,-2.6195003986358643,-0.00025066381203942,0.0001723162567941472,1.9199706002837047e-05,0.0,0.0,success
2651,0.4921620488166809,-2.618481159210205,-0.0002454217756167054,0.032337937504053116,0.03233752399682999,1.0,3.0,success
2652,0.49234166741371155,-2.6174404621124268,-0.0002455752983223647,0.03300262242555618,0.03300262242555618,1.0,0.0,success
2653,0.4925212562084198,-2.6163997650146484,-0.00024599357857368886,0.03300246596336365,0.03300246223807335,1.0,0.0,success
2654,0.49270114302635193,-2.615359306335449,-0.0002463376149535179,0.032996706664562225,0.032996706664562225,1.0,-3.0,success
2655,0.49288275837898254,-2.614319086074829,-0.0002466276637278497,0.03299861401319504,0.03299861401319504,1.0,3.0,success
2656,0.493061900138855,-2.613278388977051,-0.0002468500460963696,0.03300008922815323,0.03300008922815323,1.0,3.0,success
2657,0.4932385981082916,-2.6122372150421143,-0.0002470276376698166,0.03300191089510918,0.03300191089510918,1.0,3.0,success
2658,0.4934135973453522,-2.6111958026885986,-0.0002471593616064638,0.03300042077898979,0.03300042077898979,1.0,-3.0,success
2659,0.493590384721756,-2.610154867172241,-0.0002472848573233932,0.032995034009218216,0.032995034009218216,1.0,3.0,success
2660,0.4937654733657837,-2.6091134548187256,-0.0002473655913490802,0.0330008827149868,0.0330008827149868,1.0,-3.0,success
2661,0.4939423203468323,-2.608072280883789,-0.0002474497305229306,0.033002689480781555,0.033002689480781555,1.0,3.0,success
2662,0.49411749839782715,-2.6070308685302734,-0.0002474974899087101,0.03300134465098381,0.03300134465098381,1.0,-3.0,success
2663,0.49429476261138916,-2.605989933013916,-0.00024754987680353224,0.032997533679008484,0.032997533679008484,1.0,0.0,success
2664,0.4944716989994049,-2.6049487590789795,-0.0002475932124070823,0.03300315886735916,0.03300315886735916,1.0,3.0,success
2665,0.49464619159698486,-2.603907346725464,-0.0002476222289260477,0.03299780189990997,0.032997798174619675,1.0,3.0,success
2666,0.4948189854621887,-2.602865695953369,-0.00024763488909229636,0.032996416091918945,0.032996416091918945,1.0,-3.0,success
2667,0.49499425292015076,-2.6018242835998535,-0.0002476545050740242,0.03300180658698082,0.03300180658698082,1.0,-3.0,success
2668,0.4951719641685486,-2.600783348083496,-0.0002476708614267409,0.032999880611896515,0.032999880611896515,1.0,-3.0,success
2669,0.4951723515987396,-2.600783109664917,-0.0002526670868974179,0.0001567778963362798,1.4216021554602776e-05,0.0,0.0,success
2670,0.4951729476451874,-2.600783109664917,-0.00025189926964230835,3.037549504369963e-05,1.862645149230957e-05,0.0,-3.0,success
2671,0.49535122513771057,-2.599763870239258,-0.0002462031552568078,0.03233528137207031,0.032334789633750916,1.0,3.0,success
2672,0.49553006887435913,-2.5987231731414795,-0.0002461946860421449,0.03299850970506668,0.03299850970506668,1.0,3.0,success
2673,0.4955325722694397,-2.5987021923065186,-0.00025137083139270544,0.0006798256654292345,0.0006603017682209611,0.0,3.0,success
2674,0.4957042932510376,-2.5976815223693848,-0.00024606226361356676,0.03234462812542915,0.03234420344233513,1.0,-3.0,success
2675,0.49570783972740173,-2.597660779953003,-0.0002509789483156055,0.0006753175402991474,0.0006576066953130066,0.0,-3.0,success
2676,0.4958837628364563,-2.5966410636901855,-0.0002457572554703802,0.03233729302883148,0.03233688324689865,1.0,3.0,success
2677,0.49588635563850403,-2.5966200828552246,-0.00025073561118915677,0.0006787094171158969,0.0006606386159546673,0.0,3.0,success
2678,0.4958862364292145,-2.5966198444366455,-0.0002504301373846829,1.2669494935835246e-05,8.330001946887933e-06,0.0,0.0,success
2679,0.4960571527481079,-2.595599412918091,-0.0002450266620144248,0.0323331356048584,0.03233269602060318,1.0,3.0,success
2680,0.49622926115989685,-2.594557523727417,-0.0002452437474858016,0.03300027176737785,0.03300027176737785,1.0,-3.0,success
2681,0.4964030981063843,-2.5935158729553223,-0.00024573743576183915,0.033001769334077835,0.03300176560878754,1.0,3.0,success
2682,0.4965745806694031,-2.5924737453460693,-0.0002461376425344497,0.03300444036722183,0.03300444036722183,1.0,3.0,success
2683,0.4967443645000458,-2.5914316177368164,-0.0002464475983288139,0.032995861023664474,0.032995861023664474,1.0,-3.0,success
2684,0.49691590666770935,-2.5903894901275635,-0.0002467156737111509,0.03300474211573601,0.03300474211573601,1.0,3.0,success
2685,0.4970850944519043,-2.5893471240997314,-0.0002469207684043795,0.03300022706389427,0.03300022706389427,1.0,3.0,success
2686,0.4970872104167938,-2.5893261432647705,-0.0002519668487366289,0.0006775815854780376,0.0006589770200662315,0.0,3.0,success
2687,0.49724942445755005,-2.588304042816162,-0.00024654000299051404,0.03234083577990532,0.0323403924703598,1.0,-3.0,success
2688,0.49724939465522766,-2.588303804397583,-0.00025146291591227055,0.00015402415010612458,7.508562248403905e-06,0.0,0.0,success
2689,0.49724969267845154,-2.588303804397583,-0.0002509212645236403,1.931957740453072e-05,9.313225746154785e-06,0.0,-3.0,success
2690,0.49741682410240173,-2.587282657623291,-0.0002454085333738476,0.032335881143808365,0.032335422933101654,1.0,-3.0,success
2691,0.49758896231651306,-2.586240768432617,-0.0002455700596328825,0.03300042077898979,0.03300042077898979,1.0,3.0,success
2692,0.4977586567401886,-2.585198402404785,-0.0002459889219608158,0.03300277143716812,0.03300276771187782,1.0,3.0,success
2693,0.49792593717575073,-2.584155797958374,-0.0002463382843416184,0.032998088747262955,0.032998085021972656,1.0,3.0,success
2694,0.4980914890766144,-2.5831127166748047,-0.0002466080477461219,0.033004287630319595,0.033004287630319595,1.0,-3.0,success
2695,0.4982595145702362,-2.5820703506469727,-0.000246833311393857,0.032994430512189865,0.03299442678689957,1.0,-3.0,success
2696,0.4982622265815735,-2.5820493698120117,-0.00025190695305354893,0.0006798525573685765,0.0006611058488488197,0.0,3.0,success
2697,0.498426616191864,-2.5810275077819824,-0.00024650347768329084,0.03234420344233513,0.03234376013278961,1.0,3.0,success
2698,0.49859195947647095,-2.579984664916992,-0.00024643930373713374,0.032995909452438354,0.032995909452438354,1.0,-3.0,success
2699,0.49875903129577637,-2.578941822052002,-0.00024669416598044336,0.033004410564899445,0.033004410564899445,1.0,3.0,success
2700,0.4987614154815674,-2.578920841217041,-0.0002517851535230875,0.0006787784514017403,0.0006598707986995578,0.0,3.0,success
2701,0.4989239573478699,-2.5778777599334717,-0.00024630347616039217,0.032990116626024246,0.03298967331647873,1.0,0.0,success
2702,0.499086856842041,-2.5768344402313232,-0.00024637769092805684,0.03299875929951668,0.03299875929951668,1.0,-3.0,success
2703,0.49908947944641113,-2.5768134593963623,-0.0002515319501981139,0.0006801021518185735,0.0006607535178773105,0.0,3.0,success
2704,0.49908995628356934,-2.5768134593963623,-0.0002510769118089229,2.0597368347807787e-05,1.4901160284352954e-05,0.0,-3.0,success
2705,0.49925222992897034,-2.575791358947754,-0.0002455377543810755,0.03234114497900009,0.03234068304300308,1.0,-3.0,success
2706,0.49941927194595337,-2.5747487545013428,-0.00024567361106164753,0.03299690783023834,0.03299690783023834,1.0,3.0,success
2707,0.4994226098060608,-2.574727773666382,-0.0002509435871616006,0.0006840177229605615,0.0006638964405283332,0.0,-3.0,success
2708,0.4995866119861603,-2.5737061500549316,-0.0002457425289321691,0.03233489394187927,0.03233448415994644,1.0,3.0,success
2709,0.49975165724754333,-2.5726630687713623,-0.00024583126651123166,0.03300181031227112,0.03300181031227112,1.0,-3.0,success
2710,0.4999191462993622,-2.571620464324951,-0.00024619759642519057,0.03299912065267563,0.03299911692738533,1.0,-3.0,success
2711,0.49992266297340393,-2.5715994834899902,-0.0002513866638764739,0.000684288504999131,0.00066479726228863,0.0,-3.0,success
2712,0.500092089176178,-2.5705785751342773,-0.0002460868563503027,0.032340157777071,0.032339733093976974,1.0,-3.0,success
2713,0.5000951290130615,-2.5705578327178955,-0.000251010584179312,0.0006729508168064058,0.0006551243714056909,0.0,3.0,success
2714,0.5000958442687988,-2.5705578327178955,-0.00025064588407985866,2.5089620976359583e-05,2.235173997178208e-05,0.0,-3.0,success
2715,0.5002666711807251,-2.5695371627807617,-0.00024520340957678854,0.03234003111720085,0.03233957663178444,1.0,3.0,success
2716,0.50043785572052,-2.568495273590088,-0.0002453953493386507,0.03299557790160179,0.03299557790160179,1.0,3.0,success
2717,0.5006066560745239,-2.5674526691436768,-0.00024584890343248844,0.033005643635988235,0.033005643635988235,1.0,3.0,success
2718,0.5007736682891846,-2.5664100646972656,-0.0002462159318383783,0.0329967625439167,0.032996758818626404,1.0,-3.0,success
2719,0.5007761716842651,-2.5663890838623047,-0.0002514131192583591,0.0006799824186600745,0.0006603017682209611,0.0,3.0,success
2720,0.500939667224884,-2.5653672218322754,-0.0002461085096001625,0.032339759171009064,0.03233933821320534,1.0,3.0,success
2721,0.501103401184082,-2.564323902130127,-0.0002461336844135076,0.03300279378890991,0.03300279378890991,1.0,3.0,success
2722,0.501264750957489,-2.5632803440093994,-0.00024644029326736927,0.03299868479371071,0.03299868479371071,1.0,3.0,success
2723,0.5012665390968323,-2.5632591247558594,-0.00025158209609799087,0.0006845763418823481,0.0006654519238509238,0.0,3.0,success
2724,0.5012664198875427,-2.5632591247558594,-0.00025111681316047907,1.5009731214377098e-05,3.7252900710882386e-06,0.0,-3.0,success
2725,0.5012657046318054,-2.5632591247558594,-0.0002504654403310269,3.0231485652620904e-05,2.235173997178208e-05,0.0,3.0,success
2726,0.5012657046318054,-2.5632591247558594,-0.00024991005193442106,1.735588739393279e-05,0.0,0.0,-3.0,success
2727,0.5014227628707886,-2.5622363090515137,-0.0002445885038468987,0.03233804926276207,0.032337624579668045,1.0,-3.0,success
2728,0.5014259815216064,-2.5622153282165527,-0.000249785662163049,0.0006829148042015731,0.0006633213488385081,0.0,-3.0,success
2729,0.5015873312950134,-2.5611932277679443,-0.00024480183492414653,0.03233654424548149,0.032336167991161346,1.0,3.0,success
2730,0.5017496943473816,-2.560149669647217,-0.00024507823400199413,0.033003538846969604,0.033003538846969604,1.0,-3.0,success
2731,0.5019137263298035,-2.5591065883636475,-0.0002456057700328529,0.03299688175320625,0.032996878027915955,1.0,3.0,success
2732,0.501916766166687,-2.5590856075286865,-0.0002509039477445185,0.0006828727200627327,0.0006624970701523125,0.0,-3.0,success
2733,0.5020779967308044,-2.558063507080078,-0.0002457116497680545,0.03233599662780762,0.032335586845874786,1.0,3.0,success
2734,0.502239465713501,-2.5570197105407715,-0.00024581688921898603,0.03300661966204643,0.03300661966204643,1.0,3.0,success
2735,0.5023992657661438,-2.555975914001465,-0.0002461763797327876,0.03299868851900101,0.03299868479371071,1.0,-3.0,success
2736,0.5024014711380005,-2.555954933166504,-0.00025138078490272164,0.0006790279876440763,0.000659263227134943,0.0,3.0,success
2737,0.5025578737258911,-2.554931879043579,-0.0002460826945025474,0.03234230726957321,0.032341886311769485,1.0,3.0,success
2738,0.5027143955230713,-2.5538876056671143,-0.00024611304979771376,0.03299807384610176,0.03299807384610176,1.0,3.0,success
2739,0.502869188785553,-2.5528430938720703,-0.0002464131684973836,0.032997481524944305,0.032997481524944305,1.0,-3.0,success
2740,0.5028690695762634,-2.552842617034912,-0.0002516604436095804,0.00016469514230266213,1.5359764802269638e-05,0.0,0.0,success
2741,0.5030229687690735,-2.551819324493408,-0.0002462204429320991,0.032337967306375504,0.03233752399682999,1.0,3.0,success
2742,0.5031777024269104,-2.5507748126983643,-0.0002462090051267296,0.03299720957875252,0.03299720585346222,1.0,-3.0,success
2743,0.5033342242240906,-2.5497303009033203,-0.0002465099096298218,0.03300544619560242,0.03300544247031212,1.0,3.0,success
2744,0.5034883618354797,-2.5486855506896973,-0.00024675537133589387,0.0330018550157547,0.0330018550157547,1.0,3.0,success
2745,0.5036407709121704,-2.547640800476074,-0.0002469416067469865,0.03299401327967644,0.03299401327967644,1.0,-3.0,success
2746,0.5037949681282043,-2.546596050262451,-0.0002471107291057706,0.03300212696194649,0.03300212696194649,1.0,3.0,success
2747,0.5039474964141846,-2.545551061630249,-0.00024722632952034473,0.03300192207098007,0.03300192207098007,1.0,-3.0,success
2748,0.5041025280952454,-2.544506549835205,-0.0002473278727848083,0.032998573035001755,0.032998573035001755,1.0,-3.0,success
2749,0.5042600035667419,-2.5434622764587402,-0.0002474097127560526,0.03300250694155693,0.03300250694155693,1.0,-3.0,success
2750,0.5044198632240295,-2.5424184799194336,-0.0002474753127899021,0.03299896419048309,0.03299896419048309,1.0,-3.0,success
2751,0.5045821666717529,-2.541375160217285,-0.00024752793251536787,0.03299589082598686,0.03299589082598686,1.0,-3.0,success
2752,0.5047460794448853,-2.5403318405151367,-0.000247579620918259,0.033003658056259155,0.033003658056259155,1.0,3.0,success
2753,0.504907488822937,-2.539288282394409,-0.00024761108215898275,0.03299896791577339,0.03299896791577339,1.0,3.0,success
2754,0.5050670504570007,-2.5382444858551025,-0.00024762621615082026,0.032997556030750275,0.032997556030750275,1.0,-3.0,success
2755,0.5052283406257629,-2.537200689315796,-0.00024765802663750947,0.033005766570568085,0.033005766570568085,1.0,3.0,success
2756,0.5053878426551819,-2.5361568927764893,-0.00024766416754573584,0.03299727663397789,0.03299727663397789,1.0,-3.0,success
2757,0.5055497884750366,-2.5351133346557617,-0.00024767822469584644,0.03300153836607933,0.03300153836607933,1.0,-3.0,success
2758,0.5057134628295898,-2.5340702533721924,-0.0002476999652571976,0.03299514204263687,0.03299514204263687,1.0,3.0,success
2759,0.5058746337890625,-2.5330264568328857,-0.00024770753225311637,0.03300519660115242,0.03300519660115242,1.0,3.0,success
2760,0.506033718585968,-2.531982421875,-0.0002477081725373864,0.03300267457962036,0.03300267457962036,1.0,0.0,success
2761,0.5060359835624695,-2.531961441040039,-0.0002526016905903816,0.0006769589963369071,0.0006594605511054397,0.0,3.0,success
2762,0.5060362219810486,-2.531961679458618,-0.0002519326808396727,2.3411670554196462e-05,1.0536711670283694e-05,0.0,-3.0,success
2763,0.5061950087547302,-2.5309178829193115,-0.00024613135610707104,0.032994408160448074,0.03299390897154808,1.0,0.0,success
2764,0.5063539147377014,-2.529873847961426,-0.00024623083299957216,0.03300183266401291,0.03300183266401291,1.0,0.0,success
2765,0.5065131783485413,-2.52882981300354,-0.0002465166908223182,0.03300352022051811,0.033003516495227814,1.0,-3.0,success
2766,0.5065163969993591,-2.528809070587158,-0.00025164158432744443,0.0006752256886102259,0.0006559579051099718,0.0,-3.0,success
2767,0.5066769123077393,-2.5277867317199707,-0.00024630207917653024,0.032339904457330704,0.03233947604894638,1.0,3.0,success
2768,0.5068376660346985,-2.526743173599243,-0.00024628880782984197,0.03299584239721298,0.03299584239721298,1.0,3.0,success
2769,0.5069966912269592,-2.5256991386413574,-0.00024655385641381145,0.03300239518284798,0.03300239145755768,1.0,-3.0,success
2770,0.5071581602096558,-2.52465558052063,-0.0002467893064022064,0.03299925476312637,0.03299925476312637,1.0,-3.0,success
2771,0.5073220729827881,-2.5236122608184814,-0.00024697897606529295,0.033003658056259155,0.033003658056259155,1.0,-3.0,success
2772,0.5073224902153015,-2.5236120223999023,-0.0002521140268072486,0.00016117146878968924,1.501712449680781e-05,0.0,0.0,success
2773,0.5073224306106567,-2.5236120223999023,-0.000251466641202569,2.0316365407779813e-05,1.8626450355441193e-06,0.0,3.0,success
2774,0.507483720779419,-2.522589921951294,-0.00024583633057773113,0.03233635798096657,0.032335877418518066,1.0,-3.0,success
2775,0.5076503753662109,-2.5215470790863037,-0.0002459019306115806,0.033002354204654694,0.033002350479364395,1.0,-3.0,success
2776,0.507819414138794,-2.5205047130584717,-0.00024625426158308983,0.03299948200583458,0.03299948200583458,1.0,-3.0,success
2777,0.5079900622367859,-2.5194625854492188,-0.00024656023015268147,0.033000215888023376,0.033000215888023376,1.0,3.0,success
2778,0.5081582069396973,-2.5184199810028076,-0.00024679579655639827,0.033002372831106186,0.033002372831106186,1.0,3.0,success
2779,0.5083245038986206,-2.5173771381378174,-0.0002469742321409285,0.03300058841705322,0.03300058841705322,1.0,-3.0,success
2780,0.5084925293922424,-2.5163347721099854,-0.0002471366024110466,0.032994430512189865,0.03299442678689957,1.0,3.0,success
2781,0.508658766746521,-2.515291929244995,-0.0002472471969667822,0.03300029784440994,0.03300029784440994,1.0,-3.0,success
2782,0.5088266730308533,-2.514249324798584,-0.00024735493934713304,0.033001188188791275,0.033001188188791275,1.0,3.0,success
2783,0.5089921951293945,-2.5132064819335938,-0.00024743174435570836,0.03299678489565849,0.03299678489565849,1.0,3.0,success
2784,0.5091552734375,-2.512162923812866,-0.00024749289150349796,0.03300698474049568,0.03300698474049568,1.0,3.0,success
2785,0.5093159079551697,-2.5111193656921387,-0.00024754193145781755,0.032995276153087616,0.032995276153087616,1.0,3.0,success
2786,0.5093176960945129,-2.5110981464385986,-0.0002524634764995426,0.00068299361737445,0.0006654519238509238,0.0,3.0,success
2787,0.5094709396362305,-2.5100748538970947,-0.0002469486789777875,0.032334938645362854,0.03233448043465614,1.0,3.0,success
2788,0.5094704031944275,-2.5100743770599365,-0.0002517789835110307,0.00015260429063346237,2.242921618744731e-05,0.0,0.0,success
2789,0.5096241235733032,-2.5090298652648926,-0.000246197625529021,0.03299304470419884,0.03299257904291153,1.0,0.0,success
2790,0.5096237659454346,-2.5090293884277344,-0.0002512722567189485,0.00015967235958669335,1.862645149230957e-05,0.0,0.0,success
2791,0.5097746253013611,-2.5080056190490723,-0.00024589893291704357,0.0323387086391449,0.03233827278017998,1.0,3.0,success
2792,0.5099255442619324,-2.50696063041687,-0.0002459617971908301,0.032994698733091354,0.032994695007801056,1.0,3.0,success
2793,0.5100740790367126,-2.5059151649475098,-0.0002463026612531394,0.032998885959386826,0.03299888223409653,1.0,3.0,success
2794,0.510221004486084,-2.5048694610595703,-0.0002465786528773606,0.032999228686094284,0.032999224960803986,1.0,-3.0,success
2795,0.5103704929351807,-2.50382399559021,-0.0002468095626682043,0.03300308808684349,0.03300308808684349,1.0,-3.0,success
2796,0.5105218291282654,-2.502779006958008,-0.00024700548965483904,0.032996565103530884,0.032996565103530884,1.0,3.0,success
2797,0.5106707811355591,-2.5017335414886475,-0.00024715246399864554,0.03300071880221367,0.03300071880221367,1.0,3.0,success
2798,0.5108180046081543,-2.500687837600708,-0.00024725921684876084,0.03300052136182785,0.03300052136182785,1.0,-3.0,success
2799,0.5109676718711853,-2.4996423721313477,-0.00024735406623221934,0.03300388157367706,0.03300388157367706,1.0,-3.0,success
2800,0.5109700560569763,-2.4996213912963867,-0.0002523231669329107,0.0006778957904316485,0.0006598707986995578,0.0,3.0,success
2801,0.5111210346221924,-2.4985971450805664,-0.0002468232996761799,0.03235401213169098,0.03235355764627457,1.0,-3.0,success
2802,0.5112734436988831,-2.4975521564483643,-0.0002467083977535367,0.033001385629177094,0.033001385629177094,1.0,-3.0,success
2803,0.5114282369613647,-2.4965076446533203,-0.0002468999882694334,0.032997481524944305,0.032997481524944305,1.0,-3.0,success
2804,0.511431872844696,-2.4964866638183594,-0.0002519484260119498,0.0006838695262558758,0.0006654232274740934,0.0,-3.0,success
2805,0.5114326477050781,-2.4964869022369385,-0.0002514212974347174,3.021919292223174e-05,2.5334713427582756e-05,0.0,-3.0,success
2806,0.5114333629608154,-2.4964869022369385,-0.0002506992022972554,3.176162499585189e-05,2.235173997178208e-05,0.0,-3.0,success
2807,0.5115935802459717,-2.495464563369751,-0.0002452325134072453,0.03233848139643669,0.03233803063631058,1.0,3.0,success
2808,0.5117539167404175,-2.4944207668304443,-0.00024541784659959376,0.03300122544169426,0.03300122544169426,1.0,3.0,success
2809,0.5119125247001648,-2.4933767318725586,-0.00024585664505138993,0.033000435680150986,0.033000435680150986,1.0,-3.0,success
2810,0.5120736360549927,-2.492333173751831,-0.0002462318225298077,0.03299754858016968,0.03299754485487938,1.0,-3.0,success
2811,0.5122371315956116,-2.4912898540496826,-0.0002465332509018481,0.03300163894891739,0.03300163894891739,1.0,-3.0,success
2812,0.5122406482696533,-2.491269111633301,-0.00025165596161969006,0.0006766595179215074,0.000657450407743454,0.0,-3.0,success
2813,0.5122406482696533,-2.491269111633301,-0.0002511971688363701,1.4337273569253739e-05,0.0,0.0,3.0,success
2814,0.5124039649963379,-2.4902472496032715,-0.00024562509497627616,0.03233892470598221,0.0323384553194046,1.0,-3.0,success
2815,0.5124044418334961,-2.4902470111846924,-0.00025071713025681674,0.00015999584866221994,1.6660003893775865e-05,0.0,0.0,success
2816,0.5125702023506165,-2.489225387573242,-0.000245439208811149,0.03234365954995155,0.03234323859214783,1.0,-3.0,success
2817,0.5127414464950562,-2.4881832599639893,-0.00024559468147344887,0.03300323337316513,0.03300323337316513,1.0,-3.0,success
2818,0.5129142999649048,-2.4871416091918945,-0.0002460186369717121,0.03299672529101372,0.03299672156572342,1.0,3.0,success
2819,0.5130845904350281,-2.4860994815826416,-0.0002463619748596102,0.03299841284751892,0.03299841284751892,1.0,3.0,success
2820,0.5132531523704529,-2.4850568771362305,-0.00024662725627422333,0.033004455268383026,0.03300445154309273,1.0,-3.0,success
2821,0.5134233236312866,-2.4840147495269775,-0.0002468591264914721,0.03299781307578087,0.03299781307578087,1.0,3.0,success
2822,0.5135911107063293,-2.4829721450805664,-0.00024703520466573536,0.03300059959292412,0.03300059959292412,1.0,3.0,success
2823,0.5135934352874756,-2.4829511642456055,-0.0002520581765566021,0.0006780812982469797,0.0006596630555577576,0.0,3.0,success
2824,0.5137534141540527,-2.481928825378418,-0.0002466241712681949,0.03233732283115387,0.03233687952160835,1.0,3.0,success
2825,0.5137530565261841,-2.4819283485412598,-0.0002515195228625089,0.0001541095261927694,1.862645149230957e-05,0.0,0.0,success
2826,0.513911247253418,-2.480905771255493,-0.0002460810646880418,0.032336097210645676,0.03233565017580986,1.0,-3.0,success
2827,0.514074981212616,-2.4798624515533447,-0.00024610734544694424,0.03300279378890991,0.03300279378890991,1.0,-3.0,success
2828,0.5140776634216309,-2.479841470718384,-0.00025131169240921736,0.0006807013996876776,0.0006609871052205563,0.0,3.0,success
2829,0.5142377614974976,-2.4788191318511963,-0.00024602634948678315,0.03233787417411804,0.032337453216314316,1.0,3.0,success
2830,0.5143987536430359,-2.4777755737304688,-0.0002460577234160155,0.03299697861075401,0.03299697861075401,1.0,-3.0,success
2831,0.5144020318984985,-2.477754592895508,-0.0002512603241484612,0.0006832320359535515,0.0006636063335463405,0.0,-3.0,success
2832,0.5144021511077881,-2.477754592895508,-0.00025087487301789224,1.2608258657564875e-05,3.7252900710882386e-06,0.0,0.0,success
2833,0.514401912689209,-2.477754592895508,-0.0002502678253222257,2.0380901332828216e-05,7.450580142176477e-06,0.0,3.0,success
2834,0.5145618915557861,-2.4767322540283203,-0.00024487735936418176,0.03233731910586357,0.03233687952160835,1.0,3.0,success
2835,0.5147227644920349,-2.4756884574890137,-0.000245123403146863,0.03300377354025841,0.03300377354025841,1.0,-3.0,success
2836,0.5147253274917603,-2.4756674766540527,-0.00025052420096471906,0.0006817465182393789,0.0006605250528082252,0.0,3.0,success
2837,0.5147257447242737,-2.475667715072632,-0.00025027067749761045,1.6978861822281033e-05,1.501712449680781e-05,0.0,-3.0,success
2838,0.5148860216140747,-2.4746453762054443,-0.000244892667979002,0.03233875706791878,0.03233832120895386,1.0,-3.0,success
2839,0.5150517821311951,-2.473602294921875,-0.0002451476757414639,0.033005308359861374,0.033005308359861374,1.0,-3.0,success
2840,0.5150554776191711,-2.473581552505493,-0.00025053296121768653,0.0006795748486183584,0.0006584075163118541,0.0,-3.0,success
2841,0.5152231454849243,-2.472560405731201,-0.000245403207372874,0.03233853355050087,0.032338134944438934,1.0,-3.0,success
2842,0.5152263045310974,-2.4725394248962402,-0.0002504639851395041,0.000681641511619091,0.0006630414281971753,0.0,3.0,success
2843,0.5153931975364685,-2.4715182781219482,-0.0002453338820487261,0.03233461454510689,0.03233421966433525,1.0,3.0,success
2844,0.5155603885650635,-2.470475435256958,-0.0002455129870213568,0.0330049991607666,0.0330049991607666,1.0,3.0,success
2845,0.5155602693557739,-2.470475196838379,-0.0002509172772988677,0.00016908936959225684,8.330001946887933e-06,0.0,0.0,success
2846,0.5157220363616943,-2.4694530963897705,-0.00024562457110732794,0.03233863040804863,0.03233820199966431,1.0,3.0,success
2847,0.5157217383384705,-2.4694526195526123,-0.0002507166063878685,0.0001600934047019109,1.7572157958056778e-05,0.0,0.0,success
2848,0.5157217979431152,-2.4694526195526123,-0.0002503235300537199,1.2424054148141295e-05,1.8626450355441193e-06,0.0,-3.0,success
2849,0.515883207321167,-2.468430519104004,-0.0002449418243486434,0.032336898148059845,0.032336462289094925,1.0,3.0,success
2850,0.5160449147224426,-2.4673869609832764,-0.00024518629652448,0.0330003947019577,0.0330003947019577,1.0,3.0,success
2851,0.5160443782806396,-2.467386484146118,-0.0002506554592400789,0.00017237676365766674,2.242921618744731e-05,0.0,0.0,success
2852,0.5162009596824646,-2.4663636684417725,-0.00024541528546251357,0.032335780560970306,0.03233536705374718,1.0,3.0,success
2853,0.5162035226821899,-2.4663426876068115,-0.00025044710491783917,0.0006789838662371039,0.0006605250528082252,0.0,-3.0,success
2854,0.5162026882171631,-2.4663424491882324,-0.000250215467531234,2.8069931431673467e-05,2.712052082642913e-05,0.0,3.0,success
2855,0.5163578987121582,-2.4653193950653076,-0.0002448386512696743,0.03233671188354492,0.03233627602458,1.0,-3.0,success
2856,0.5165185928344727,-2.464275598526001,-0.0002451036707498133,0.03300292789936066,0.03300292417407036,1.0,-3.0,success
2857,0.5166817903518677,-2.4632322788238525,-0.0002456155780237168,0.033000197261571884,0.033000193536281586,1.0,-3.0,success
2858,0.5168474316596985,-2.4621894359588623,-0.00024603979545645416,0.03299737349152565,0.03299736976623535,1.0,-3.0,success
2859,0.5170153975486755,-2.461146831512451,-0.000246379931923002,0.03300148621201515,0.03300148621201515,1.0,-3.0,success
2860,0.5171850323677063,-2.460104465484619,-0.00024666154058650136,0.033002469688653946,0.033002469688653946,1.0,3.0,success
2861,0.5173528790473938,-2.459061861038208,-0.00024686750839464366,0.0330008938908577,0.0330008938908577,1.0,-3.0,success
2862,0.5175229907035828,-2.458019733428955,-0.00024704140378162265,0.03299751132726669,0.03299751132726669,1.0,-3.0,success
2863,0.5176955461502075,-2.4569778442382812,-0.00024718098575249314,0.033002547919750214,0.033002547919750214,1.0,-3.0,success
2864,0.5178703665733337,-2.4559364318847656,-0.00024729271535761654,0.032999493181705475,0.032999493181705475,1.0,-3.0,success
2865,0.5180475115776062,-2.454895496368408,-0.0002473821514286101,0.03299690783023834,0.03299690783023834,1.0,-3.0,success
2866,0.5180516839027405,-2.4548747539520264,-0.0002523348666727543,0.000679057149682194,0.0006611839053221047,0.0,-3.0,success
2867,0.5182304382324219,-2.453855276107788,-0.0002468458842486143,0.032345157116651535,0.03234470263123512,1.0,-3.0,success
2868,0.5184147357940674,-2.452815532684326,-0.0002467250160407275,0.0329984612762928,0.0329984575510025,1.0,-3.0,success
2869,0.5186007022857666,-2.4517760276794434,-0.0002469226601533592,0.033000268042087555,0.033000268042087555,1.0,3.0,success
2870,0.5186011791229248,-2.4517757892608643,-0.0002520584675949067,0.00016135635087266564,1.6660003893775865e-05,0.0,0.0,success
2871,0.5186018943786621,-2.4517760276794434,-0.00025141212972812355,3.1033418053993955e-05,2.3560804038424976e-05,0.0,-3.0,success
2872,0.5187848210334778,-2.4507575035095215,-0.00024580227909609675,0.032338619232177734,0.03233814239501953,1.0,-3.0,success
2873,0.5189735293388367,-2.449718475341797,-0.00024587512598372996,0.03300080448389053,0.03300080448389053,1.0,-3.0,success
2874,0.5191639065742493,-2.4486796855926514,-0.0002462423872202635,0.0330028310418129,0.0330028310418129,1.0,3.0,success
2875,0.5193517804145813,-2.4476406574249268,-0.00024654093431308866,0.032996151596307755,0.032996151596307755,1.0,3.0,success
2876,0.5195371508598328,-2.446600914001465,-0.00024678019690327346,0.03300432860851288,0.03300432860851288,1.0,3.0,success
2877,0.519540548324585,-2.446580171585083,-0.0002518429537303746,0.0006756233051419258,0.0006568379467353225,0.0,-3.0,success
2878,0.519722580909729,-2.445561408996582,-0.0002464628778398037,0.03234098479151726,0.03234054893255234,1.0,3.0,success
2879,0.5199060440063477,-2.444521427154541,-0.0002464073768351227,0.03300125524401665,0.03300125524401665,1.0,-3.0,success
2880,0.5200912952423096,-2.443481683731079,-0.00024666875833645463,0.03300367295742035,0.03300367295742035,1.0,3.0,success
2881,0.5200939178466797,-2.4434609413146973,-0.00025176501367241144,0.0006724907434545457,0.0006533610867336392,0.0,3.0,success
2882,0.5200940370559692,-2.4434609413146973,-0.000251263176323846,1.6118809071485884e-05,3.7252900710882386e-06,0.0,-3.0,success
2883,0.5202733874320984,-2.442441701889038,-0.0002456982037983835,0.03234105184674263,0.03234058618545532,1.0,3.0,success
2884,0.5204534530639648,-2.4414010047912598,-0.00024579145247116685,0.0330049991607666,0.0330049991607666,1.0,3.0,success
2885,0.5206311345100403,-2.4403600692749023,-0.0002461659023538232,0.03299972414970398,0.03299972414970398,1.0,3.0,success
2886,0.5206339955329895,-2.4403393268585205,-0.00025135098258033395,0.0006741011748090386,0.0006543374038301408,0.0,-3.0,success
2887,0.5208086371421814,-2.439319133758545,-0.00024606933584436774,0.03234520182013512,0.03234478458762169,1.0,3.0,success
2888,0.5209839940071106,-2.4382777214050293,-0.0002461032127030194,0.03300227224826813,0.03300227224826813,1.0,3.0,success
2889,0.5209833383560181,-2.43827748298645,-0.0002513892250135541,0.0001666203752392903,2.180170122301206e-05,0.0,0.0,success
2890,0.5211533308029175,-2.4372565746307373,-0.00024600245524197817,0.032343074679374695,0.032342635095119476,1.0,3.0,success
2891,0.5211552977561951,-2.4372355937957764,-0.00025092833675444126,0.0006762781995348632,0.0006585260271094739,0.0,3.0,success
2892,0.5213212370872498,-2.436213970184326,-0.00024569404195062816,0.03234454616904259,0.032344136387109756,1.0,-3.0,success
2893,0.5213243961334229,-2.4361932277679443,-0.00025068357354030013,0.0006739595555700362,0.0006556748994626105,0.0,-3.0,success
2894,0.5213238596916199,-2.4361929893493652,-0.0002504050498828292,2.0305013094912283e-05,1.8344926502322778e-05,0.0,3.0,success
2895,0.5214929580688477,-2.4351720809936523,-0.00024499042774550617,0.032338500022888184,0.03233805671334267,1.0,-3.0,success
2896,0.5214956998825073,-2.4351511001586914,-0.0002501191047485918,0.0006803722935728729,0.0006612258730456233,0.0,3.0,success
2897,0.5214958190917969,-2.4351511001586914,-0.0002499367401469499,6.808463240304263e-06,3.7252900710882386e-06,0.0,0.0,success
2898,0.5214959383010864,-2.4351511001586914,-0.00024951115483418107,1.381142828904558e-05,3.7252900710882386e-06,0.0,0.0,success
2899,0.5216644406318665,-2.4341301918029785,-0.0002442775876261294,0.03233543410897255,0.03233502060174942,1.0,3.0,success
2900,0.5218340158462524,-2.4330878257751465,-0.0002446440339554101,0.03300217166543007,0.03300216794013977,1.0,-3.0,success
2901,0.5220053195953369,-2.4320456981658936,-0.00024525774642825127,0.033003538846969604,0.03300353139638901,1.0,3.0,success
2902,0.5221741795539856,-2.4310033321380615,-0.00024575390852987766,0.03299859166145325,0.03299858793616295,1.0,3.0,success
2903,0.5223406553268433,-2.4299604892730713,-0.0002461511758156121,0.03300147131085396,0.03300147131085396,1.0,3.0,success
2904,0.5225054621696472,-2.428917407989502,-0.0002464584249537438,0.033000648021698,0.033000648021698,1.0,-3.0,success
2905,0.5225077271461487,-2.428896427154541,-0.0002516070380806923,0.0006788041791878641,0.0006594605511054397,0.0,3.0,success
2906,0.5225072503089905,-2.428896427154541,-0.00025114737218245864,2.0697465515695512e-05,1.4901160284352954e-05,0.0,3.0,success
2907,0.5226671695709229,-2.4278740882873535,-0.0002455846406519413,0.03233705833554268,0.03233659267425537,1.0,-3.0,success
2908,0.5228318572044373,-2.426831007003784,-0.0002457107766531408,0.03300006315112114,0.03300006315112114,1.0,3.0,success
2909,0.5228350162506104,-2.4268100261688232,-0.00025097327306866646,0.0006831315695308149,0.0006630414281971753,0.0,-3.0,success
2910,0.5229974985122681,-2.425788164138794,-0.0002457547525409609,0.03233475983142853,0.0323343500494957,1.0,-3.0,success
2911,0.5231649875640869,-2.4247453212738037,-0.00024586182553321123,0.03300647437572479,0.03300647437572479,1.0,3.0,success
2912,0.5233306884765625,-2.4237024784088135,-0.00024621307966299355,0.03299766406416893,0.03299766033887863,1.0,-3.0,success
2913,0.5233341455459595,-2.4236817359924316,-0.00025139853823930025,0.0006768263410776854,0.000657141616102308,0.0,-3.0,success
2914,0.5235009789466858,-2.4226603507995605,-0.0002461076364852488,0.032341696321964264,0.03234127536416054,1.0,3.0,success
2915,0.5235041975975037,-2.4226393699645996,-0.00025100522907450795,0.0006807491881772876,0.0006633213488385081,0.0,-3.0,success
2916,0.5236715078353882,-2.4216182231903076,-0.00024576642317697406,0.03233674168586731,0.03233632445335388,1.0,-3.0,success
2917,0.5236868262290955,-2.4217960834503174,-0.00024326487618964165,0.005579256918281317,0.0055787088349461555,0.0,3.0,success
