step,x,y,z,speed_3d,speed_xy,command_v,command_w,outcome
0,1.8074852228164673,-1.5237700939178467,-0.010198740288615227,0.0,0.0,0.0,0.0,success
1,1.8074957132339478,-1.523776650428772,-0.0052497610449790955,0.1546560674905777,0.00038658748962916434,0.0,-3.0,success
2,1.807495355606079,-1.5237765312194824,-0.004230010323226452,0.03186721354722977,1.1780402019212488e-05,0.0,3.0,success
3,1.8074957132339478,-1.5237767696380615,-0.0034326640889048576,0.02491707168519497,1.3431724255497102e-05,0.0,-3.0,success
4,1.8078484535217285,-1.522803544998169,-0.002790039638057351,0.0380757600069046,0.03234928846359253,1.0,3.0,success
5,1.8082057237625122,-1.5218098163604736,-0.0022806483320891857,0.0366387814283371,0.03300003707408905,1.0,3.0,success
6,1.8085607290267944,-1.5208152532577515,-0.0018735571065917611,0.035367872565984726,0.03300071507692337,1.0,3.0,success
7,1.8085665702819824,-1.5207949876785278,-0.0015528800431638956,0.010042808018624783,0.000659081619232893,0.0,3.0,success
8,1.8089102506637573,-1.5198187828063965,-0.0012869668425992131,0.033392228186130524,0.032341741025447845,1.0,3.0,success
9,1.8092588186264038,-1.5188219547271729,-0.0010785527992993593,0.033636994659900665,0.033000439405441284,1.0,-3.0,success
10,1.8096091747283936,-1.517825722694397,-0.0009121818002313375,0.03340838477015495,0.033001355826854706,1.0,3.0,success
11,1.8099572658538818,-1.5168287754058838,-0.0007791314856149256,0.03325995057821274,0.03299904242157936,1.0,3.0,success
12,1.8103030920028687,-1.5158309936523438,-0.000672723981551826,0.0331675186753273,0.033000413328409195,1.0,3.0,success
13,1.810646653175354,-1.5148323774337769,-0.0005876239156350493,0.03310893848538399,0.03300195932388306,1.0,3.0,success
14,1.8109880685806274,-1.5138331651687622,-0.0005195645499043167,0.03306630626320839,0.03299783170223236,1.0,3.0,success
15,1.8113272190093994,-1.5128329992294312,-0.0004651336348615587,0.03304704278707504,0.03300323709845543,1.0,3.0,success
16,1.8116642236709595,-1.5118322372436523,-0.0004216021625325084,0.033027444034814835,0.03299941495060921,1.0,3.0,success
17,1.811998963356018,-1.5108306407928467,-0.0003867875784635544,0.03301955386996269,0.033001627773046494,1.0,3.0,success
18,1.8120039701461792,-1.510810136795044,-0.00036382683902047575,0.0009746180148795247,0.0006595762679353356,0.0,3.0,success
19,1.8123281002044678,-1.5098272562026978,-0.00033601216273382306,0.032353758811950684,0.032342080026865005,1.0,3.0,success
20,1.812656044960022,-1.5088235139846802,-0.0003180356870871037,0.03300344944000244,0.032998669892549515,1.0,3.0,success
21,1.8129762411117554,-1.507839560508728,-0.0003000117721967399,0.03234057500958443,0.03233567252755165,1.0,3.0,success
22,1.8133002519607544,-1.5068345069885254,-0.00028922862838953733,0.03300141915678978,0.03299969807267189,1.0,3.0,success
23,1.8136218786239624,-1.505828619003296,-0.00028090481646358967,0.03300277516245842,0.033001746982336044,1.0,3.0,success
24,1.813941240310669,-1.5048221349716187,-0.0002742628857959062,0.032998666167259216,0.032998014241456985,1.0,3.0,success
25,1.814258337020874,-1.5038148164749146,-0.00026895178598351777,0.033001966774463654,0.033001549541950226,1.0,3.0,success
26,1.8145731687545776,-1.5028069019317627,-0.0002647042565513402,0.03299841284751892,0.03299814462661743,1.0,3.0,success
27,1.8148858547210693,-1.501798152923584,-0.0002613073156680912,0.03300328925251961,0.03300312161445618,1.0,3.0,success
28,1.8151962757110596,-1.5007888078689575,-0.00025859061861410737,0.033000148832798004,0.03300003707408905,1.0,3.0,success
29,1.815504550933838,-1.4997788667678833,-0.00025641793035902083,0.03299827501177788,0.03299820050597191,1.0,3.0,success
30,1.8158105611801147,-1.4987680912017822,-0.000254680315265432,0.03300261124968529,0.033002566546201706,1.0,3.0,success
31,1.8161144256591797,-1.497756838798523,-0.00025329069467261434,0.0329974964261055,0.03299746662378311,1.0,3.0,success
32,1.8164160251617432,-1.4967447519302368,-0.0002521793358027935,0.033002179116010666,0.033002160489559174,1.0,3.0,success
33,1.8167154788970947,-1.495732069015503,-0.00025129050482064486,0.033000946044921875,0.03300093486905098,1.0,3.0,success
34,1.8170127868652344,-1.4947187900543213,-0.0002505796728655696,0.03299986198544502,0.032999854534864426,1.0,3.0,success
35,1.817016839981079,-1.4946980476379395,-0.00025489373365417123,0.0006740782991982996,0.0006604593945667148,0.0,3.0,success
36,1.8173048496246338,-1.4937037229537964,-0.0002488782338332385,0.03235042467713356,0.032349877059459686,1.0,-3.0,success
37,1.8176006078720093,-1.4926899671554565,-0.00024836169905029237,0.033000558614730835,0.033000554889440536,1.0,3.0,success
38,1.8178943395614624,-1.4916754961013794,-0.00024821728584356606,0.03300434723496437,0.03300434723496437,1.0,0.0,success
39,1.8181878328323364,-1.4906611442565918,-0.0002481262490618974,0.032998695969581604,0.032998695969581604,1.0,3.0,success
40,1.818479061126709,-1.489646077156067,-0.0002480488328728825,0.03300057724118233,0.03300057724118233,1.0,3.0,success
41,1.81876802444458,-1.4886304140090942,-0.00024798684171400964,0.03299904242157936,0.03299904242157936,1.0,3.0,success
42,1.8190546035766602,-1.4876140356063843,-0.0002479373069945723,0.033000241965055466,0.033000241965055466,1.0,3.0,success
43,1.8193397521972656,-1.4865972995758057,-0.0002478865208104253,0.03299890086054802,0.03299890086054802,1.0,-3.0,success
44,1.8196266889572144,-1.4855810403823853,-0.0002478665846865624,0.03299969434738159,0.03299969434738159,1.0,3.0,success
45,1.8199114799499512,-1.4845640659332275,-0.00024784140987321734,0.0330030582845211,0.0330030582845211,1.0,3.0,success
46,1.820193886756897,-1.483546495437622,-0.0002478209207765758,0.033000994473695755,0.033000994473695755,1.0,3.0,success
47,1.8204740285873413,-1.4825283288955688,-0.0002478045935276896,0.033000096678733826,0.033000096678733826,1.0,3.0,success
48,1.8207519054412842,-1.4815095663070679,-0.0002477915841154754,0.03299935907125473,0.03299935907125473,1.0,3.0,success
49,1.8207557201385498,-1.481488823890686,-0.0002526637108530849,0.0006764288409613073,0.0006590710836462677,0.0,3.0,success
50,1.8210241794586182,-1.4804892539978027,-0.0002471085172146559,0.032343991100788116,0.03234352916479111,1.0,3.0,success
51,1.8212950229644775,-1.479468584060669,-0.0002469342143740505,0.032999809831380844,0.032999809831380844,1.0,3.0,success
52,1.821563720703125,-1.4784473180770874,-0.0002470808394718915,0.03300068899989128,0.03300068899989128,1.0,3.0,success
53,1.821830153465271,-1.477425456047058,-0.00024721212685108185,0.033000774681568146,0.033000774681568146,1.0,3.0,success
54,1.8220943212509155,-1.476402997970581,-0.00024731786106713116,0.033001020550727844,0.033001020550727844,1.0,3.0,success
55,1.8223563432693481,-1.4753800630569458,-0.0002474024659022689,0.03299874812364578,0.03299874812364578,1.0,3.0,success
56,1.8226161003112793,-1.4743565320968628,-0.00024747016141191125,0.03299930691719055,0.03299930691719055,1.0,3.0,success
57,1.8228737115859985,-1.473332405090332,-0.0002475242945365608,0.03300094231963158,0.03300094231963158,1.0,3.0,success
58,1.8231290578842163,-1.4723076820373535,-0.00024756763014011085,0.033001821488142014,0.033001817762851715,1.0,3.0,success
59,1.8233821392059326,-1.4712824821472168,-0.00024760226369835436,0.03299924358725548,0.03299924358725548,1.0,3.0,success
60,1.823633074760437,-1.4702566862106323,-0.0002476299705449492,0.03300132974982262,0.03300132974982262,1.0,3.0,success
61,1.8238818645477295,-1.4692304134368896,-0.00024765211855992675,0.03299994021654129,0.03299994021654129,1.0,3.0,success
62,1.8241283893585205,-1.4682035446166992,-0.00024766987189650536,0.03300144895911217,0.03300144895911217,1.0,3.0,success
63,1.824373483657837,-1.4671764373779297,-0.000247672462137416,0.03299828991293907,0.03299828991293907,1.0,-3.0,success
64,1.8243768215179443,-1.4671555757522583,-0.00025257794186472893,0.000677781063131988,0.000660217716358602,0.0,3.0,success
65,1.8246170282363892,-1.4661489725112915,-0.00024704038514755666,0.032340049743652344,0.032339584082365036,1.0,3.0,success
66,1.8248590230941772,-1.4651210308074951,-0.0002468794409651309,0.03300132602453232,0.03300132229924202,1.0,3.0,success
67,1.8250988721847534,-1.4640926122665405,-0.0002470369217917323,0.033000532537698746,0.033000532537698746,1.0,3.0,success
68,1.8253370523452759,-1.4630638360977173,-0.0002471657353453338,0.032999616116285324,0.032999616116285324,1.0,-3.0,success
69,1.8255771398544312,-1.4620354175567627,-0.00024729009601287544,0.033002227544784546,0.033002227544784546,1.0,3.0,success
70,1.8258148431777954,-1.46100652217865,-0.00024738034699112177,0.03299988806247711,0.03299988433718681,1.0,3.0,success
71,1.8260502815246582,-1.459977149963379,-0.00024745220434851944,0.03299855440855026,0.03299855440855026,1.0,3.0,success
72,1.8262841701507568,-1.4589474201202393,-0.0002474986540619284,0.03299868851900101,0.03299868479371071,1.0,-3.0,success
73,1.8265198469161987,-1.4579180479049683,-0.00024755633785389364,0.033000215888023376,0.033000215888023376,1.0,3.0,success
74,1.8265231847763062,-1.4578971862792969,-0.00025247555458918214,0.0006778782699257135,0.000660217716358602,0.0,3.0,success
75,1.8267500400543213,-1.4568873643875122,-0.00024695813772268593,0.03234388679265976,0.03234342485666275,1.0,3.0,success
76,1.826979160308838,-1.4558565616607666,-0.00024680281057953835,0.03299873322248459,0.03299872949719429,1.0,-3.0,success
77,1.8272100687026978,-1.4548261165618896,-0.0002469850587658584,0.03299999609589577,0.03299999609589577,1.0,3.0,success
78,1.8274387121200562,-1.4537951946258545,-0.0002471355255693197,0.03299913927912712,0.03299913555383682,1.0,3.0,success
79,1.827441930770874,-1.4537742137908936,-0.0002521387068554759,0.0006814986118115485,0.0006633213488385081,0.0,3.0,success
80,1.8274418115615845,-1.453774333000183,-0.00025156186893582344,1.8780279788188636e-05,5.268355835141847e-06,0.0,-3.0,success
81,1.827663779258728,-1.4527634382247925,-0.0002459372626617551,0.03234351426362991,0.03234303742647171,1.0,3.0,success
82,1.827888011932373,-1.451731562614441,-0.0002459721581544727,0.03299868851900101,0.03299868851900101,1.0,-3.0,success
83,1.8281141519546509,-1.450700044631958,-0.00024632003623992205,0.033000484108924866,0.033000484108924866,1.0,3.0,success
84,1.8281174898147583,-1.4506791830062866,-0.00025148631539195776,0.0006796707166358829,0.000660217716358602,0.0,3.0,success
85,1.8283355236053467,-1.4496674537658691,-0.00024615530855953693,0.0323428176343441,0.03234238550066948,1.0,-3.0,success
86,1.8285596370697021,-1.4486355781555176,-0.00024618205497972667,0.03299789875745773,0.03299789875745773,1.0,3.0,success
87,1.828781247138977,-1.4476029872894287,-0.00024647926329635084,0.03300323709845543,0.03300323709845543,1.0,3.0,success
88,1.8290009498596191,-1.4465700387954712,-0.0002467252197675407,0.03300171718001366,0.03300171345472336,1.0,0.0,success
89,1.8292202949523926,-1.4455370903015137,-0.00024693354498595,0.032999392598867416,0.032999392598867416,1.0,3.0,success
90,1.829437255859375,-1.444503664970398,-0.0002470949257258326,0.03299857676029205,0.03299857676029205,1.0,3.0,success
91,1.829651951789856,-1.4434696435928345,-0.0002472238556947559,0.0330023430287838,0.0330023430287838,1.0,3.0,success
92,1.829864263534546,-1.4424352645874023,-0.00024732702877372503,0.032998226583004,0.032998226583004,1.0,3.0,success
93,1.8300750255584717,-1.4414005279541016,-0.00024739853688515723,0.03299947455525398,0.03299947455525398,1.0,-3.0,success
94,1.8302876949310303,-1.4403661489486694,-0.00024747627321630716,0.03300047665834427,0.03300047665834427,1.0,3.0,success
95,1.8304979801177979,-1.439331293106079,-0.00024752921308390796,0.0330001525580883,0.0330001525580883,1.0,3.0,success
96,1.8307065963745117,-1.4382960796356201,-0.00024756035418249667,0.03300076350569725,0.03300076350569725,1.0,-3.0,success
97,1.8309178352355957,-1.4372614622116089,-0.0002475946967024356,0.03299880027770996,0.03299880027770996,1.0,-3.0,success
98,1.8309211730957031,-1.4372406005859375,-0.00025251571787521243,0.0006778910756111145,0.000660217716358602,0.0,3.0,success
99,1.8311278820037842,-1.4362266063690186,-0.0002469905302859843,0.03233949467539787,0.032339032739400864,1.0,3.0,success
100,1.831131100654602,-1.4362057447433472,-0.0002517217071726918,0.0006760055548511446,0.0006596393650397658,0.0,3.0,success
101,1.831332802772522,-1.4351906776428223,-0.0002463402634020895,0.03234146535396576,0.03234102949500084,1.0,3.0,success
102,1.8315355777740479,-1.4341543912887573,-0.000246318377321586,0.03299809247255325,0.03299809247255325,1.0,3.0,success
103,1.8317368030548096,-1.4331176280975342,-0.0002465772849973291,0.03300345316529274,0.03300345316529274,1.0,-3.0,success
104,1.8317397832870483,-1.4330967664718628,-0.0002517013344913721,0.0006777325179427862,0.0006585444789379835,0.0,3.0,success
105,1.8319367170333862,-1.432080864906311,-0.0002463390992488712,0.032338351011276245,0.032337918877601624,1.0,3.0,success
106,1.8321346044540405,-1.4310435056686401,-0.0002463181735947728,0.033002033829689026,0.033002033829689026,1.0,3.0,success
107,1.8323301076889038,-1.4300057888031006,-0.00024658787879161537,0.03299913927912712,0.03299913555383682,1.0,3.0,success
108,1.832524061203003,-1.4289677143096924,-0.00024680676870048046,0.033001191914081573,0.033001191914081573,1.0,-3.0,success
109,1.8327205181121826,-1.4279301166534424,-0.00024699204368516803,0.03300100564956665,0.03300100564956665,1.0,-3.0,success
110,1.8329194784164429,-1.4268929958343506,-0.0002471409097779542,0.033001016825437546,0.033001016825437546,1.0,-3.0,success
111,1.8331201076507568,-1.4258562326431274,-0.00024727039271965623,0.032999906688928604,0.032999906688928604,1.0,3.0,success
112,1.833319067955017,-1.4248191118240356,-0.00024735418264754117,0.033001016825437546,0.033001016825437546,1.0,-3.0,success
113,1.833519697189331,-1.4237823486328125,-0.0002474405337125063,0.032999906688928604,0.032999906688928604,1.0,3.0,success
114,1.8337186574935913,-1.4227453470230103,-0.00024749021395109594,0.032997358590364456,0.032997358590364456,1.0,-3.0,success
115,1.8337219953536987,-1.4227244853973389,-0.00025243169511668384,0.0006780364201404154,0.000660217716358602,0.0,3.0,success
116,1.8339165449142456,-1.421708106994629,-0.00024692315491847694,0.03233891725540161,0.0323384590446949,1.0,3.0,success
117,1.8341120481491089,-1.4206702709197998,-0.0002467850281391293,0.03300279751420021,0.03300279751420021,1.0,3.0,success
118,1.8343050479888916,-1.419632077217102,-0.00024696101900190115,0.032999392598867416,0.032999392598867416,1.0,3.0,success
119,1.8343076705932617,-1.4196110963821411,-0.0002519983390811831,0.0006792459171265364,0.0006607535178773105,0.0,3.0,success
120,1.8344924449920654,-1.418592929840088,-0.00024657644098624587,0.03233784809708595,0.03233740106225014,1.0,3.0,success
121,1.834494948387146,-1.4185718297958374,-0.00025139094213955104,0.0006808328907936811,0.0006640009814873338,0.0,3.0,success
122,1.8346749544143677,-1.4175527095794678,-0.0002460758842062205,0.03234090283513069,0.03234047815203667,1.0,3.0,success
123,1.834855556488037,-1.4165122509002686,-0.00024610714172013104,0.03300052136182785,0.03300052136182785,1.0,3.0,success
124,1.8350346088409424,-1.4154715538024902,-0.00024640827905386686,0.032999616116285324,0.032999616116285324,1.0,-3.0,success
125,1.835215449333191,-1.4144312143325806,-0.00024668360128998756,0.03299812972545624,0.03299812600016594,1.0,3.0,success
126,1.8353947401046753,-1.4133905172348022,-0.00024688459234312177,0.0330008789896965,0.0330008789896965,1.0,-3.0,success
127,1.835575819015503,-1.412350058555603,-0.00024706521071493626,0.0330030731856823,0.0330030731856823,1.0,3.0,success
128,1.8357545137405396,-1.4113093614578247,-0.0002472003106959164,0.03299771994352341,0.03299771994352341,1.0,3.0,success
129,1.835931420326233,-1.4102683067321777,-0.00024729743017815053,0.03299932926893234,0.03299932926893234,1.0,-3.0,success
130,1.8361109495162964,-1.4092276096343994,-0.000247384567046538,0.03300214558839798,0.03300214558839798,1.0,-3.0,success
131,1.8362929821014404,-1.4081873893737793,-0.0002474549110047519,0.03300085663795471,0.03300085663795471,1.0,-3.0,success
132,1.8364766836166382,-1.4071475267410278,-0.000247521442361176,0.03299888223409653,0.03299888223409653,1.0,3.0,success
133,1.836658000946045,-1.4061071872711182,-0.000247564836172387,0.033000681549310684,0.033000681549310684,1.0,3.0,success
134,1.836836814880371,-1.4050664901733398,-0.0002475992951076478,0.032998353242874146,0.032998353242874146,1.0,3.0,success
135,1.8370132446289062,-1.4040253162384033,-0.0002476270019542426,0.033000506460666656,0.033000506460666656,1.0,3.0,success
136,1.8371872901916504,-1.4029837846755981,-0.000247649266384542,0.03299916908144951,0.03299916908144951,1.0,3.0,success
137,1.8373596668243408,-1.4019418954849243,-0.000247656338615343,0.03300163894891739,0.03300163522362709,1.0,-3.0,success
138,1.8373619318008423,-1.4019209146499634,-0.00025256467051804066,0.0006770637119188905,0.0006594605511054397,0.0,3.0,success
139,1.837531566619873,-1.4009000062942505,-0.0002470187027938664,0.03234126791357994,0.03234080225229263,1.0,-3.0,success
140,1.8377060890197754,-1.3998585939407349,-0.00024687242694199085,0.03299795463681221,0.03299795463681221,1.0,3.0,success
141,1.8378783464431763,-1.398816704750061,-0.00024703130475245416,0.03300102800130844,0.03300102800130844,1.0,3.0,success
142,1.837881326675415,-1.3987958431243896,-0.0002520429261494428,0.0006769110332243145,0.0006585444789379835,0.0,-3.0,success
143,1.8380504846572876,-1.3977748155593872,-0.0002466228906996548,0.03234248235821724,0.03234203904867172,1.0,3.0,success
144,1.8382208347320557,-1.3967326879501343,-0.0002465352008584887,0.0329987108707428,0.0329987108707428,1.0,-3.0,success
145,1.8382233381271362,-1.3967117071151733,-0.0002516537206247449,0.0006793994689360261,0.0006603017682209611,0.0,3.0,success
146,1.838222861289978,-1.3967115879058838,-0.00025118395569734275,2.1246863980195485e-05,1.5359764802269638e-05,0.0,3.0,success
147,1.838388204574585,-1.3956900835037231,-0.00024561386089771986,0.03233794495463371,0.03233747556805611,1.0,-3.0,success
148,1.838390827178955,-1.3956691026687622,-0.00025061744963750243,0.0006790024344809353,0.0006607535178773105,0.0,3.0,success
149,1.8385556936264038,-1.394647479057312,-0.0002454562345519662,0.032339178025722504,0.03233877941966057,1.0,3.0,success
150,1.838720679283142,-1.3936043977737427,-0.000245611066929996,0.03300151973962784,0.03300151973962784,1.0,3.0,success
151,1.8388832807540894,-1.3925609588623047,-0.00024602218763902783,0.03300100564956665,0.03300100192427635,1.0,3.0,success
152,1.8390434980392456,-1.391517162322998,-0.00024636511807329953,0.03300066292285919,0.03300065919756889,1.0,3.0,success
153,1.8392020463943481,-1.3904731273651123,-0.00024662938085384667,0.0330001562833786,0.0330001525580883,1.0,-3.0,success
154,1.8393630981445312,-1.3894295692443848,-0.0002468502498231828,0.032997265458106995,0.032997261732816696,1.0,-3.0,success
155,1.8395260572433472,-1.3883861303329468,-0.00024703802773728967,0.03300272673368454,0.03300272673368454,1.0,3.0,success
156,1.8396865129470825,-1.3873424530029297,-0.0002471784537192434,0.032998111099004745,0.032998111099004745,1.0,3.0,success
157,1.8398452997207642,-1.386298418045044,-0.0002472800260875374,0.03300127014517784,0.03300127014517784,1.0,-3.0,success
158,1.8400065898895264,-1.3852547407150269,-0.00024737074272707105,0.033002082258462906,0.033002082258462906,1.0,-3.0,success
159,1.8400092124938965,-1.3852338790893555,-0.0002523365255910903,0.0006751334294676781,0.0006570571567863226,0.0,3.0,success
160,1.8401669263839722,-1.3842110633850098,-0.0002468472230248153,0.03234119340777397,0.03234073892235756,1.0,3.0,success
161,1.8403247594833374,-1.3831669092178345,-0.0002467242011334747,0.03300049155950546,0.03300049155950546,1.0,3.0,success
162,1.8404808044433594,-1.38212251663208,-0.0002469019964337349,0.03299955278635025,0.03299955278635025,1.0,-3.0,success
163,1.8406394720077515,-1.3810784816741943,-0.00024706771364435554,0.03300071135163307,0.03300071135163307,1.0,-3.0,success
164,1.8407998085021973,-1.3800348043441772,-0.0002472118067089468,0.03299754485487938,0.03299754485487938,1.0,3.0,success
165,1.8408020734786987,-1.3800137042999268,-0.00025219962117262185,0.0006812358042225242,0.0006631644209846854,0.0,3.0,success
166,1.8409547805786133,-1.3789901733398438,-0.0002467373851686716,0.03233982250094414,0.032339371740818024,1.0,3.0,success
167,1.8411082029342651,-1.3779454231262207,-0.0002466262667439878,0.032998599112033844,0.032998599112033844,1.0,-3.0,success
168,1.8412641286849976,-1.3769010305404663,-0.0002468332531861961,0.03299900144338608,0.03299900144338608,1.0,-3.0,success
169,1.8414217233657837,-1.375856876373291,-0.00024702356313355267,0.03299937769770622,0.03299937769770622,1.0,3.0,success
170,1.8415769338607788,-1.3748122453689575,-0.0002471666957717389,0.033003080636262894,0.033003080636262894,1.0,3.0,success
171,1.8417304754257202,-1.3737674951553345,-0.00024727071286179125,0.03299913927912712,0.03299913927912712,1.0,-3.0,success
172,1.8418856859207153,-1.3727229833602905,-0.00024737382773309946,0.032999396324157715,0.032999392598867416,1.0,3.0,success
173,1.8418877124786377,-1.37270188331604,-0.0002523292205296457,0.000680270662996918,0.000662410631775856,0.0,3.0,success
174,1.8420355319976807,-1.3716776371002197,-0.0002468411694280803,0.03233976289629936,0.03233930841088295,1.0,3.0,success
175,1.8421831130981445,-1.3706320524215698,-0.00024671960272826254,0.03299839422106743,0.03299839422106743,1.0,3.0,success
176,1.8423291444778442,-1.3695861101150513,-0.0002468982129357755,0.03300272673368454,0.03300272673368454,1.0,-3.0,success
177,1.8424776792526245,-1.368540644645691,-0.00024706454132683575,0.03299888223409653,0.03299888223409653,1.0,-3.0,success
178,1.842628002166748,-1.3674954175949097,-0.000247209332883358,0.03299941122531891,0.03299941122531891,1.0,3.0,success
179,1.842775821685791,-1.3664498329162598,-0.0002473154163453728,0.0329994335770607,0.0329994335770607,1.0,3.0,success
180,1.842921257019043,-1.3654038906097412,-0.00024739993386901915,0.0330001562833786,0.0330001562833786,1.0,3.0,success
181,1.8430644273757935,-1.364357590675354,-0.0002474676293786615,0.03300155699253082,0.03300155699253082,1.0,3.0,success
182,1.8432050943374634,-1.3633109331130981,-0.00024752187891863286,0.03300211951136589,0.03300211951136589,1.0,3.0,success
183,1.8433434963226318,-1.3622640371322632,-0.0002475653600413352,0.0330001525580883,0.0330001525580883,1.0,3.0,success
184,1.8434795141220093,-1.3612169027328491,-0.0002476001682225615,0.03299785777926445,0.03299785777926445,1.0,3.0,success
185,1.8436139822006226,-1.360169529914856,-0.000247616961132735,0.03299904242157936,0.03299904242157936,1.0,-3.0,success
186,1.8436110019683838,-1.360148310661316,-0.0002525357122067362,0.0006870257784612477,0.0006696098716929555,0.0,3.0,success
187,1.8436102867126465,-1.360148310661316,-0.0002518880064599216,3.0154440537444316e-05,2.235173997178208e-05,0.0,3.0,success
188,1.8437399864196777,-1.359121561050415,-0.0002461883705109358,0.03234139829874039,0.03234090656042099,1.0,3.0,success
189,1.8437412977218628,-1.3591004610061646,-0.00025106570683419704,0.000678002426866442,0.0006606484530493617,0.0,3.0,success
190,1.8438658714294434,-1.358073115348816,-0.0002458150265738368,0.03234012797474861,0.03233971446752548,1.0,3.0,success
191,1.843990683555603,-1.3570245504379272,-0.0002458876697346568,0.03299896791577339,0.03299896791577339,1.0,-3.0,success
192,1.8441181182861328,-1.3559762239456177,-0.0002462423872202635,0.033001359552145004,0.033001359552145004,1.0,-3.0,success
193,1.8442479372024536,-1.3549282550811768,-0.00024654073058627546,0.032999344170093536,0.032999344170093536,1.0,-3.0,success
194,1.8443795442581177,-1.3538804054260254,-0.00024679035414010286,0.03300256282091141,0.03300256282091141,1.0,3.0,success
195,1.8445086479187012,-1.352832317352295,-0.00024698019842617214,0.03300030156970024,0.03300030156970024,1.0,3.0,success
196,1.8446353673934937,-1.3517839908599854,-0.00024713174207136035,0.032998669892549515,0.032998669892549515,1.0,3.0,success
197,1.8447595834732056,-1.3507353067398071,-0.00024725307594053447,0.03300047293305397,0.03300047293305397,1.0,3.0,success
198,1.8448821306228638,-1.3496863842010498,-0.00024733960162848234,0.03300177678465843,0.03300177678465843,1.0,-3.0,success
199,1.8450069427490234,-1.3486377000808716,-0.00024742353707551956,0.033002667129039764,0.033002667129039764,1.0,0.0,success
200,1.8451313972473145,-1.347589135169983,-0.0002474923385307193,0.032997649163007736,0.032997649163007736,1.0,3.0,success
201,1.8452534675598145,-1.3465402126312256,-0.00024754166952334344,0.033000051975250244,0.033000051975250244,1.0,3.0,success
202,1.8453737497329712,-1.3454910516738892,-0.00024757039500400424,0.033001042902469635,0.033001042902469635,1.0,-3.0,success
203,1.8454959392547607,-1.3444422483444214,-0.00024761358508840203,0.032996781170368195,0.032996781170368195,1.0,3.0,success
204,1.8456164598464966,-1.343393087387085,-0.0002476284571457654,0.033001892268657684,0.033001892268657684,1.0,-3.0,success
205,1.845739483833313,-1.3423442840576172,-0.00024764944100752473,0.032999809831380844,0.032999809831380844,1.0,-3.0,success
206,1.8458642959594727,-1.3412957191467285,-0.0002476770314387977,0.03299896791577339,0.03299896791577339,1.0,3.0,success
207,1.8459866046905518,-1.3402467966079712,-0.0002476893423590809,0.03300091624259949,0.03300091251730919,1.0,3.0,success
208,1.8461071252822876,-1.3391977548599243,-0.00024768864386714995,0.03299818933010101,0.03299818933010101,1.0,-3.0,success
209,1.8462295532226562,-1.338148832321167,-0.0002477080561220646,0.03300134465098381,0.03300134465098381,1.0,3.0,success
210,1.8463494777679443,-1.3370996713638306,-0.0002477142552379519,0.03299977257847786,0.03299976885318756,1.0,3.0,success
211,1.8464676141738892,-1.336050271987915,-0.0002477085217833519,0.033000875264406204,0.033000875264406204,1.0,-3.0,success
212,1.846588373184204,-1.3350012302398682,-0.00024771341122686863,0.03299904242157936,0.03299904242157936,1.0,-3.0,success
213,1.8467109203338623,-1.3339524269104004,-0.0002477282250765711,0.03299807757139206,0.03299807757139206,1.0,3.0,success
214,1.84683096408844,-1.332903265953064,-0.00024773029144853354,0.033000193536281586,0.033000193536281586,1.0,3.0,success
215,1.8469486236572266,-1.3318537473678589,-0.000247731659328565,0.03300291299819946,0.03300291299819946,1.0,3.0,success
216,1.84706449508667,-1.3308042287826538,-0.0002477223752066493,0.03299673646688461,0.03299673646688461,1.0,-3.0,success
217,1.8471821546554565,-1.3297547101974487,-0.0002477350935805589,0.03300291299819946,0.03300291299819946,1.0,3.0,success
218,1.8472975492477417,-1.328705072402954,-0.0002477359666954726,0.03299880400300026,0.03299880400300026,1.0,3.0,success
219,1.8474111557006836,-1.3276551961898804,-0.00024772583856247365,0.0330001525580883,0.0330001525580883,1.0,-3.0,success
220,1.847527265548706,-1.3266056776046753,-0.0002477272064425051,0.032997552305459976,0.032997552305459976,1.0,-3.0,success
221,1.8476459980010986,-1.3255562782287598,-0.0002477289526723325,0.03300296515226364,0.03300296515226364,1.0,-3.0,success
222,1.847766399383545,-1.324507236480713,-0.0002477405942045152,0.03299776464700699,0.03299776464700699,1.0,3.0,success
223,1.8478842973709106,-1.3234578371047974,-0.000247740070335567,0.03300004079937935,0.03300004079937935,1.0,3.0,success
224,1.8479998111724854,-1.3224081993103027,-0.00024773937184363604,0.03299921378493309,0.03299921378493309,1.0,3.0,success
225,1.8481128215789795,-1.3213582038879395,-0.00024773896439000964,0.033001858741045,0.033001858741045,1.0,3.0,success
226,1.8482234477996826,-1.320307970046997,-0.0002477387897670269,0.0330013781785965,0.0330013781785965,1.0,3.0,success
227,1.848332405090332,-1.3192576169967651,-0.000247727963142097,0.032999660819768906,0.032999660819768906,1.0,-3.0,success
228,1.8484432697296143,-1.3182075023651123,-0.00024773963377811015,0.0329984575510025,0.032998453825712204,1.0,3.0,success
229,1.8485517501831055,-1.3171570301055908,-0.00024773969198577106,0.03300183266401291,0.03300183266401291,1.0,3.0,success
230,1.8486578464508057,-1.3161064386367798,-0.00024773943005129695,0.032997969537973404,0.032997969537973404,1.0,3.0,success
231,1.8487615585327148,-1.3150554895401,-0.0002477392554283142,0.03300169110298157,0.03300168737769127,1.0,3.0,success
232,1.8487627506256104,-1.3150343894958496,-0.00025260934489779174,0.0006777365342713892,0.0006604278460144997,0.0,-3.0,success
233,1.8488651514053345,-1.31400465965271,-0.00024707638658583164,0.03233823552727699,0.03233777731657028,1.0,3.0,success
234,1.8489665985107422,-1.3129535913467407,-0.0002469084574840963,0.03299851715564728,0.03299851715564728,1.0,3.0,success
235,1.8490656614303589,-1.3119021654129028,-0.00024706011754460633,0.033002570271492004,0.033002570271492004,1.0,3.0,success
236,1.8490657806396484,-1.3118809461593628,-0.0002520775597076863,0.00068139738868922,0.0006631120922975242,0.0,3.0,success
237,1.8491590023040771,-1.3108502626419067,-0.00024664035299792886,0.03234077990055084,0.03234033286571503,1.0,3.0,success
238,1.8492515087127686,-1.3097983598709106,-0.0002465483557898551,0.03299882635474205,0.03299882635474205,1.0,-3.0,success
239,1.8493460416793823,-1.308746576309204,-0.00024678162299096584,0.033000726252794266,0.033000726252794266,1.0,3.0,success
240,1.849438190460205,-1.3076945543289185,-0.0002469728933647275,0.03300156071782112,0.03300156071782112,1.0,3.0,success
241,1.8495283126831055,-1.3066422939300537,-0.00024712071171961725,0.03300352022051811,0.03300352022051811,1.0,0.0,success
242,1.849618911743164,-1.305590271949768,-0.0002472390769980848,0.03299737349152565,0.03299737349152565,1.0,-3.0,success
243,1.8497120141983032,-1.304538369178772,-0.0002473381464369595,0.03300046548247337,0.03300046548247337,1.0,-3.0,success
244,1.8498070240020752,-1.303486704826355,-0.0002474281354807317,0.03299834951758385,0.03299834951758385,1.0,3.0,success
245,1.8498998880386353,-1.3024346828460693,-0.0002474852080922574,0.03300352022051811,0.03300352022051811,1.0,0.0,success
246,1.8499923944473267,-1.3013827800750732,-0.00024754120386205614,0.03299882635474205,0.03299882635474205,1.0,3.0,success
247,1.850082516670227,-1.300330638885498,-0.00024758066865615547,0.032999806106090546,0.032999806106090546,1.0,3.0,success
248,1.8501702547073364,-1.2992782592773438,-0.0002476121298968792,0.03300095722079277,0.03300095722079277,1.0,3.0,success
249,1.8502562046051025,-1.2982258796691895,-0.00024762668181210756,0.03299636021256447,0.03299636021256447,1.0,-3.0,success
250,1.8503440618515015,-1.2971735000610352,-0.00024765863781794906,0.03300127014517784,0.03300127014517784,1.0,3.0,success
251,1.8504303693771362,-1.2961210012435913,-0.0002476644585840404,0.03300098329782486,0.03300098329782486,1.0,-3.0,success
252,1.8505183458328247,-1.2950687408447266,-0.00024768878938630223,0.03299786522984505,0.03299786522984505,1.0,3.0,success
253,1.8506039381027222,-1.2940161228179932,-0.0002476989175193012,0.03300287947058678,0.03300287947058678,1.0,3.0,success
254,1.850687861442566,-1.2929635047912598,-0.0002476962108630687,0.032998692244291306,0.032998692244291306,1.0,-3.0,success
255,1.850773572921753,-1.291911005973816,-0.0002477141679264605,0.032999467104673386,0.032999467104673386,1.0,3.0,success
256,1.850856900215149,-1.290858268737793,-0.00024771923199296,0.03300093486905098,0.03300093486905098,1.0,3.0,success
257,1.850937843322754,-1.2898054122924805,-0.0002477229863870889,0.03299885243177414,0.03299885243177414,1.0,3.0,success
258,1.8510164022445679,-1.2887523174285889,-0.00024772604228928685,0.033000651746988297,0.033000651746988297,1.0,3.0,success
259,1.8510162830352783,-1.2887310981750488,-0.00025261050905101,0.0006804531440138817,0.0006631120922975242,0.0,3.0,success
260,1.8510891199111938,-1.2876988649368286,-0.0002470667823217809,0.03233795613050461,0.0323374941945076,1.0,3.0,success
261,1.8511604070663452,-1.2866452932357788,-0.0002469001628924161,0.032999396324157715,0.032999392598867416,1.0,3.0,success
262,1.8512299060821533,-1.28559148311615,-0.00024704248062334955,0.033003102988004684,0.033003102988004684,1.0,-3.0,success
263,1.8513014316558838,-1.2845379114151,-0.0002471907646395266,0.03299989551305771,0.03299989551305771,1.0,3.0,success
264,1.8513705730438232,-1.2834842205047607,-0.00024730077711865306,0.03299865126609802,0.03299865126609802,1.0,3.0,success
265,1.8513703346252441,-1.2834630012512207,-0.000252270488999784,0.0006810862105339766,0.0006631434662267566,0.0,3.0,success
266,1.8514338731765747,-1.2824300527572632,-0.00024679480702616274,0.03234110400080681,0.032340649515390396,1.0,3.0,success
267,1.851495623588562,-1.2813758850097656,-0.0002466825826559216,0.03299921378493309,0.03299921378493309,1.0,3.0,success
268,1.8515549898147583,-1.2803215980529785,-0.00024687938275747,0.03299865499138832,0.03299865499138832,1.0,3.0,success
269,1.8515543937683105,-1.280300259590149,-0.00025193291367031634,0.0006855251849628985,0.000667087035253644,0.0,3.0,success
270,1.8516104221343994,-1.2792669534683228,-0.0002465128491166979,0.032338690012693405,0.03233824670314789,1.0,-3.0,success
271,1.8516685962677002,-1.278212547302246,-0.0002464572316966951,0.03300030529499054,0.03300030529499054,1.0,-3.0,success
272,1.8517286777496338,-1.277158260345459,-0.00024670903803780675,0.0329999215900898,0.0329999215900898,1.0,3.0,success
273,1.8517863750457764,-1.2761037349700928,-0.00024691459839232266,0.03300320357084274,0.03300320357084274,1.0,3.0,success
274,1.8518415689468384,-1.2750492095947266,-0.0002470793842803687,0.03299902379512787,0.03299902379512787,1.0,3.0,success
275,1.851894497871399,-1.2739945650100708,-0.0002472112828399986,0.03299912065267563,0.03299912065267563,1.0,3.0,success
276,1.851944923400879,-1.272939682006836,-0.00024731687153689563,0.03300273418426514,0.03300273418426514,1.0,3.0,success
277,1.8519930839538574,-1.271884799003601,-0.000247401389060542,0.0329994298517704,0.0329994298517704,1.0,3.0,success
278,1.8520394563674927,-1.2708297967910767,-0.00024745805421844125,0.033000651746988297,0.033000651746988297,1.0,-3.0,success
279,1.8520885705947876,-1.2697750329971313,-0.0002475128276273608,0.03299707919359207,0.03299707919359207,1.0,-3.0,success
280,1.8521395921707153,-1.2687201499938965,-0.0002475679211784154,0.03300362825393677,0.03300362825393677,1.0,3.0,success
281,1.8521881103515625,-1.2676652669906616,-0.0002476022928021848,0.03299994021654129,0.03299994021654129,1.0,3.0,success
282,1.852234959602356,-1.2666103839874268,-0.00024761894019320607,0.03299758583307266,0.03299758583307266,1.0,-3.0,success
283,1.8522340059280396,-1.2665891647338867,-0.00025253454805351794,0.0006813140353187919,0.0006637710030190647,0.0,3.0,success
284,1.852279782295227,-1.2655553817749023,-0.00024700615904293954,0.03233783692121506,0.03233737498521805,1.0,3.0,success
285,1.8523240089416504,-1.264500379562378,-0.0002468409948050976,0.032997772097587585,0.032997772097587585,1.0,-3.0,success
286,1.8523699045181274,-1.2634453773498535,-0.0002470154722686857,0.032999999821186066,0.032999999821186066,1.0,3.0,success
287,1.852413535118103,-1.2623902559280396,-0.00024715965264476836,0.03300072252750397,0.03300072252750397,1.0,3.0,success
288,1.8524553775787354,-1.261335015296936,-0.0002472649503033608,0.033002182841300964,0.033002182841300964,1.0,-3.0,success
289,1.8524991273880005,-1.260279893875122,-0.0002473692875355482,0.033000875264406204,0.033000875264406204,1.0,3.0,success
290,1.8525410890579224,-1.259224772453308,-0.0002474331413395703,0.03299861028790474,0.03299861028790474,1.0,-3.0,success
291,1.8525402545928955,-1.259203553199768,-0.0002523859729990363,0.0006814245716668665,0.0006636141915805638,0.0,3.0,success
292,1.8525826930999756,-1.2581696510314941,-0.00024687618133611977,0.03233710303902626,0.03233664482831955,1.0,-3.0,success
293,1.8526273965835571,-1.2571145296096802,-0.00024674806627444923,0.03300212323665619,0.03300212323665619,1.0,-3.0,success
294,1.852626919746399,-1.2570934295654297,-0.00025182391982525587,0.0006783506833016872,0.0006595447193831205,0.0,3.0,success
295,1.852670431137085,-1.2560595273971558,-0.00024643648066557944,0.03233848139643669,0.032338038086891174,1.0,3.0,success
296,1.8527122735977173,-1.2550044059753418,-0.00024638549075461924,0.0329984612762928,0.0329984612762928,1.0,-3.0,success
297,1.8527557849884033,-1.2539492845535278,-0.0002466510923113674,0.03300056979060173,0.03300056606531143,1.0,3.0,success
298,1.8527967929840088,-1.2528940439224243,-0.0002468680904712528,0.03300115838646889,0.03300115838646889,1.0,3.0,success
299,1.8528361320495605,-1.2518386840820312,-0.0002470318868290633,0.03300289809703827,0.03300289809703827,1.0,-3.0,success
300,1.8528772592544556,-1.2507835626602173,-0.0002471828483976424,0.032997578382492065,0.032997578382492065,1.0,3.0,success
301,1.8529161214828491,-1.2497282028198242,-0.000247289048274979,0.0330023467540741,0.0330023467540741,1.0,0.0,success
302,1.8529548645019531,-1.2486728429794312,-0.0002473843633197248,0.033002205193042755,0.033002205193042755,1.0,3.0,success
303,1.8529911041259766,-1.247617483139038,-0.00024745528935454786,0.0329994298517704,0.0329994298517704,1.0,3.0,success
304,1.8530248403549194,-1.2465620040893555,-0.00024751186720095575,0.03300056234002113,0.03300056234002113,1.0,3.0,success
305,1.8530563116073608,-1.2455065250396729,-0.00024755721096880734,0.032998375594615936,0.032998375594615936,1.0,3.0,success
306,1.8530853986740112,-1.2444509267807007,-0.00024759353254921734,0.03299996629357338,0.03299996629357338,1.0,3.0,success
307,1.8531121015548706,-1.243395209312439,-0.00024762266548350453,0.033001720905303955,0.033001720905303955,1.0,3.0,success
308,1.8531365394592285,-1.2423394918441772,-0.0002476459776517004,0.03300000727176666,0.03300000727176666,1.0,3.0,success
309,1.8531585931777954,-1.2412837743759155,-0.00024766469141468406,0.03299836441874504,0.03299836441874504,1.0,3.0,success
310,1.8531783819198608,-1.2402279376983643,-0.0002476796507835388,0.03300068899989128,0.03300068899989128,1.0,3.0,success
311,1.8531959056854248,-1.239172101020813,-0.000247691641561687,0.032999437302351,0.032999437302351,1.0,3.0,success
312,1.8532111644744873,-1.2381161451339722,-0.0002477012458257377,0.033002063632011414,0.033002063632011414,1.0,3.0,success
313,1.8532241582870483,-1.2370601892471313,-0.00024770895834080875,0.033001117408275604,0.033001117408275604,1.0,3.0,success
314,1.8532347679138184,-1.2360042333602905,-0.0002477150992490351,0.03300028666853905,0.03300028666853905,1.0,3.0,success
315,1.8532432317733765,-1.2349482774734497,-0.00024772004690021276,0.0329996794462204,0.0329996794462204,1.0,3.0,success
316,1.853249430656433,-1.2338923215866089,-0.0002477240050211549,0.032999187707901,0.032999187707901,1.0,3.0,success
317,1.8532532453536987,-1.2328362464904785,-0.0002477271482348442,0.03300255909562111,0.03300255909562111,1.0,3.0,success
318,1.8532555103302002,-1.2317802906036377,-0.00024771844618953764,0.032998695969581604,0.032998695969581604,1.0,-3.0,success
319,1.853255271911621,-1.2317591905593872,-0.0002526017196942121,0.0006768457824364305,0.0006594184087589383,0.0,-3.0,success
320,1.8532620668411255,-1.2307244539260864,-0.00024707114789634943,0.032336678355932236,0.032336216419935226,1.0,3.0,success
321,1.8532670736312866,-1.2296684980392456,-0.0002468932652845979,0.03299899026751518,0.032998986542224884,1.0,-3.0,success
322,1.8532739877700806,-1.2286124229431152,-0.0002470573817845434,0.033003054559230804,0.033003054559230804,1.0,3.0,success
323,1.8532785177230835,-1.2275564670562744,-0.0002471933257766068,0.03299892321228981,0.03299892321228981,1.0,3.0,success
324,1.8532812595367432,-1.2265005111694336,-0.0002472918131388724,0.03299872949719429,0.03299872949719429,1.0,-3.0,success
325,1.8532859086990356,-1.2254444360733032,-0.0002473908243700862,0.033002667129039764,0.033002667129039764,1.0,3.0,success
326,1.853288173675537,-1.2243884801864624,-0.0002474607026670128,0.032998695969581604,0.032998695969581604,1.0,3.0,success
327,1.8532887697219849,-1.2233325242996216,-0.0002475056971888989,0.03299862518906593,0.03299862518906593,1.0,-3.0,success
328,1.8532918691635132,-1.2222764492034912,-0.0002475511282682419,0.03300248831510544,0.03300248831510544,1.0,-3.0,success
329,1.8532975912094116,-1.2212204933166504,-0.00024758809013292193,0.032999102026224136,0.032999102026224136,1.0,-3.0,success
330,1.8533049821853638,-1.2201645374298096,-0.00024762796238064766,0.0329994261264801,0.0329994261264801,1.0,3.0,success
331,1.8533105850219727,-1.2191085815429688,-0.0002476401859894395,0.032999083399772644,0.032999083399772644,1.0,-3.0,success
332,1.8533179759979248,-1.218052625656128,-0.0002476692316122353,0.0329994261264801,0.0329994261264801,1.0,3.0,success
333,1.8533235788345337,-1.2169965505599976,-0.00024767316062934697,0.033002812415361404,0.033002812415361404,1.0,-3.0,success
334,1.8533309698104858,-1.2159405946731567,-0.0002476955996826291,0.0329994261264801,0.0329994261264801,1.0,3.0,success
335,1.8533358573913574,-1.214884638786316,-0.00024770418531261384,0.03299897164106369,0.03299897164106369,1.0,3.0,success
336,1.8533382415771484,-1.213828682899475,-0.00024771076277829707,0.0329987034201622,0.0329987034201622,1.0,3.0,success
337,1.8533388376235962,-1.2127726078033447,-0.0002477056987117976,0.033002350479364395,0.033002350479364395,1.0,-3.0,success
338,1.8533413410186768,-1.211716651916504,-0.0002477217640262097,0.0329987108707428,0.0329987108707428,1.0,3.0,success
339,1.8533414602279663,-1.210660696029663,-0.000247725285589695,0.032998621463775635,0.032998621463775635,1.0,3.0,success
340,1.8533391952514648,-1.2096046209335327,-0.00024772778851911426,0.033002421259880066,0.033002421259880066,1.0,3.0,success
341,1.8533344268798828,-1.208548665046692,-0.00024772988399490714,0.0329989530146122,0.0329989530146122,1.0,3.0,success
342,1.8533273935317993,-1.207492709159851,-0.00024773163022473454,0.03299935162067413,0.03299935162067413,1.0,3.0,success
343,1.8533262014389038,-1.207471489906311,-0.0002526147582102567,0.0006814525695517659,0.0006641471991315484,0.0,3.0,success
344,1.8533252477645874,-1.207471489906311,-0.00025195369380526245,3.6262132198316976e-05,2.980232056870591e-05,0.0,3.0,success
345,1.85331130027771,-1.2064367532730103,-0.00024624145589768887,0.032338947057724,0.0323384553194046,1.0,3.0,success
346,1.8532955646514893,-1.205380916595459,-0.00024621450575068593,0.03299855813384056,0.03299855813384056,1.0,-3.0,success
347,1.8532822132110596,-1.2043249607086182,-0.0002465029538143426,0.033001258969306946,0.033001258969306946,1.0,-3.0,success
348,1.853281855583191,-1.2043038606643677,-0.0002516417298465967,0.000678741664160043,0.0006594710284844041,0.0,3.0,success
349,1.8532679080963135,-1.203269124031067,-0.0002462920965626836,0.032338887453079224,0.0323384553194046,1.0,3.0,success
350,1.853251338005066,-1.2022132873535156,-0.00024628007668070495,0.032998956739902496,0.032998956739902496,1.0,3.0,success
351,1.8532321453094482,-1.2011574506759644,-0.0002465572324581444,0.03300034627318382,0.033000342547893524,1.0,3.0,success
352,1.8532320261001587,-1.2011362314224243,-0.0002516636159271002,0.0006820422713644803,0.0006631120922975242,0.0,-3.0,success
353,1.853213906288147,-1.200101613998413,-0.0002463081036694348,0.03233718499541283,0.032336752861738205,1.0,-3.0,success
354,1.853198528289795,-1.1990457773208618,-0.00024629360996186733,0.03299839422106743,0.03299839422106743,1.0,-3.0,success
355,1.8531849384307861,-1.197989821434021,-0.00024657812900841236,0.03300135210156441,0.03300135210156441,1.0,3.0,success
356,1.8531696796417236,-1.1969338655471802,-0.00024679984198883176,0.033002063632011414,0.033002063632011414,1.0,-3.0,success
357,1.8531560897827148,-1.195878028869629,-0.0002469972241669893,0.032997626811265945,0.032997626811265945,1.0,3.0,success
358,1.8531408309936523,-1.194822072982788,-0.00024713570019230247,0.033002063632011414,0.033002063632011414,1.0,-3.0,success
359,1.8531405925750732,-1.1948009729385376,-0.0002521479327697307,0.0006777656963095069,0.0006594184087589383,0.0,3.0,success
360,1.8531252145767212,-1.1937662363052368,-0.00024668616242706776,0.03233954310417175,0.03233908861875534,1.0,-3.0,success
361,1.8531125783920288,-1.192710280418396,-0.00024659596965648234,0.03300097957253456,0.03300097957253456,1.0,-3.0,success
362,1.8531023263931274,-1.1916543245315552,-0.00024680988281033933,0.03300017490983009,0.03300017490983009,1.0,-3.0,success
363,1.8530945777893066,-1.1905983686447144,-0.00024699504137970507,0.03299950808286667,0.03299950808286667,1.0,-3.0,success
364,1.85308837890625,-1.1895424127578735,-0.0002471534535288811,0.032999187707901,0.032999187707901,1.0,3.0,success
365,1.8530795574188232,-1.1884863376617432,-0.0002472702763043344,0.03300349786877632,0.03300349786877632,1.0,3.0,success
366,1.8530683517456055,-1.187430500984192,-0.00024736346676945686,0.032996755093336105,0.03299675136804581,1.0,3.0,success
367,1.8530551195144653,-1.186374545097351,-0.00024742810637690127,0.033001210540533066,0.033001210540533066,1.0,-3.0,success
368,1.8530445098876953,-1.1853185892105103,-0.0002474893117323518,0.03300028666853905,0.03300028666853905,1.0,-3.0,success
369,1.8530356884002686,-1.1842626333236694,-0.00024754894548095763,0.03299977257847786,0.03299976885318756,1.0,3.0,success
370,1.853024959564209,-1.1832066774368286,-0.0002475770015735179,0.03300032392144203,0.03300032392144203,1.0,-3.0,success
371,1.85301673412323,-1.1821507215499878,-0.00024760852102190256,0.03299961984157562,0.03299961984157562,1.0,-3.0,success
372,1.85301673412323,-1.1821295022964478,-0.0002525262243580073,0.0006806767196394503,0.0006631016149185598,0.0,3.0,success
373,1.853008508682251,-1.181094765663147,-0.00024698892957530916,0.0323370024561882,0.03233654052019119,1.0,-3.0,success
374,1.8530020713806152,-1.1800388097763062,-0.0002468480379320681,0.03299923613667488,0.03299923241138458,1.0,3.0,success
375,1.8529938459396362,-1.1789828538894653,-0.0002470018225722015,0.03299961984157562,0.03299961984157562,1.0,-3.0,success
376,1.8529938459396362,-1.1789616346359253,-0.0002520401030778885,0.0006815373199060559,0.0006631016149185598,0.0,3.0,success
377,1.852994441986084,-1.1789616346359253,-0.00025148416170850396,2.5470993932685815e-05,1.862645149230957e-05,0.0,-3.0,success
378,1.85298752784729,-1.1779268980026245,-0.00024587527150288224,0.03233671560883522,0.03233623877167702,1.0,3.0,success
379,1.8529785871505737,-1.1768709421157837,-0.00024592247791588306,0.03299980238080025,0.03299980238080025,1.0,-3.0,success
380,1.8529720306396484,-1.1758149862289429,-0.00024626986123621464,0.03299925476312637,0.03299925476312637,1.0,-3.0,success
381,1.8529720306396484,-1.1757937669754028,-0.00025145537802018225,0.0006826149765402079,0.0006631016149185598,0.0,3.0,success
382,1.8529722690582275,-1.1757937669754028,-0.0002510211488697678,1.548052932776045e-05,7.450580142176477e-06,0.0,0.0,success
383,1.8529657125473022,-1.1747589111328125,-0.0002454895875416696,0.03234035149216652,0.03233988955616951,1.0,-3.0,success
384,1.8529609441757202,-1.1737029552459717,-0.00024563452461734414,0.0329989530146122,0.0329989530146122,1.0,3.0,success
385,1.8529545068740845,-1.1726469993591309,-0.00024603059864602983,0.03299923613667488,0.03299923241138458,1.0,-3.0,success
386,1.852949619293213,-1.17159104347229,-0.0002463812124915421,0.03299897164106369,0.03299897164106369,1.0,3.0,success
387,1.8529423475265503,-1.1705349683761597,-0.00024665292585268617,0.033003129065036774,0.033003129065036774,1.0,3.0,success
388,1.8529325723648071,-1.1694790124893188,-0.0002468699822202325,0.03300003334879875,0.03300002962350845,1.0,3.0,success
389,1.8529202938079834,-1.168423056602478,-0.00024704370298422873,0.033000849187374115,0.033000849187374115,1.0,3.0,success
390,1.8529056310653687,-1.1673672199249268,-0.00024718273198232055,0.03299807384610176,0.03299807384610176,1.0,3.0,success
391,1.852888584136963,-1.166311264038086,-0.0002472940250299871,0.03300292044878006,0.03300292044878006,1.0,3.0,success
392,1.8528691530227661,-1.1652554273605347,-0.0002473830827511847,0.033000484108924866,0.033000484108924866,1.0,3.0,success
393,1.8528481721878052,-1.164199709892273,-0.00024744344409555197,0.03299768641591072,0.03299768641591072,1.0,-3.0,success
394,1.8528296947479248,-1.1631438732147217,-0.0002475011278875172,0.03299994766712189,0.03299994766712189,1.0,-3.0,success
395,1.8528138399124146,-1.1620880365371704,-0.0002475479559507221,0.03299861401319504,0.03299861401319504,1.0,-3.0,success
396,1.8528004884719849,-1.1610320806503296,-0.000247585674514994,0.033001258969306946,0.033001258969306946,1.0,-3.0,success
397,1.8527896404266357,-1.1599761247634888,-0.0002476159716024995,0.03300035744905472,0.03300035744905472,1.0,-3.0,success
398,1.8527811765670776,-1.158920168876648,-0.00024764033150859177,0.0329996794462204,0.0329996794462204,1.0,-3.0,success
399,1.8527743816375732,-1.1578642129898071,-0.0002476695808582008,0.03299930319190025,0.03299930319190025,1.0,3.0,success
400,1.8527650833129883,-1.1568082571029663,-0.0002476830850355327,0.03299989923834801,0.03299989551305771,1.0,3.0,success
401,1.8527647256851196,-1.1567870378494263,-0.000252575526246801,0.0006805906305089593,0.0006631958531215787,0.0,3.0,success
402,1.8527510166168213,-1.155752420425415,-0.00024702781229279935,0.03233509510755539,0.03233462944626808,1.0,-3.0,success
403,1.8527508974075317,-1.155731201171875,-0.0002517616667319089,0.0006794128566980362,0.0006631120922975242,0.0,3.0,success
404,1.8527374267578125,-1.1546964645385742,-0.00024636241141706705,0.032338697463274,0.032338257879018784,1.0,-3.0,success
405,1.8527259826660156,-1.1536405086517334,-0.0002463463169988245,0.033000554889440536,0.033000554889440536,1.0,3.0,success
406,1.8527119159698486,-1.1525846719741821,-0.0002466102596372366,0.032997824251651764,0.032997824251651764,1.0,3.0,success
407,1.8526960611343384,-1.1515287160873413,-0.0002468250459060073,0.0330023430287838,0.0330023393034935,1.0,-3.0,success
408,1.8526819944381714,-1.15047287940979,-0.0002470173640176654,0.032997824251651764,0.032997824251651764,1.0,3.0,success
409,1.8526655435562134,-1.1494169235229492,-0.0002471618354320526,0.03300262615084648,0.03300262242555618,1.0,3.0,success
410,1.8526464700698853,-1.148361086845398,-0.0002472770866006613,0.03300027921795845,0.03300027921795845,1.0,3.0,success
411,1.8526251316070557,-1.1473053693771362,-0.0002473693457432091,0.03299790620803833,0.03299790620803833,1.0,3.0,success
412,1.8526248931884766,-1.1472841501235962,-0.00025231350446119905,0.0006809046026319265,0.0006631434662267566,0.0,-3.0,success
413,1.8526246547698975,-1.1472841501235962,-0.0002517122193239629,2.0213392417645082e-05,7.450580142176477e-06,0.0,-3.0,success
414,1.8526065349578857,-1.1462496519088745,-0.0002460465766489506,0.03233351185917854,0.03233302757143974,1.0,-3.0,success
415,1.8526068925857544,-1.1462284326553345,-0.00025095127057284117,0.0006806767778471112,0.0006631958531215787,0.0,-3.0,success
416,1.8525933027267456,-1.1451936960220337,-0.0002457351074554026,0.03233871981501579,0.032338306307792664,1.0,3.0,success
417,1.8525779247283936,-1.1441378593444824,-0.00024582428159192204,0.03299839422106743,0.03299839422106743,1.0,-3.0,success
418,1.8525642156600952,-1.1430819034576416,-0.00024620236945338547,0.033001404255628586,0.03300140053033829,1.0,3.0,success
419,1.8525481224060059,-1.1420259475708008,-0.00024650938576087356,0.03300245478749275,0.033002451062202454,1.0,3.0,success
420,1.852547287940979,-1.1420048475265503,-0.0002516375679988414,0.0006790722254663706,0.0006598918116651475,0.0,3.0,success
421,1.8525270223617554,-1.140970230102539,-0.0002462772245053202,0.03233842924237251,0.03233799338340759,1.0,-3.0,success
422,1.8525266647338867,-1.140949010848999,-0.0002511617785785347,0.0006805353332310915,0.0006631958531215787,0.0,3.0,success
423,1.8525059223175049,-1.1399143934249878,-0.0002458932576701045,0.0323387086391449,0.03233829140663147,1.0,3.0,success
424,1.8525053262710571,-1.1398932933807373,-0.00025084312073886395,0.0006775330402888358,0.0006596393650397658,0.0,3.0,success
425,1.852480173110962,-1.1388587951660156,-0.0002456268121022731,0.03233803063631058,0.03233762085437775,1.0,-3.0,success
426,1.8524577617645264,-1.1378029584884644,-0.00024574779672548175,0.033002328127622604,0.033002328127622604,1.0,-3.0,success
427,1.852437138557434,-1.136747121810913,-0.0002461415424477309,0.033001188188791275,0.033001188188791275,1.0,3.0,success
428,1.8524140119552612,-1.1356914043426514,-0.0002464605786371976,0.03299908712506294,0.032999083399772644,1.0,3.0,success
429,1.8523889780044556,-1.1346356868743896,-0.0002467060403432697,0.03300044313073158,0.03300044313073158,1.0,-3.0,success
430,1.8523658514022827,-1.1335798501968384,-0.0002469222526997328,0.033002812415361404,0.033002808690071106,1.0,3.0,success
431,1.8523660898208618,-1.133558750152588,-0.00025195677881129086,0.000677927047945559,0.0006594184087589383,0.0,-3.0,success
432,1.852342963218689,-1.1325242519378662,-0.00024655458400957286,0.032336585223674774,0.032336145639419556,1.0,3.0,success
433,1.8523178100585938,-1.1314685344696045,-0.00024648039834573865,0.033000532537698746,0.033000532537698746,1.0,-3.0,success
434,1.8522952795028687,-1.1304126977920532,-0.0002467166050337255,0.03300240635871887,0.03300240635871887,1.0,-3.0,success
435,1.8522751331329346,-1.129356861114502,-0.000246920099016279,0.03300090134143829,0.03300090134143829,1.0,-3.0,success
436,1.8522576093673706,-1.1283010244369507,-0.00024708372075110674,0.032999437302351,0.032999437302351,1.0,-3.0,success
437,1.8522577285766602,-1.1282798051834106,-0.0002521066926419735,0.0006814371445216238,0.0006631120922975242,0.0,3.0,success
438,1.8522391319274902,-1.127245306968689,-0.0002466636069584638,0.03233373910188675,0.032333288341760635,1.0,3.0,success
439,1.852218508720398,-1.1261894702911377,-0.00024656718596816063,0.033001188188791275,0.033001188188791275,1.0,-3.0,success
440,1.8522003889083862,-1.1251335144042969,-0.0002467862796038389,0.03300347551703453,0.03300347551703453,1.0,-3.0,success
441,1.8521839380264282,-1.1240776777267456,-0.00024698590277694166,0.03299890086054802,0.03299890086054802,1.0,3.0,success
442,1.8521655797958374,-1.1230218410491943,-0.00024712676531635225,0.032999880611896515,0.032999880611896515,1.0,-3.0,success
443,1.8521655797958374,-1.1230007410049438,-0.00025214077322743833,0.0006777375820092857,0.0006593763246200979,0.0,3.0,success
444,1.852147102355957,-1.121966004371643,-0.0002466804289724678,0.0323411226272583,0.03234067186713219,1.0,-3.0,success
445,1.852130651473999,-1.1209101676940918,-0.00024660135386511683,0.03299890086054802,0.03299890086054802,1.0,3.0,success
446,1.8521116971969604,-1.1198543310165405,-0.0002468142192810774,0.03300021216273308,0.03300020843744278,1.0,3.0,success
447,1.8520901203155518,-1.1187984943389893,-0.0002469981263857335,0.03300178423523903,0.03300178423523903,1.0,3.0,success
448,1.852066159248352,-1.1177427768707275,-0.0002471460902597755,0.032999664545059204,0.032999664545059204,1.0,3.0,success
449,1.8520405292510986,-1.1166870594024658,-0.00024725409457460046,0.0330008901655674,0.0330008901655674,1.0,-3.0,success
450,1.8520166873931885,-1.115631341934204,-0.00024736064369790256,0.03299957886338234,0.03299957886338234,1.0,3.0,success
451,1.8519903421401978,-1.114575743675232,-0.0002474364882800728,0.03299771249294281,0.03299771249294281,1.0,3.0,success
452,1.8519617319107056,-1.1135200262069702,-0.0002474968496244401,0.03300328180193901,0.03300328180193901,1.0,3.0,success
453,1.8519606590270996,-1.1134989261627197,-0.0002524270967114717,0.000677966745570302,0.0006602281937375665,0.0,3.0,success
454,1.8519272804260254,-1.1124646663665771,-0.0002469201572239399,0.03233790025115013,0.03233744204044342,1.0,3.0,success
455,1.8518911600112915,-1.1114091873168945,-0.00024678275804035366,0.03300302475690842,0.03300302475690842,1.0,3.0,success
456,1.8518534898757935,-1.110353946685791,-0.00024694864987395704,0.03299727290868759,0.03299727290868759,1.0,-3.0,success
457,1.8518176078796387,-1.1092984676361084,-0.00024711567675694823,0.03300277143716812,0.03300277143716812,1.0,3.0,success
458,1.8517800569534302,-1.1082432270050049,-0.0002472302003297955,0.03299713879823685,0.03299713879823685,1.0,-3.0,success
459,1.8517792224884033,-1.1082220077514648,-0.0002522236027289182,0.0006817135727033019,0.0006636141915805638,0.0,3.0,success
460,1.8517413139343262,-1.1071879863739014,-0.00024675761233083904,0.032335326075553894,0.03233487531542778,1.0,3.0,success
461,1.8517009019851685,-1.1061326265335083,-0.00024664722150191665,0.033004164695739746,0.033004164695739746,1.0,0.0,success
462,1.8516600131988525,-1.1050773859024048,-0.0002468563907314092,0.033001016825437546,0.03300101310014725,1.0,3.0,success
463,1.8516589403152466,-1.1050562858581543,-0.0002519144909456372,0.0006788858445361257,0.0006602281937375665,0.0,3.0,success
464,1.8516136407852173,-1.10402250289917,-0.0002465099096298218,0.03233715891838074,0.03233671560883522,1.0,3.0,success
465,1.8515654802322388,-1.1029675006866455,-0.00024645455414429307,0.033003147691488266,0.033003147691488266,1.0,3.0,success
466,1.851515531539917,-1.1019127368927002,-0.0002466862497385591,0.032998308539390564,0.032998304814100266,1.0,-3.0,success
467,1.8514680862426758,-1.1008577346801758,-0.00024689495330676436,0.03300214186310768,0.03300213813781738,1.0,-3.0,success
468,1.8514225482940674,-1.0998027324676514,-0.0002470737381372601,0.032999515533447266,0.032999515533447266,1.0,3.0,success
469,1.851374626159668,-1.0987478494644165,-0.00024720700457692146,0.03299909457564354,0.03299909085035324,1.0,3.0,success
470,1.851324200630188,-1.0976930856704712,-0.00024731323355808854,0.03299901261925697,0.03299901261925697,1.0,3.0,success
471,1.8513245582580566,-1.0976719856262207,-0.00025226903380826116,0.0006774115609005094,0.0006594710284844041,0.0,-3.0,success
472,1.851273775100708,-1.0966383218765259,-0.0002468039165250957,0.032341402024030685,0.03234095126390457,1.0,3.0,success
473,1.851220965385437,-1.0955836772918701,-0.0002466904988978058,0.032998934388160706,0.032998934388160706,1.0,3.0,success
474,1.851165771484375,-1.0945290327072144,-0.00024688566918484867,0.03300274536013603,0.03300274536013603,1.0,3.0,success
475,1.851108193397522,-1.0934746265411377,-0.00024705581017769873,0.03299928084015846,0.03299928084015846,1.0,3.0,success
476,1.8510490655899048,-1.092420220375061,-0.00024718165514059365,0.03300195932388306,0.03300195932388306,1.0,-3.0,success
477,1.8510476350784302,-1.0923991203308105,-0.0002521849237382412,0.0006791329360567033,0.0006608899566344917,0.0,3.0,success
478,1.850989818572998,-1.091366171836853,-0.0002473392232786864,0.03233052045106888,0.032330162823200226,1.0,-3.0,success
479,1.8509339094161987,-1.0903116464614868,-0.0002471063635312021,0.033000197261571884,0.033000197261571884,1.0,-3.0,success
480,1.8508797883987427,-1.0892571210861206,-0.00024722691159695387,0.032997287809848785,0.032997287809848785,1.0,3.0,success
481,1.850823163986206,-1.0882025957107544,-0.00024732830934226513,0.03300138935446739,0.03300138935446739,1.0,3.0,success
482,1.8507647514343262,-1.0871483087539673,-0.0002473999629728496,0.032996997237205505,0.03299699351191521,1.0,-3.0,success
483,1.8507080078125,-1.086093783378601,-0.0002474771172273904,0.03300158679485321,0.03300158679485321,1.0,3.0,success
484,1.8507089614868164,-1.0860726833343506,-0.0002524008450563997,0.0006777464295737445,0.0006600494962185621,0.0,-3.0,success
485,1.8506536483764648,-1.0850393772125244,-0.0002468978054821491,0.032337501645088196,0.03233704715967178,1.0,-3.0,success
486,1.850599765777588,-1.0839847326278687,-0.0002467757440172136,0.033000629395246506,0.033000629395246506,1.0,3.0,success
487,1.8505440950393677,-1.0829302072525024,-0.0002469439059495926,0.032999806106090546,0.032999806106090546,1.0,-3.0,success
488,1.8505432605743408,-1.082909107208252,-0.0002519940317142755,0.0006785006844438612,0.0006598918116651475,0.0,3.0,success
489,1.850487470626831,-1.0818758010864258,-0.0002465733850840479,0.03233829140663147,0.03233784809708595,1.0,3.0,success
490,1.8504283428192139,-1.0808213949203491,-0.0002465050492901355,0.03300195932388306,0.03300195932388306,1.0,3.0,success
491,1.8503667116165161,-1.0797672271728516,-0.0002467370650265366,0.03299899399280548,0.03299899026751518,1.0,3.0,success
492,1.850303292274475,-1.078713059425354,-0.00024692623992450535,0.033002302050590515,0.033002302050590515,1.0,-3.0,success
493,1.850241780281067,-1.0776588916778564,-0.0002470984181854874,0.03299877792596817,0.03299877792596817,1.0,3.0,success
494,1.850178599357605,-1.0766047239303589,-0.00024721649242565036,0.0330018550157547,0.0330018550157547,1.0,-3.0,success
495,1.8501179218292236,-1.0755504369735718,-0.00024732001475058496,0.03300098329782486,0.03300098329782486,1.0,-3.0,success
496,1.8500597476959229,-1.0744960308074951,-0.0002474033972248435,0.03300030529499054,0.03300030529499054,1.0,-3.0,success
497,1.850003957748413,-1.073441505432129,-0.0002474702778272331,0.033000003546476364,0.033000003546476364,1.0,-3.0,success
498,1.8499506711959839,-1.0723868608474731,-0.0002475238579791039,0.032999683171510696,0.032999683171510696,1.0,-3.0,success
499,1.8498996496200562,-1.0713320970535278,-0.00024756681523285806,0.032999906688928604,0.032999906688928604,1.0,-3.0,success
500,1.849851131439209,-1.070277214050293,-0.00024760127416811883,0.03299994021654129,0.03299994021654129,1.0,-3.0,success
501,1.849804162979126,-1.0692222118377686,-0.00024763817782513797,0.03300147131085396,0.03300147131085396,1.0,3.0,success
502,1.8497552871704102,-1.0681673288345337,-0.000247648567892611,0.033000458031892776,0.033000458031892776,1.0,-3.0,success
503,1.8497087955474854,-1.0671124458312988,-0.0002476660592947155,0.03299709036946297,0.03299709036946297,1.0,-3.0,success
504,1.849664568901062,-1.0660573244094849,-0.000247680553002283,0.03300149366259575,0.03300149366259575,1.0,-3.0,success
505,1.8496227264404297,-1.0650020837783813,-0.00024769219453446567,0.033002182841300964,0.033002182841300964,1.0,-3.0,success
506,1.849582552909851,-1.0639469623565674,-0.00024771090829744935,0.03299643471837044,0.03299643471837044,1.0,3.0,success
507,1.8495404720306396,-1.0628917217254639,-0.0002477067173458636,0.03300247713923454,0.03300247713923454,1.0,-3.0,success
508,1.849500060081482,-1.0618364810943604,-0.000247722229687497,0.03300044313073158,0.03300044313073158,1.0,3.0,success
509,1.849457859992981,-1.0607813596725464,-0.0002477156522218138,0.03299890458583832,0.03299890458583832,1.0,-3.0,success
510,1.8494179248809814,-1.0597261190414429,-0.00024771958123892546,0.03299987316131592,0.03299987316131592,1.0,-3.0,success
511,1.849380373954773,-1.0586707592010498,-0.000247723248321563,0.03300086408853531,0.03300086408853531,1.0,-3.0,success
512,1.849345326423645,-1.0576153993606567,-0.0002477262751199305,0.03299817442893982,0.03299817442893982,1.0,-3.0,success
513,1.8493108749389648,-1.0565813779830933,-0.00024372260668314993,0.03233134001493454,0.03233109414577484,1.0,3.0,success
514,1.8492746353149414,-1.0555260181427002,-0.00024420086992904544,0.0329994335770607,0.0329994298517704,1.0,-3.0,success
515,1.8492401838302612,-1.0544705390930176,-0.0002449030871503055,0.033001288771629333,0.03300128132104874,1.0,3.0,success
516,1.8492393493652344,-1.054449439048767,-0.0002503533323761076,0.0006815175293013453,0.0006598918116651475,0.0,3.0,success
517,1.8492002487182617,-1.0534154176712036,-0.00024526045308448374,0.03233664855360985,0.03233626112341881,1.0,3.0,success
518,1.8491588830947876,-1.0523602962493896,-0.00024544488405808806,0.032997868955135345,0.032997868955135345,1.0,-3.0,success
519,1.849120020866394,-1.0513049364089966,-0.00024588845553807914,0.033002350479364395,0.0330023467540741,1.0,-3.0,success
520,1.8490829467773438,-1.0502495765686035,-0.00024626802769489586,0.033000338822603226,0.033000338822603226,1.0,3.0,success
521,1.849043369293213,-1.0491943359375,-0.00024656252935528755,0.03299945592880249,0.03299945220351219,1.0,3.0,success
522,1.849001407623291,-1.048139214515686,-0.00024679777561686933,0.03299861028790474,0.03299861028790474,1.0,3.0,success
523,1.8489576578140259,-1.047084093093872,-0.0002469755709171295,0.033000875264406204,0.033000875264406204,1.0,-3.0,success
524,1.8489158153533936,-1.0460288524627686,-0.0002471378829795867,0.033002182841300964,0.033002182841300964,1.0,3.0,success
525,1.848872184753418,-1.0449738502502441,-0.0002472480700816959,0.032996997237205505,0.032996997237205505,1.0,-3.0,success
526,1.848831057548523,-1.0439186096191406,-0.00024734524777159095,0.03300130367279053,0.03300130367279053,1.0,-3.0,success
527,1.8487917184829712,-1.042863368988037,-0.00024743378162384033,0.032999176532030106,0.03299917280673981,1.0,3.0,success
528,1.8487499952316284,-1.0418081283569336,-0.00024749478325247765,0.033002037554979324,0.033002033829689026,1.0,3.0,success
529,1.8487504720687866,-1.041787028312683,-0.00025241414550691843,0.0006772238994017243,0.0006595447193831205,0.0,-3.0,success
530,1.8487083911895752,-1.0407530069351196,-0.00024692018632777035,0.03234036639332771,0.0323399119079113,1.0,3.0,success
531,1.8486647605895996,-1.0396980047225952,-0.0002467728918418288,0.032996997237205505,0.032996997237205505,1.0,-3.0,success
532,1.848623514175415,-1.0386427640914917,-0.00024695045431144536,0.03300144895911217,0.03300144895911217,1.0,-3.0,success
533,1.8485841751098633,-1.0375875234603882,-0.00024711733567528427,0.032999176532030106,0.03299917280673981,1.0,3.0,success
534,1.8485430479049683,-1.0365322828292847,-0.0002472317428328097,0.03300130367279053,0.03300130367279053,1.0,-3.0,success
535,1.8485037088394165,-1.0354770421981812,-0.00024734262842684984,0.032999176532030106,0.03299917280673981,1.0,3.0,success
536,1.8484625816345215,-1.0344218015670776,-0.0002474119246471673,0.03300130367279053,0.03300130367279053,1.0,-3.0,success
537,1.848423957824707,-1.0333664417266846,-0.00024747647694312036,0.03300207108259201,0.03300207108259201,1.0,-3.0,success
538,1.8483877182006836,-1.0323110818862915,-0.00024752863100729883,0.0329994298517704,0.0329994298517704,1.0,-3.0,success
539,1.8483539819717407,-1.0312556028366089,-0.00024757051141932607,0.03300056234002113,0.03300056234002113,1.0,-3.0,success
540,1.848321795463562,-1.0302001237869263,-0.0002476137306075543,0.032999053597450256,0.03299904987215996,1.0,3.0,success
541,1.8482872247695923,-1.0291447639465332,-0.0002476384106557816,0.03299768641591072,0.03299768641591072,1.0,3.0,success
542,1.8482500314712524,-1.0280894041061401,-0.00024765791022218764,0.03300046920776367,0.03300046920776367,1.0,3.0,success
543,1.848210334777832,-1.0270341634750366,-0.0002476736844982952,0.032999590039253235,0.032999590039253235,1.0,3.0,success
544,1.8481688499450684,-1.025978922843933,-0.00024767607101239264,0.03300173953175545,0.03300173953175545,1.0,-3.0,success
545,1.8481292724609375,-1.0249236822128296,-0.0002476980444043875,0.03299945220351219,0.03299945220351219,1.0,3.0,success
546,1.8480873107910156,-1.023868441581726,-0.0002477063098922372,0.0330023318529129,0.0330023318529129,1.0,3.0,success
547,1.8480861186981201,-1.0238473415374756,-0.00025259453104808927,0.0006778640672564507,0.0006604278460144997,0.0,3.0,success
548,1.8480404615402222,-1.0228135585784912,-0.00024704268435016274,0.032337673008441925,0.03233720734715462,1.0,-3.0,success
549,1.847996473312378,-1.0217585563659668,-0.00024689134443178773,0.03299746289849281,0.03299746289849281,1.0,3.0,success
550,1.8479506969451904,-1.0207034349441528,-0.0002470362524036318,0.033003561198711395,0.033003561198711395,1.0,-3.0,success
551,1.847907304763794,-1.0196483135223389,-0.0002471751649864018,0.033000413328409195,0.033000413328409195,1.0,-3.0,success
552,1.8478665351867676,-1.018593192100525,-0.00024728753487579525,0.03299714997410774,0.03299714997410774,1.0,-3.0,success
553,1.847827434539795,-1.0175378322601318,-0.00024738756474107504,0.03300262242555618,0.03300262242555618,1.0,3.0,success
554,1.8478268384933472,-1.0175167322158813,-0.000252339756116271,0.0006775496294721961,0.0006596393650397658,0.0,3.0,success
555,1.8477839231491089,-1.0164828300476074,-0.000246839044848457,0.03233771771192551,0.032337259501218796,1.0,-3.0,success
556,1.8477424383163452,-1.015427589416504,-0.00024672833387739956,0.03300173953175545,0.03300173953175545,1.0,3.0,success
557,1.8476985692977905,-1.01437246799469,-0.0002469158498570323,0.03300102800130844,0.03300102800130844,1.0,3.0,success
558,1.8476520776748657,-1.013317584991455,-0.00024707952979952097,0.03299709036946297,0.03299709036946297,1.0,3.0,success
559,1.8476039171218872,-1.0122625827789307,-0.0002472008636686951,0.033003147691488266,0.033003147691488266,1.0,-3.0,success
560,1.847557544708252,-1.0112076997756958,-0.0002473180356901139,0.032996926456689835,0.032996926456689835,1.0,3.0,success
561,1.847509503364563,-1.0101526975631714,-0.0002473921631462872,0.033002980053424835,0.033002980053424835,1.0,-3.0,success
562,1.8474632501602173,-1.009097695350647,-0.0002474710054229945,0.033000487834215164,0.033000487834215164,1.0,3.0,success
563,1.847414493560791,-1.008042812347412,-0.00024752470199018717,0.03300028666853905,0.03300028666853905,1.0,3.0,success
564,1.8474149703979492,-1.0080217123031616,-0.00025243806885555387,0.0006771813496015966,0.0006595447193831205,0.0,-3.0,success
565,1.8473674058914185,-1.0069880485534668,-0.00024692757870070636,0.03233662620186806,0.032336167991161346,1.0,-3.0,success
566,1.847321629524231,-1.0059330463409424,-0.000246799667365849,0.03299983963370323,0.03299983963370323,1.0,3.0,success
567,1.8472734689712524,-1.0048781633377075,-0.0002469731552992016,0.0329994298517704,0.0329994298517704,1.0,3.0,success
568,1.8472235202789307,-1.0038232803344727,-0.0002471150946803391,0.03300202637910843,0.03300202637910843,1.0,-3.0,success
569,1.8471753597259521,-1.0027683973312378,-0.0002472494088578969,0.0329994298517704,0.0329994298517704,1.0,3.0,success
570,1.8471248149871826,-1.0017136335372925,-0.00024734754697419703,0.0329991914331913,0.0329991914331913,1.0,3.0,success
571,1.8470726013183594,-1.0006588697433472,-0.0002474152424838394,0.03300173208117485,0.03300172835588455,1.0,-3.0,success
572,1.8470220565795898,-0.9996041059494019,-0.0002474894863553345,0.0329991914331913,0.0329991914331913,1.0,3.0,success
573,1.8469699621200562,-0.9985493421554565,-0.0002475292421877384,0.03300154581665993,0.03300154581665993,1.0,-3.0,success
574,1.846920371055603,-0.9974945187568665,-0.00024757013306953013,0.032999638468027115,0.032999638468027115,1.0,-3.0,success
575,1.8468724489212036,-0.9964396357536316,-0.0002476136141922325,0.03299909457564354,0.03299909085035324,1.0,3.0,success
576,1.8468228578567505,-0.9953848123550415,-0.0002476286608725786,0.032999638468027115,0.032999638468027115,1.0,-3.0,success
577,1.8467756509780884,-0.9943298101425171,-0.00024764981935732067,0.03300180658698082,0.03300180658698082,1.0,-3.0,success
578,1.8467309474945068,-0.9932748079299927,-0.0002476672816555947,0.032998401671648026,0.032998401671648026,1.0,-3.0,success
579,1.8466880321502686,-0.9922196865081787,-0.0002476911759003997,0.032999806106090546,0.032999806106090546,1.0,3.0,success
580,1.8466424942016602,-0.9911646246910095,-0.0002477004309184849,0.0330013781785965,0.0330013781785965,1.0,3.0,success
581,1.846595048904419,-0.9901097416877747,-0.0002476976078469306,0.03299842029809952,0.03299841657280922,1.0,-3.0,success
582,1.8465502262115479,-0.9890546798706055,-0.00024770491290837526,0.03300042077898979,0.03300042077898979,1.0,-3.0,success
583,1.8465070724487305,-0.9879995584487915,-0.00024772132746875286,0.03300010785460472,0.03300010785460472,1.0,3.0,success
584,1.8464614152908325,-0.9869445562362671,-0.00024772464530542493,0.0329996757209301,0.0329996757209301,1.0,3.0,success
585,1.8464603424072266,-0.9869234561920166,-0.00025260899565182626,0.0006776422378607094,0.0006602281937375665,0.0,3.0,success
586,1.8464605808258057,-0.9869234561920166,-0.0002519384725019336,2.2239039026317187e-05,7.450580142176477e-06,0.0,-3.0,success
587,1.8464117050170898,-0.985889732837677,-0.0002462385455146432,0.03234042972326279,0.03233994171023369,1.0,3.0,success
588,1.8463613986968994,-0.9848349690437317,-0.0002462131669744849,0.03299883380532265,0.03299883380532265,1.0,-3.0,success
589,1.8463127613067627,-0.983780026435852,-0.00024651267449371517,0.03300197422504425,0.03300197422504425,1.0,3.0,success
590,1.8462624549865723,-0.9827252626419067,-0.0002467473386786878,0.03299883380532265,0.03299883380532265,1.0,-3.0,success
591,1.8462146520614624,-0.9816703200340271,-0.0002469448372721672,0.03300078213214874,0.03300078213214874,1.0,-3.0,success
592,1.8461686372756958,-0.9806153178215027,-0.0002471135521773249,0.0330001637339592,0.0330001600086689,1.0,3.0,success
593,1.8461201190948486,-0.9795604348182678,-0.00024723869864828885,0.03299994021654129,0.03299994021654129,1.0,3.0,success
594,1.846069097518921,-0.9785056710243225,-0.000247338495682925,0.032999906688928604,0.032999906688928604,1.0,3.0,success
595,1.8460156917572021,-0.977450966835022,-0.0002474184148013592,0.03300173208117485,0.03300173208117485,1.0,3.0,success
596,1.8459599018096924,-0.9763964414596558,-0.000247482443228364,0.033000003546476364,0.033000003546476364,1.0,3.0,success
597,1.8459017276763916,-0.9753420352935791,-0.0002475337532814592,0.03300030529499054,0.03300030529499054,1.0,3.0,success
598,1.8458411693572998,-0.974287748336792,-0.00024757481878623366,0.033000774681568146,0.033000774681568146,1.0,3.0,success
599,1.845839500427246,-0.9742666482925415,-0.00025248966994695365,0.0006790337502025068,0.0006614357116632164,0.0,3.0,success
600,1.8457748889923096,-0.9732338786125183,-0.0002469702158123255,0.03233760595321655,0.03233714774250984,1.0,3.0,success
601,1.8457077741622925,-0.9721800088882446,-0.0002468121238052845,0.033000145107507706,0.033000145107507706,1.0,-3.0,success
602,1.8456425666809082,-0.9711260199546814,-0.0002469925384502858,0.03300012648105621,0.03300012648105621,1.0,3.0,success
603,1.8456408977508545,-0.9711049199104309,-0.0002520236885175109,0.000679865013808012,0.0006614357116632164,0.0,3.0,success
604,1.845571756362915,-0.9700723886489868,-0.0002465972793288529,0.03233930468559265,0.032338861376047134,1.0,3.0,success
605,1.8454995155334473,-0.9690187573432922,-0.0002465191064402461,0.03300328180193901,0.03300328180193901,1.0,0.0,success
606,1.845497727394104,-0.9689976572990417,-0.00025163640384562314,0.0006807882455177605,0.0006617399048991501,0.0,3.0,success
607,1.845423698425293,-0.9679655432701111,-0.0002462868869770318,0.03233685344457626,0.03233642131090164,1.0,3.0,success
608,1.8453469276428223,-0.9669123291969299,-0.0002462656993884593,0.03300026059150696,0.03300026059150696,1.0,-3.0,success
609,1.8452718257904053,-0.9658589959144592,-0.000246555486228317,0.03300022333860397,0.03300022333860397,1.0,3.0,success
610,1.8451944589614868,-0.9648058414459229,-0.0002467919257469475,0.032999761402606964,0.032999761402606964,1.0,3.0,success
611,1.845115303993225,-0.963752806186676,-0.00024697082699276507,0.03300018608570099,0.03300018608570099,1.0,-3.0,success
612,1.845038652420044,-0.9626995921134949,-0.0002471233601681888,0.03299998864531517,0.03299998864531517,1.0,-3.0,success
613,1.8450373411178589,-0.9626784324645996,-0.0002521385904401541,0.0006807931349612772,0.000662507489323616,0.0,3.0,success
614,1.844961166381836,-0.9616464972496033,-0.0002466893056407571,0.03233616054058075,0.032335713505744934,1.0,3.0,success
615,1.8449609279632568,-0.9616461396217346,-0.0002515713276807219,0.0001531533052911982,1.3431724255497102e-05,0.0,0.0,success
616,1.8448821306228638,-0.9606143832206726,-0.0002461341500747949,0.032336726784706116,0.0323362797498703,1.0,3.0,success
617,1.8448801040649414,-0.9605932831764221,-0.0002510321792215109,0.0006798648973926902,0.000662410631775856,0.0,3.0,success
618,1.8447962999343872,-0.9595618844032288,-0.0002457888040225953,0.03233784809708595,0.032337430864572525,1.0,3.0,success
619,1.8447085618972778,-0.9585095047950745,-0.0002458771923556924,0.03300095722079277,0.03300095722079277,1.0,3.0,success
620,1.8446190357208252,-0.9574573040008545,-0.0002462244883645326,0.03300008177757263,0.03300007805228233,1.0,-3.0,success
621,1.8445314168930054,-0.9564049243927002,-0.0002465365396346897,0.033000651746988297,0.033000648021698,1.0,3.0,success
622,1.844441533088684,-0.955352783203125,-0.0002467775484547019,0.03299917280673981,0.03299916908144951,1.0,3.0,success
623,1.8443491458892822,-0.9543008208274841,-0.0002469699829816818,0.03300035372376442,0.03300035372376442,1.0,3.0,success
624,1.8442543745040894,-0.9532490372657776,-0.00024712394224479795,0.03300139307975769,0.03300139307975769,1.0,3.0,success
625,1.8441580533981323,-0.9521974325180054,-0.00024723619571886957,0.03300020843744278,0.03300020843744278,1.0,-3.0,success
626,1.844063639640808,-0.9511456489562988,-0.0002473464410286397,0.033000390976667404,0.033000390976667404,1.0,3.0,success
627,1.8439674377441406,-0.9500940442085266,-0.00024741471861489117,0.03299987316131592,0.03299987316131592,1.0,-3.0,success
628,1.8438738584518433,-0.9490422010421753,-0.0002474783977959305,0.032999925315380096,0.032999925315380096,1.0,-3.0,success
629,1.8437827825546265,-0.9479901790618896,-0.0002475299406796694,0.03299865126609802,0.03299865126609802,1.0,-3.0,success
630,1.8437813520431519,-0.9479690790176392,-0.00025246356381103396,0.0006786352023482323,0.0006608899566344917,0.0,3.0,success
631,1.8437813520431519,-0.9479690790176392,-0.0002518323017284274,1.972693826246541e-05,0.0,0.0,3.0,success
632,1.8436886072158813,-0.9469384551048279,-0.0002461436379235238,0.032337628304958344,0.03233713656663895,1.0,3.0,success
633,1.8435916900634766,-0.9458869099617004,-0.00024614663561806083,0.03300005942583084,0.03300005942583084,1.0,3.0,success
634,1.8434923887252808,-0.9448356032371521,-0.0002464496938046068,0.032999563962221146,0.032999563962221146,1.0,3.0,success
635,1.8434900045394897,-0.9448145627975464,-0.0002515893429517746,0.0006809348706156015,0.0006617215112783015,0.0,3.0,success
636,1.8433873653411865,-0.9437848329544067,-0.00024624945945106447,0.032338947057724,0.03233851119875908,1.0,3.0,success
637,1.843280553817749,-0.9427341818809509,-0.0002462464908603579,0.03300207480788231,0.03300207480788231,1.0,3.0,success
638,1.8431720733642578,-0.9416837692260742,-0.00024651980493217707,0.03299998119473457,0.03299998119473457,1.0,-3.0,success
639,1.8430655002593994,-0.9406331777572632,-0.00024677274632267654,0.032999470829963684,0.032999470829963684,1.0,3.0,success
640,1.8429572582244873,-0.9395827054977417,-0.0002469559549354017,0.033001068979501724,0.033001068979501724,1.0,-3.0,success
641,1.8428514003753662,-0.9385320544242859,-0.0002471115440130234,0.03299907594919205,0.03299907594919205,1.0,-3.0,success
642,1.842747449874878,-0.937481164932251,-0.0002472469350323081,0.03300056606531143,0.03300056606531143,1.0,3.0,success
643,1.8426417112350464,-0.9364304542541504,-0.00024733541067689657,0.033000554889440536,0.033000554889440536,1.0,-3.0,success
644,1.8425384759902954,-0.9353795051574707,-0.00024741527158766985,0.03300022706389427,0.03300022706389427,1.0,-3.0,success
645,1.842437744140625,-0.9343283176422119,-0.00024747970746830106,0.03300008550286293,0.03300008550286293,1.0,-3.0,success
646,1.8424370288848877,-0.9343071579933167,-0.00025241231196559966,0.0006793356733396649,0.0006616166792809963,0.0,-3.0,success
647,1.842342495918274,-0.9332766532897949,-0.000246907991822809,0.032338947057724,0.03233848512172699,1.0,-3.0,success
648,1.8423420190811157,-0.9332554340362549,-0.0002516555250622332,0.000679659191519022,0.0006632690201513469,0.0,-3.0,success
649,1.8422490358352661,-0.9322245717048645,-0.0002462976844981313,0.03234566003084183,0.032345227897167206,1.0,3.0,success
650,1.842154622077942,-0.931172788143158,-0.0002462852862663567,0.033000390976667404,0.033000390976667404,1.0,3.0,success
651,1.842057704925537,-0.9301212430000305,-0.00024656119057908654,0.03300005942583084,0.03300005942583084,1.0,3.0,success
652,1.8419586420059204,-0.9290698170661926,-0.00024679070338606834,0.0330025739967823,0.033002570271492004,1.0,0.0,success
653,1.841860055923462,-0.9280184507369995,-0.0002469753089826554,0.032999325543642044,0.032999325543642044,1.0,-3.0,success
654,1.8417638540267944,-0.9269667863845825,-0.0002471274056006223,0.033001724630594254,0.033001724630594254,1.0,-3.0,success
655,1.841670274734497,-0.9259149432182312,-0.0002472494379617274,0.032999925315380096,0.032999925315380096,1.0,-3.0,success
656,1.8415783643722534,-0.9248629808425903,-0.0002473570348229259,0.032999057322740555,0.032999057322740555,1.0,3.0,success
657,1.8414839506149292,-0.9238111972808838,-0.0002474332577548921,0.033000390976667404,0.033000390976667404,1.0,3.0,success
658,1.8413870334625244,-0.9227596521377563,-0.00024749396834522486,0.03300005942583084,0.03300005942583084,1.0,3.0,success
659,1.8413848876953125,-0.9227386713027954,-0.0002524247975088656,0.000676844094414264,0.0006590710836462677,0.0,3.0,success
660,1.8412845134735107,-0.9217087030410767,-0.00024691777070984244,0.032339442521333694,0.032338984310626984,1.0,3.0,success
661,1.8411800861358643,-0.9206578731536865,-0.00024678086629137397,0.03300018608570099,0.03300018608570099,1.0,3.0,success
662,1.8410731554031372,-0.9196072816848755,-0.0002469578757882118,0.03300059959292412,0.03300059959292412,1.0,3.0,success
663,1.8409639596939087,-0.9185569286346436,-0.00024711352307349443,0.03300043195486069,0.03300043195486069,1.0,3.0,success
664,1.8408530950546265,-0.917506754398346,-0.00024722781381569803,0.03300030902028084,0.03300030902028084,1.0,-3.0,success
665,1.8407448530197144,-0.9164563417434692,-0.0002473287167958915,0.03299921751022339,0.03299921751022339,1.0,-3.0,success
666,1.8406391143798828,-0.9154056310653687,-0.00024741009110584855,0.033000554889440536,0.033000554889440536,1.0,-3.0,success
667,1.8405358791351318,-0.914354681968689,-0.0002474754583090544,0.03300022706389427,0.03300022706389427,1.0,-3.0,success
668,1.8404351472854614,-0.9133034944534302,-0.00024752787430770695,0.03300008550286293,0.03300008550286293,1.0,-3.0,success
669,1.840336799621582,-0.9122520685195923,-0.00024756992934271693,0.033000484108924866,0.033000484108924866,1.0,-3.0,success
670,1.8402401208877563,-0.9112005233764648,-0.00024761323584243655,0.03299937769770622,0.03299937769770622,1.0,3.0,success
671,1.8401415348052979,-0.910149097442627,-0.0002476285444572568,0.03300117701292038,0.03300117701292038,1.0,-3.0,success
672,1.840044617652893,-0.9090975522994995,-0.00024765977286733687,0.03300005942583084,0.03300005942583084,1.0,3.0,success
673,1.839945912361145,-0.9080461859703064,-0.0002476656809449196,0.0329996719956398,0.0329996719956398,1.0,-3.0,success
674,1.8398489952087402,-0.906994640827179,-0.0002476895460858941,0.03300005942583084,0.03300005942583084,1.0,3.0,success
675,1.8397501707077026,-0.9059432744979858,-0.0002476894296705723,0.033000022172927856,0.033000022172927856,1.0,-3.0,success
676,1.8396531343460083,-0.9048917889595032,-0.0002477085799910128,0.032998546957969666,0.032998546957969666,1.0,3.0,success
677,1.8395543098449707,-0.9038404226303101,-0.0002477046218700707,0.033000022172927856,0.033000022172927856,1.0,-3.0,success
678,1.8394578695297241,-0.9027888178825378,-0.0002477106172591448,0.03300055116415024,0.03300055116415024,1.0,-3.0,success
679,1.8394571542739868,-0.9027676582336426,-0.00025259677204303443,0.0006790077895857394,0.0006616166792809963,0.0,-3.0,success
680,1.8393635749816895,-0.9017367959022522,-0.00024706547264941037,0.03234736621379852,0.032346904277801514,1.0,3.0,success
681,1.8392685651779175,-0.9006851315498352,-0.0002469001919962466,0.03299834951758385,0.03299834951758385,1.0,3.0,success
682,1.8391717672348022,-0.899633526802063,-0.0002470429171808064,0.033001575618982315,0.033001575618982315,1.0,-3.0,success
683,1.8390774726867676,-0.8985817432403564,-0.00024718052009120584,0.03300005942583084,0.03300005942583084,1.0,-3.0,success
684,1.838985562324524,-0.8975297212600708,-0.00024729190045036376,0.03300091251730919,0.03300091251730919,1.0,-3.0,success
685,1.8388954401016235,-0.8964775800704956,-0.00024739099899306893,0.032999806106090546,0.032999806106090546,1.0,3.0,success
686,1.8388028144836426,-0.8954256772994995,-0.0002474603825248778,0.032999154180288315,0.032999154180288315,1.0,3.0,success
687,1.838707685470581,-0.8943739533424377,-0.0002475156506989151,0.03300054371356964,0.03300054371356964,1.0,3.0,success
688,1.838610053062439,-0.8933224678039551,-0.0002475600049365312,0.033000264316797256,0.033000264316797256,1.0,3.0,success
689,1.8385107517242432,-0.8922711610794067,-0.0002475850924383849,0.032999563962221146,0.032999563962221146,1.0,-3.0,success
690,1.8384132385253906,-0.8912196755409241,-0.0002476253139320761,0.0329999215900898,0.0329999215900898,1.0,3.0,success
691,1.8383140563964844,-0.890168309211731,-0.00024763785768300295,0.033001068979501724,0.033001068979501724,1.0,-3.0,success
692,1.8382173776626587,-0.8891167640686035,-0.0002476570080034435,0.03299937769770622,0.03299937769770622,1.0,-3.0,success
693,1.8381232023239136,-0.888064980506897,-0.00024767289869487286,0.03299972414970398,0.03299972414970398,1.0,-3.0,success
694,1.8380306959152222,-0.8870130181312561,-0.00024769571609795094,0.033000681549310684,0.033000681549310684,1.0,3.0,success
695,1.8379358053207397,-0.8859612941741943,-0.00024770412710495293,0.03299987316131592,0.03299987316131592,1.0,3.0,success
696,1.8378390073776245,-0.8849097490310669,-0.00024770054733380675,0.03299972042441368,0.03299972042441368,1.0,-3.0,success
697,1.837744116783142,-0.8838580250740051,-0.0002477175439707935,0.03299987316131592,0.03299987316131592,1.0,3.0,success
698,1.8376473188400269,-0.8828064799308777,-0.00024771172320470214,0.03299972042441368,0.03299972042441368,1.0,-3.0,success
699,1.8375524282455444,-0.8817547559738159,-0.0002477264788467437,0.03299987316131592,0.03299987316131592,1.0,3.0,success
700,1.837550401687622,-0.8817337155342102,-0.0002526109747122973,0.0006779631949029863,0.0006605565431527793,0.0,3.0,success
701,1.8375500440597534,-0.881733775138855,-0.00025194993941113353,2.3560469344374724e-05,1.1330027518852148e-05,0.0,3.0,success
702,1.8374494314193726,-0.880703866481781,-0.0002462378761265427,0.03233834728598595,0.03233785927295685,1.0,3.0,success
703,1.837447166442871,-0.8806828260421753,-0.00025110511342063546,0.0006785786245018244,0.0006613124278374016,0.0,3.0,success
704,1.837341547012329,-0.8796533942222595,-0.0002458464296068996,0.03233904018998146,0.03233862295746803,1.0,3.0,success
705,1.8372315168380737,-0.8786031603813171,-0.0002459232637193054,0.0329994298517704,0.0329994298517704,1.0,3.0,success
706,1.8371195793151855,-0.8775529861450195,-0.000246266572503373,0.03300384432077408,0.03300384432077408,1.0,0.0,success
707,1.8370072841644287,-0.8765029907226562,-0.00024656610912643373,0.03299947455525398,0.03299947455525398,1.0,3.0,success
708,1.8368934392929077,-0.8754531145095825,-0.0002467904123477638,0.03300095722079277,0.03300095722079277,1.0,-3.0,success
709,1.83678138256073,-0.8744031190872192,-0.00024698986089788377,0.03299868106842041,0.03299868106842041,1.0,3.0,success
710,1.8366669416427612,-0.8733533024787903,-0.000247140065766871,0.033001117408275604,0.033001117408275604,1.0,3.0,success
711,1.8365504741668701,-0.8723036646842957,-0.00024725444382056594,0.03300248831510544,0.03300248831510544,1.0,0.0,success
712,1.8364344835281372,-0.8712540864944458,-0.00024734606267884374,0.03299899399280548,0.03299899399280548,1.0,-3.0,success
713,1.8363202810287476,-0.8702042698860168,-0.0002474343928042799,0.033000312745571136,0.033000312745571136,1.0,3.0,success
714,1.836203694343567,-0.8691547513008118,-0.0002474954817444086,0.0329991951584816,0.0329991951584816,1.0,3.0,success
715,1.8360847234725952,-0.8681054711341858,-0.00024754402693361044,0.033000100404024124,0.033000100404024124,1.0,3.0,success
716,1.8359640836715698,-0.8670564293861389,-0.000247572228545323,0.032998617738485336,0.032998617738485336,1.0,-3.0,success
717,1.8358452320098877,-0.8660070896148682,-0.0002476150693837553,0.03300153464078903,0.03300153464078903,1.0,3.0,success
718,1.835724115371704,-0.8649581074714661,-0.00024764006957411766,0.032998472452163696,0.032998472452163696,1.0,3.0,success
719,1.8356012105941772,-0.8639092445373535,-0.00024764909176155925,0.03300122544169426,0.03300122544169426,1.0,-3.0,success
720,1.8354802131652832,-0.8628602027893066,-0.00024767653667367995,0.03299989178776741,0.03299989178776741,1.0,3.0,success
721,1.8353568315505981,-0.8618114590644836,-0.0002476891968399286,0.03299926221370697,0.03299926221370697,1.0,3.0,success
722,1.8352317810058594,-0.860762894153595,-0.00024768838193267584,0.03299985080957413,0.03299985080957413,1.0,-3.0,success
723,1.8351085186004639,-0.8597140908241272,-0.00024770793970674276,0.033000677824020386,0.033000677824020386,1.0,3.0,success
724,1.834982991218567,-0.8586655855178833,-0.0002477143134456128,0.03299976885318756,0.03299976885318756,1.0,3.0,success
725,1.8348549604415894,-0.8576173782348633,-0.0002477190864738077,0.0329999141395092,0.0329999141395092,1.0,3.0,success
726,1.8348519802093506,-0.8575964570045471,-0.0002526050666347146,0.0006778098177164793,0.0006603884394280612,0.0,3.0,success
727,1.834721326828003,-0.8565698862075806,-0.00024706206750124693,0.03233957290649414,0.03233911097049713,1.0,3.0,success
728,1.8345859050750732,-0.8555225729942322,-0.0002468965540174395,0.03300100192427635,0.03300100192427635,1.0,3.0,success
729,1.8344489336013794,-0.8544754981994629,-0.00024703959934413433,0.03299986198544502,0.03299986198544502,1.0,-3.0,success
730,1.8343145847320557,-0.8534281253814697,-0.0002471774641890079,0.032998569309711456,0.032998569309711456,1.0,-3.0,success
731,1.8341820240020752,-0.8523804545402527,-0.0002472996711730957,0.033000748604536057,0.033000748604536057,1.0,3.0,success
732,1.8340469598770142,-0.8513330817222595,-0.0002473877393640578,0.03300142288208008,0.03300142288208008,1.0,3.0,success
733,1.8339096307754517,-0.850286066532135,-0.00024745785049162805,0.032999467104673386,0.032999467104673386,1.0,3.0,success
734,1.8337699174880981,-0.8492393493652344,-0.00024751402088440955,0.03300001099705696,0.03300001099705696,1.0,3.0,success
735,1.8336278200149536,-0.8481929302215576,-0.00024755901540629566,0.03300071880221367,0.03300071880221367,1.0,3.0,success
736,1.8334840536117554,-0.84714674949646,-0.00024758410290814936,0.033000398427248,0.0330003947019577,1.0,-3.0,success
737,1.83334219455719,-0.8461003303527832,-0.0002476246445439756,0.03299972042441368,0.03299971669912338,1.0,3.0,success
738,1.8331986665725708,-0.8450541496276855,-0.0002476372173987329,0.03299938514828682,0.03299938514828682,1.0,-3.0,success
739,1.8330570459365845,-0.844007670879364,-0.00024766704882495105,0.03300056234002113,0.03300056234002113,1.0,3.0,success
740,1.8329166173934937,-0.8429826498031616,-0.00024366290017496794,0.03233135864138603,0.03233111649751663,1.0,-3.0,success
741,1.832775592803955,-0.8419361114501953,-0.00024417415261268616,0.0329999178647995,0.0329999141395092,1.0,3.0,success
742,1.8326321840286255,-0.8408899307250977,-0.00024487226619385183,0.03299888223409653,0.03299887850880623,1.0,3.0,success
743,1.8324862718582153,-0.8398441076278687,-0.00024544523330405354,0.03299852833151817,0.032998520880937576,1.0,3.0,success
744,1.8324830532073975,-0.8398232460021973,-0.0002507874451112002,0.0006804369622841477,0.0006596393650397658,0.0,3.0,success
745,1.8323348760604858,-0.8387990593910217,-0.00024560739984735847,0.032339468598365784,0.03233906254172325,1.0,3.0,success
746,1.8321821689605713,-0.8377541303634644,-0.0002457225346006453,0.0330008901655674,0.0330008901655674,1.0,-3.0,success
747,1.8320313692092896,-0.8367089629173279,-0.00024612111155875027,0.03299970179796219,0.03299969807267189,1.0,3.0,success
748,1.8320280313491821,-0.8366881012916565,-0.00025132729206234217,0.0006799679831601679,0.000660217716358602,0.0,3.0,success
749,1.8318758010864258,-0.8356645107269287,-0.0002460282703395933,0.032339442521333694,0.03233901783823967,1.0,-3.0,success
750,1.8317229747772217,-0.8346196413040161,-0.0002460802788846195,0.03299958258867264,0.03299958258867264,1.0,3.0,success
751,1.8317204713821411,-0.8345987200737,-0.00025126937543973327,0.0006781261181458831,0.0006584522197954357,0.0,-3.0,success
752,1.831565260887146,-0.8335747718811035,-0.0002459998650010675,0.03236432000994682,0.032363902777433395,1.0,3.0,success
753,1.8314096927642822,-0.8325302600860596,-0.0002460505929775536,0.03300103917717934,0.03300103917717934,1.0,3.0,success
754,1.831251859664917,-0.8314861059188843,-0.0002463740238454193,0.03300049155950546,0.03300049155950546,1.0,3.0,success
755,1.831092357635498,-0.8304422497749329,-0.00024663578369654715,0.03299912065267563,0.03299912065267563,1.0,-3.0,success
756,1.830934762954712,-0.8293980360031128,-0.00024686622782610357,0.03300122171640396,0.03300122171640396,1.0,3.0,success
757,1.8309311866760254,-0.8293772339820862,-0.00025192368775606155,0.0006782701821066439,0.0006595999002456665,0.0,3.0,success
758,1.8307723999023438,-0.8283545970916748,-0.0002465054567437619,0.03234078735113144,0.03234034404158592,1.0,-3.0,success
759,1.8307691812515259,-0.8283337354660034,-0.0002513448416721076,0.0006767531740479171,0.0006596393650397658,0.0,3.0,success
760,1.8307695388793945,-0.8283337354660034,-0.0002509131154511124,1.7519107132102363e-05,1.117586998589104e-05,0.0,-3.0,success
761,1.830613136291504,-0.8273107409477234,-0.0002454059140291065,0.03234050050377846,0.03234004229307175,1.0,-3.0,success
762,1.830456018447876,-0.8262664675712585,-0.00024556813878007233,0.03300084173679352,0.03300083801150322,1.0,3.0,success
763,1.8302963972091675,-0.8252226114273071,-0.0002459873794578016,0.032999686896800995,0.032999683171510696,1.0,3.0,success
764,1.830134391784668,-0.8241790533065796,-0.00024633706198073924,0.03300182521343231,0.033001821488142014,1.0,3.0,success
765,1.829969882965088,-0.8231359124183655,-0.00024661756469868124,0.03300103545188904,0.03300103545188904,1.0,3.0,success
766,1.8298038244247437,-0.8220930695533752,-0.0002468313614372164,0.03299941495060921,0.03299941495060921,1.0,-3.0,success
767,1.8296401500701904,-0.8210498094558716,-0.00024701180518604815,0.03300066292285919,0.03300066292285919,1.0,-3.0,success
768,1.829637050628662,-0.8210289478302002,-0.0002520496491342783,0.0006776234949938953,0.000659081619232893,0.0,3.0,success
769,1.8294755220413208,-0.820006787776947,-0.0002466177102178335,0.03233932703733444,0.03233888000249863,1.0,3.0,success
770,1.8293086290359497,-0.8189640641212463,-0.00024654078879393637,0.03299985080957413,0.03299985080957413,1.0,3.0,success
771,1.829139232635498,-0.8179216980934143,-0.0002467657614033669,0.03300127014517784,0.03300127014517784,1.0,3.0,success
772,1.8289674520492554,-0.8168797492980957,-0.00024695979664102197,0.03300044313073158,0.03300044313073158,1.0,3.0,success
773,1.8287934064865112,-0.8158381581306458,-0.0002471157640684396,0.03300100192427635,0.03300100192427635,1.0,3.0,success
774,1.8286173343658447,-0.8147968649864197,-0.0002472349733579904,0.03300232067704201,0.03300232067704201,1.0,0.0,success
775,1.8284417390823364,-0.8137555718421936,-0.00024733037571422756,0.03299983963370323,0.03299983963370323,1.0,-3.0,success
776,1.8284387588500977,-0.813734769821167,-0.0002522922877687961,0.0006747586303390563,0.0006567006348632276,0.0,-3.0,success
777,1.8282712697982788,-0.8127135634422302,-0.0002468110469635576,0.03233952075242996,0.03233906999230385,1.0,-3.0,success
778,1.8282713890075684,-0.8127132058143616,-0.0002516800886951387,0.00015261290536727756,1.1780402019212488e-05,0.0,0.0,success
779,1.8281066417694092,-0.8116915822029114,-0.00024621025659143925,0.03233863785862923,0.032338179647922516,1.0,-3.0,success
780,1.827940821647644,-0.8106486797332764,-0.00024622108321636915,0.03300008550286293,0.03300008550286293,1.0,3.0,success
781,1.8279376029968262,-0.810627818107605,-0.0002513927174732089,0.0006791488267481327,0.0006596393650397658,0.0,3.0,success
782,1.8277698755264282,-0.809606671333313,-0.0002460907562635839,0.032338861376047134,0.03233843669295311,1.0,3.0,success
783,1.8275964260101318,-0.8085650205612183,-0.0002461193944327533,0.03299977630376816,0.03299977630376816,1.0,3.0,success
784,1.8274213075637817,-0.8075236082077026,-0.000246418290771544,0.03300103917717934,0.03300103545188904,1.0,-3.0,success
785,1.827247977256775,-0.8064818978309631,-0.0002466914593242109,0.03300100192427635,0.03300100192427635,1.0,3.0,success
786,1.8270721435546875,-0.8054406642913818,-0.00024690135614946485,0.03299924358725548,0.03299923986196518,1.0,3.0,success
787,1.8268940448760986,-0.8043997287750244,-0.0002470689360052347,0.033001918345689774,0.033001918345689774,1.0,3.0,success
788,1.8268901109695435,-0.8043790459632874,-0.00025208547594957054,0.0006763440906070173,0.0006579251494258642,0.0,3.0,success
789,1.8267103433609009,-0.803359866142273,-0.00024664614466018975,0.03234146162867546,0.032341014593839645,1.0,3.0,success
790,1.8265249729156494,-0.8023202419281006,-0.0002465640427544713,0.03300065919756889,0.03300065919756889,1.0,3.0,success
791,1.8265212774276733,-0.8022994995117188,-0.00025165532133542,0.0006773580680601299,0.0006584075163118541,0.0,-3.0,success
792,1.8265204429626465,-0.8022996783256531,-0.0002511958300601691,3.0288947527878918e-05,2.6669020371627994e-05,0.0,3.0,success
793,1.8263362646102905,-0.8012813329696655,-0.00024563504848629236,0.032340046018362045,0.03233957663178444,1.0,3.0,success
794,1.8261464834213257,-0.8002424836158752,-0.0002457407827023417,0.03300131484866142,0.03300131484866142,1.0,3.0,success
795,1.8261420726776123,-0.800221860408783,-0.00025100845959968865,0.0006792974891141057,0.0006590500706806779,0.0,3.0,success
796,1.8259508609771729,-0.7992047071456909,-0.00024578371085226536,0.032343219965696335,0.032342810183763504,1.0,3.0,success
797,1.8259470462799072,-0.7991840243339539,-0.0002507456229068339,0.0006752829067409039,0.0006572392885573208,0.0,-3.0,success
798,1.8257567882537842,-0.798166811466217,-0.00024555798154324293,0.03233955428004265,0.03233914449810982,1.0,-3.0,success
799,1.8257534503936768,-0.7981460094451904,-0.0002505753072910011,0.0006767907761968672,0.0006583785288967192,0.0,-3.0,success
800,1.8255683183670044,-0.7971277832984924,-0.0002454226487316191,0.03234163299202919,0.032341234385967255,1.0,-3.0,success
801,1.825381875038147,-0.7960883975028992,-0.0002455956710036844,0.032999228686094284,0.032999228686094284,1.0,3.0,success
802,1.8251936435699463,-0.795049250125885,-0.0002460001560393721,0.03300181031227112,0.03300180658698082,1.0,-3.0,success
803,1.8250077962875366,-0.7940096855163574,-0.00024634672445245087,0.03300144523382187,0.03300144523382187,1.0,-3.0,success
804,1.8250044584274292,-0.7939888834953308,-0.0002515178930480033,0.0006779207033105195,0.0006583785288967192,0.0,3.0,success
805,1.824821949005127,-0.7929701805114746,-0.0002461814437992871,0.032341767102479935,0.03234133869409561,1.0,-3.0,success
806,1.82463800907135,-0.7919303178787231,-0.0002462026313878596,0.03300017863512039,0.03300017863512039,1.0,3.0,success
807,1.82445228099823,-0.7908907532691956,-0.00024648572434671223,0.03300079330801964,0.03300078958272934,1.0,-3.0,success
808,1.8242682218551636,-0.7898509502410889,-0.000246745184995234,0.03299899399280548,0.03299899399280548,1.0,3.0,success
809,1.8240817785263062,-0.7888115048408508,-0.00024694399326108396,0.03300106152892113,0.03300106152892113,1.0,3.0,success
810,1.8238927125930786,-0.787772536277771,-0.0002471027837600559,0.033000968396663666,0.033000968396663666,1.0,3.0,success
811,1.8237013816833496,-0.7867340445518494,-0.0002472299092914909,0.03299906104803085,0.03299906104803085,1.0,3.0,success
812,1.8235076665878296,-0.7856959700584412,-0.00024733171449042857,0.03299982473254204,0.03299982473254204,1.0,3.0,success
813,1.8233115673065186,-0.7846583127975464,-0.0002474132343195379,0.03300075978040695,0.03300075978040695,1.0,3.0,success
814,1.8231130838394165,-0.783621072769165,-0.00024747851421125233,0.03300187364220619,0.03300187364220619,1.0,3.0,success
815,1.8229124546051025,-0.7825843095779419,-0.0002475307846907526,0.032999906688928604,0.032999906688928604,1.0,3.0,success
816,1.8227094411849976,-0.781548023223877,-0.0002475726359989494,0.03299952298402786,0.03299952298402786,1.0,3.0,success
817,1.8225041627883911,-0.7805120944976807,-0.0002476061345078051,0.03300223872065544,0.03300223872065544,1.0,3.0,success
818,1.82229745388031,-0.7794765830039978,-0.0002476216177456081,0.03299817070364952,0.03299817070364952,1.0,-3.0,success
819,1.8220925331115723,-0.7784406542778015,-0.0002476547670084983,0.03300006687641144,0.03300006687641144,1.0,3.0,success
820,1.8218859434127808,-0.7774050831794739,-0.0002476611698511988,0.03299926966428757,0.03299926966428757,1.0,-3.0,success
821,1.8216813802719116,-0.7763690948486328,-0.00024768628645688295,0.03299972787499428,0.03299972787499428,1.0,3.0,success
822,1.821474313735962,-0.77533358335495,-0.0002476970839779824,0.033000361174345016,0.033000361174345016,1.0,3.0,success
823,1.821469783782959,-0.7753129601478577,-0.00025258769164793193,0.0006773073691874743,0.0006598392501473427,0.0,3.0,success
824,1.8214696645736694,-0.7753130197525024,-0.0002519208937883377,2.1249607016216032e-05,4.165000973443966e-06,0.0,-3.0,success
825,1.8212647438049316,-0.7742986679077148,-0.00024621252669021487,0.032339368015527725,0.03233887255191803,1.0,-3.0,success
826,1.8210588693618774,-0.7732629179954529,-0.00024620286421850324,0.03300038352608681,0.03300038352608681,1.0,-3.0,success
827,1.8208553791046143,-0.7722266912460327,-0.0002464945719111711,0.03300056606531143,0.03300056234002113,1.0,-3.0,success
828,1.8206541538238525,-0.7711899876594543,-0.0002467427111696452,0.033001627773046494,0.033001624047756195,1.0,-3.0,success
829,1.8204548358917236,-0.7701530456542969,-0.000246951705776155,0.03299763798713684,0.03299763798713684,1.0,3.0,success
830,1.8202528953552246,-0.7691165208816528,-0.0002471090410836041,0.0330004058778286,0.0330004058778286,1.0,3.0,success
831,1.820048451423645,-0.768080472946167,-0.00024723465321585536,0.03300083428621292,0.03300083428621292,1.0,3.0,success
832,1.8198423385620117,-0.7670447826385498,-0.00024732499150559306,0.03300001472234726,0.03300001472234726,1.0,-3.0,success
833,1.8196378946304321,-0.766008734703064,-0.0002474172506481409,0.03300083428621292,0.03300083428621292,1.0,3.0,success
834,1.819431185722351,-0.7649731636047363,-0.00024748174473643303,0.032999999821186066,0.032999999821186066,1.0,3.0,success
835,1.8194267749786377,-0.7649526000022888,-0.00025241539697162807,0.0006750703905709088,0.0006572286947630346,0.0,3.0,success
836,1.8192189931869507,-0.7639387845993042,-0.0002469098544679582,0.03234073147177696,0.03234027698636055,1.0,3.0,success
837,1.819004774093628,-0.762904703617096,-0.0002467748709022999,0.033001139760017395,0.033001139760017395,1.0,3.0,success
838,1.8187882900238037,-0.7618710994720459,-0.0002469531900715083,0.03300098702311516,0.03300098702311516,1.0,3.0,success
839,1.8185694217681885,-0.7608380317687988,-0.0002471098559908569,0.03299994021654129,0.03299994021654129,1.0,3.0,success
840,1.818349003791809,-0.7598052620887756,-0.000247224816121161,0.03300090506672859,0.03300090506672859,1.0,-3.0,success
841,1.8183449506759644,-0.7597846388816833,-0.000252207595622167,0.000675009039696306,0.0006568036042153835,0.0,-3.0,success
842,1.8181326389312744,-0.7587717175483704,-0.00024675484746694565,0.0323420986533165,0.032341647893190384,1.0,3.0,success
843,1.8181321620941162,-0.7587714791297913,-0.00025162476231344044,0.00015309402078855783,1.6660003893775865e-05,0.0,0.0,success
844,1.817918300628662,-0.7577589750289917,-0.0002461650874465704,0.03233931213617325,0.032338861376047134,1.0,-3.0,success
845,1.8179138898849487,-0.7577383518218994,-0.0002510682970751077,0.0006766276201233268,0.0006590500706806779,0.0,3.0,success
846,1.8177005052566528,-0.7567257285118103,-0.00024580652825534344,0.03233984857797623,0.0323394276201725,1.0,-3.0,success
847,1.817484974861145,-0.7556919455528259,-0.00024590225075371563,0.033000361174345016,0.033000361174345016,1.0,3.0,success
848,1.8172670602798462,-0.7546586394309998,-0.00024625530932098627,0.033001068979501724,0.033001068979501724,1.0,3.0,success
849,1.8172625303268433,-0.7546380758285522,-0.0002514342195354402,0.0006776303634978831,0.0006580200861208141,0.0,3.0,success
850,1.817043662071228,-0.7536265850067139,-0.000246124662226066,0.03234103322029114,0.03234060853719711,1.0,3.0,success
851,1.816818356513977,-0.7525948882102966,-0.0002461468684487045,0.033000364899635315,0.033000364899635315,1.0,3.0,success
852,1.8165912628173828,-0.751563549041748,-0.00024644017685204744,0.03300142288208008,0.03300142288208008,1.0,-3.0,success
853,1.8163666725158691,-0.7505317330360413,-0.00024669821141287684,0.032999247312545776,0.032999247312545776,1.0,-3.0,success
854,1.8161438703536987,-0.7494994401931763,-0.0002469163737259805,0.03300197422504425,0.03300197049975395,1.0,3.0,success
855,1.8159193992614746,-0.7484675645828247,-0.00024707100237719715,0.03300027176737785,0.03300027176737785,1.0,-3.0,success
856,1.8156967163085938,-0.7474353313446045,-0.00024721413501538336,0.03299936652183533,0.03299936652183533,1.0,3.0,success
857,1.8154722452163696,-0.7464034557342529,-0.00024730912991799414,0.03300027176737785,0.03300027176737785,1.0,-3.0,success
858,1.8152495622634888,-0.7453712224960327,-0.0002474045322742313,0.03299936652183533,0.03299936652183533,1.0,3.0,success
859,1.8150243759155273,-0.7443395256996155,-0.0002474714710842818,0.032999567687511444,0.032999567687511444,1.0,3.0,success
860,1.814796805381775,-0.7433083057403564,-0.0002475247601978481,0.03300098702311516,0.03300098702311516,1.0,3.0,success
861,1.814566969871521,-0.7422776222229004,-0.00024756748462095857,0.032999951392412186,0.032999951392412186,1.0,3.0,success
862,1.8143354654312134,-0.741247296333313,-0.0002475909423083067,0.033000439405441284,0.033000439405441284,1.0,-3.0,success
863,1.8141064643859863,-0.7402164340019226,-0.0002476192021276802,0.03299973905086517,0.03299973905086517,1.0,-3.0,success
864,1.8138792514801025,-0.7391852140426636,-0.00024765293346717954,0.03299858421087265,0.03299858421087265,1.0,3.0,success
865,1.8136496543884277,-0.7381544709205627,-0.00024767022114247084,0.0330001525580883,0.0330001525580883,1.0,3.0,success
866,1.813417673110962,-0.7371242642402649,-0.00024768372531980276,0.033000074326992035,0.033000070601701736,1.0,3.0,success
867,1.8134125471115112,-0.7371037602424622,-0.00025257703964598477,0.0006779408431611955,0.0006604699301533401,0.0,3.0,success
868,1.813180923461914,-0.7360947728157043,-0.00024702600785531104,0.03235146030783653,0.032350994646549225,1.0,-3.0,success
869,1.8129470348358154,-0.7350649833679199,-0.00024688011035323143,0.03300050273537636,0.03300050273537636,1.0,3.0,success
870,1.8127106428146362,-0.7340357899665833,-0.00024703762028366327,0.03299976512789726,0.03299976512789726,1.0,3.0,success
871,1.8124727010726929,-0.7330069541931152,-0.00024716657935641706,0.03299975022673607,0.03299975022673607,1.0,-3.0,success
872,1.8124679327011108,-0.7329863905906677,-0.0002521731657907367,0.0006779629620723426,0.0006596630555577576,0.0,3.0,success
873,1.8124674558639526,-0.7329865097999573,-0.0002516000531613827,2.3594113372382708e-05,1.5359764802269638e-05,0.0,3.0,success
874,1.8122318983078003,-0.731978714466095,-0.0002459464012645185,0.032342929393053055,0.032342445105314255,1.0,-3.0,success
875,1.8119938373565674,-0.7309499382972717,-0.00024600044707767665,0.03299877792596817,0.03299877792596817,1.0,3.0,success
876,1.8119890689849854,-0.730929434299469,-0.00025121617363765836,0.0006777396774850786,0.0006578486645594239,0.0,3.0,success
877,1.811751365661621,-0.729921817779541,-0.00024593668058514595,0.032352760434150696,0.03235233575105667,1.0,-3.0,success
878,1.811511754989624,-0.7288933396339417,-0.00024599843891337514,0.03300065919756889,0.033000655472278595,1.0,-3.0,success
879,1.8112738132476807,-0.7278644442558289,-0.0002463420096319169,0.03300156816840172,0.03300156816840172,1.0,3.0,success
880,1.811034083366394,-0.7268359661102295,-0.00024661110364831984,0.033001504838466644,0.033001504838466644,1.0,-3.0,success
881,1.8107961416244507,-0.7258071303367615,-0.0002468461752869189,0.03299975022673607,0.03299975022673607,1.0,3.0,success
882,1.810556411743164,-0.7247787117958069,-0.00024701497750356793,0.03299969062209129,0.03299969062209129,1.0,-3.0,success
883,1.8103190660476685,-0.7237496972084045,-0.00024715912877582014,0.03300100192427635,0.03300100192427635,1.0,-3.0,success
884,1.8100833892822266,-0.7227203845977783,-0.00024728477001190186,0.032998401671648026,0.032998401671648026,1.0,3.0,success
885,1.809845209121704,-0.7216915488243103,-0.0002473754866514355,0.033001430332660675,0.033001430332660675,1.0,3.0,success
886,1.8098403215408325,-0.7216710448265076,-0.0002523302973713726,0.0006766563165001571,0.0006587025127373636,0.0,3.0,success
887,1.8096017837524414,-0.7206640243530273,-0.0002468414604663849,0.03234066069126129,0.03234020620584488,1.0,3.0,success
888,1.8093562126159668,-0.7196369767189026,-0.0002467200392857194,0.03299994021654129,0.03299994021654129,1.0,3.0,success
889,1.8091081380844116,-0.7186105251312256,-0.00024690921418368816,0.03300011530518532,0.03300011530518532,1.0,3.0,success
890,1.8088585138320923,-0.7175844311714172,-0.0002470637555234134,0.03300066664814949,0.03300066292285919,1.0,-3.0,success
891,1.8086107969284058,-0.7165579199790955,-0.0002472084597684443,0.03299930319190025,0.03299930319190025,1.0,3.0,success
892,1.808361291885376,-0.7155318260192871,-0.00024730441509746015,0.032999783754348755,0.032999783754348755,1.0,-3.0,success
893,1.8081135749816895,-0.7145052552223206,-0.0002474008942954242,0.033001113682985306,0.033001113682985306,1.0,3.0,success
894,1.8078635931015015,-0.7134792804718018,-0.00024746873532421887,0.03299969062209129,0.03299969062209129,1.0,3.0,success
895,1.8076119422912598,-0.7124537229537964,-0.00024751207092776895,0.03299941122531891,0.03299941122531891,1.0,-3.0,success
896,1.807606816291809,-0.7124332785606384,-0.00025244939024560153,0.0006764929858036339,0.0006586630479432642,0.0,3.0,success
897,1.8073590993881226,-0.7114284634590149,-0.00024693732848390937,0.032341066747903824,0.03234061226248741,1.0,3.0,success
898,1.807104229927063,-0.7104036808013916,-0.00024679669877514243,0.03300002962350845,0.03300002962350845,1.0,3.0,success
899,1.8068475723266602,-0.7093793153762817,-0.00024695988395251334,0.03300091251730919,0.03300091251730919,1.0,-3.0,success
900,1.8065928220748901,-0.7083544731140137,-0.00024712461163289845,0.03300093486905098,0.03300093486905098,1.0,3.0,success
901,1.8063364028930664,-0.7073301076889038,-0.00024723735987208784,0.03299909830093384,0.03299909830093384,1.0,-3.0,success
902,1.8060816526412964,-0.7063052654266357,-0.000247347226832062,0.03300093486905098,0.03300093486905098,1.0,3.0,success
903,1.8060814142227173,-0.7063050270080566,-0.00025239872047677636,0.00015821043052710593,1.0536711670283694e-05,0.0,0.0,success
904,1.8060815334320068,-0.7063050270080566,-0.0002516838430892676,2.264839167764876e-05,3.7252900710882386e-06,0.0,-3.0,success
905,1.8058321475982666,-0.7053006887435913,-0.00024601916084066033,0.032339151948690414,0.032338667660951614,1.0,-3.0,success
906,1.8055803775787354,-0.7042750716209412,-0.0002460532996337861,0.033002108335494995,0.033002108335494995,1.0,0.0,success
907,1.8055803775787354,-0.7042747139930725,-0.0002513544459361583,0.00016603735275566578,1.117586998589104e-05,0.0,0.0,success
908,1.8053337335586548,-0.7032697200775146,-0.0002459632814861834,0.0323384664952755,0.03233802318572998,1.0,-3.0,success
909,1.805084228515625,-0.7022436261177063,-0.0002460243704263121,0.032999783754348755,0.032999783754348755,1.0,3.0,success
910,1.8048323392868042,-0.7012180685997009,-0.0002463526907376945,0.033001188188791275,0.033001188188791275,1.0,3.0,success
911,1.8045780658721924,-0.7001931667327881,-0.00024662911891937256,0.032999154180288315,0.032999150454998016,1.0,3.0,success
912,1.8043214082717896,-0.699168860912323,-0.00024685109383426607,0.032999102026224136,0.032999102026224136,1.0,3.0,success
913,1.8040623664855957,-0.6981450915336609,-0.0002470287727192044,0.03300103917717934,0.03300103917717934,1.0,3.0,success
914,1.8038017749786377,-0.697121798992157,-0.0002471600892022252,0.03299851343035698,0.03299850970506668,1.0,-3.0,success
915,1.803796410560608,-0.6971014142036438,-0.0002521681599318981,0.0006770493928343058,0.0006587130483239889,0.0,3.0,success
916,1.803540825843811,-0.6960982084274292,-0.0002466994628775865,0.03235205262899399,0.032351601868867874,1.0,-3.0,success
917,1.803282380104065,-0.6950743198394775,-0.00024661884526722133,0.03300008550286293,0.03300008550286293,1.0,3.0,success
918,1.8032770156860352,-0.6950539350509644,-0.0002517113753128797,0.0006776642985641956,0.0006587130483239889,0.0,3.0,success
919,1.803019404411316,-0.6940512657165527,-0.0002463329874444753,0.03235149756073952,0.0323510579764843,1.0,-3.0,success
920,1.8027595281600952,-0.6930277347564697,-0.0002463152341078967,0.03300022333860397,0.03300022333860397,1.0,-3.0,success
921,1.8025013208389282,-0.6920037865638733,-0.00024659535847604275,0.033000070601701736,0.033000070601701736,1.0,3.0,success
922,1.8022406101226807,-0.6909804344177246,-0.00024682344519533217,0.033001240342855453,0.033001236617565155,1.0,3.0,success
923,1.8019782304763794,-0.6899575591087341,-0.00024699620553292334,0.03299972042441368,0.03299972042441368,1.0,-3.0,success
924,1.8017176389694214,-0.6889342069625854,-0.00024715426843613386,0.03300032019615173,0.03300032019615173,1.0,3.0,success
925,1.8014545440673828,-0.6879115104675293,-0.0002472713531460613,0.03299986571073532,0.03299986571073532,1.0,3.0,success
926,1.8011891841888428,-0.6868893504142761,-0.0002473647182341665,0.03300134465098381,0.03300134465098381,1.0,3.0,success
927,1.8009214401245117,-0.6858678460121155,-0.0002474395150784403,0.03300032764673233,0.03300032764673233,1.0,3.0,success
928,1.8006514310836792,-0.6848469972610474,-0.0002474994398653507,0.03299853578209877,0.03299853578209877,1.0,3.0,success
929,1.8003790378570557,-0.6838266849517822,-0.0002475474320817739,0.03300146758556366,0.03300146758556366,1.0,3.0,success
930,1.800105094909668,-0.6828068494796753,-0.0002475747896824032,0.03299960121512413,0.03299960121512413,1.0,-3.0,success
931,1.799833059310913,-0.6817864775657654,-0.0002476172230672091,0.033000387251377106,0.03300038352608681,1.0,3.0,success
932,1.7995587587356567,-0.6807667016983032,-0.0002476419322192669,0.033000703901052475,0.033000703901052475,1.0,3.0,success
933,1.7992820739746094,-0.6797475814819336,-0.000247661373578012,0.03300035744905472,0.03300035744905472,1.0,3.0,success
934,1.7990038394927979,-0.6787289381027222,-0.00024766591377556324,0.0329987071454525,0.0329987071454525,1.0,-3.0,success
935,1.7987275123596191,-0.6777097582817078,-0.0002476900990586728,0.03299923613667488,0.03299923241138458,1.0,3.0,success
936,1.7984488010406494,-0.6766911745071411,-0.00024770019808784127,0.03300084173679352,0.03300083801150322,1.0,3.0,success
937,1.7981678247451782,-0.6756731867790222,-0.00024770793970674276,0.03300163522362709,0.03300163522362709,1.0,3.0,success
938,1.7978852987289429,-0.6746557354927063,-0.00024770316667854786,0.032998401671648026,0.032998401671648026,1.0,-3.0,success
939,1.7976051568984985,-0.6736375689506531,-0.0002477088710293174,0.033000096678733826,0.033000096678733826,1.0,-3.0,success
940,1.7975996732711792,-0.6736172437667847,-0.0002526071039028466,0.0006754454225301743,0.0006578724714927375,0.0,3.0,success
941,1.7973248958587646,-0.6726190447807312,-0.0002470506587997079,0.03235446289181709,0.032353997230529785,1.0,-3.0,success
942,1.7973195314407349,-0.6725987195968628,-0.0002517826796974987,0.0006733501795679331,0.0006569119286723435,0.0,3.0,success
943,1.7970443964004517,-0.6716010570526123,-0.0002463889541104436,0.03234124183654785,0.03234080225229263,1.0,3.0,success
944,1.7967618703842163,-0.6705835461616516,-0.0002463471610099077,0.033000193536281586,0.033000193536281586,1.0,-3.0,success
945,1.7964818477630615,-0.6695653200149536,-0.0002466102014295757,0.03300090506672859,0.03300090506672859,1.0,-3.0,success
946,1.7962034940719604,-0.6685466766357422,-0.000246845098445192,0.03299969062209129,0.03299969062209129,1.0,3.0,success
947,1.7959226369857788,-0.6675286889076233,-0.0002470238832756877,0.033000648021698,0.033000648021698,1.0,3.0,success
948,1.7956395149230957,-0.6665113568305969,-0.000247166637564078,0.03299979865550995,0.03299979865550995,1.0,3.0,success
949,1.795353889465332,-0.6654946804046631,-0.0002472809865139425,0.0330011360347271,0.0330011360347271,1.0,3.0,success
950,1.795065999031067,-0.6644786596298218,-0.0002473725762683898,0.0330006368458271,0.0330006368458271,1.0,3.0,success
951,1.7947758436203003,-0.663463294506073,-0.0002474459179211408,0.03300030529499054,0.03300030156970024,1.0,3.0,success
952,1.7944834232330322,-0.6624485850334167,-0.0002475046494510025,0.03300013020634651,0.03300013020634651,1.0,3.0,success
953,1.7941888570785522,-0.6614344716072083,-0.000247551710344851,0.033000875264406204,0.033000875264406204,1.0,3.0,success
954,1.7938919067382812,-0.6604210734367371,-0.00024758937070146203,0.03300028666853905,0.03300028666853905,1.0,3.0,success
955,1.7935928106307983,-0.6594083309173584,-0.00024761955137364566,0.03299955278635025,0.03299955278635025,1.0,3.0,success
956,1.7932921648025513,-0.6583960056304932,-0.00024763232795521617,0.03300080448389053,0.03300080448389053,1.0,-3.0,success
957,1.7929940223693848,-0.6573829650878906,-0.0002476520021446049,0.03300005570054054,0.03300005570054054,1.0,-3.0,success
958,1.792697787284851,-0.6563693881034851,-0.0002476792724337429,0.032999370247125626,0.032999370247125626,1.0,3.0,success
959,1.7923991680145264,-0.6553565263748169,-0.0002476914378348738,0.032998908311128616,0.032998908311128616,1.0,3.0,success
960,1.7920982837677002,-0.6543442606925964,-0.00024770080926828086,0.033001139760017395,0.033001139760017395,1.0,3.0,success
961,1.7917957305908203,-0.653332531452179,-0.0002476975496392697,0.032999977469444275,0.032999973744153976,1.0,-3.0,success
962,1.7914950847625732,-0.6523202657699585,-0.0002477153320796788,0.03299902006983757,0.03299902006983757,1.0,3.0,success
963,1.7911920547485352,-0.6513086557388306,-0.0002477203088346869,0.033000677824020386,0.033000677824020386,1.0,3.0,success
964,1.7908867597579956,-0.6502977609634399,-0.0002477239759173244,0.032999660819768906,0.032999660819768906,1.0,3.0,success
965,1.790579915046692,-0.6492873430252075,-0.00024771603057160974,0.032999437302351,0.0329994335770607,1.0,-3.0,success
966,1.7902754545211792,-0.648276150226593,-0.00024771917378529906,0.03300105035305023,0.03300105035305023,1.0,-3.0,success
967,1.790269374847412,-0.6482560038566589,-0.0002526153693906963,0.0006751818000338972,0.0006576165906153619,0.0,3.0,success
968,1.78997004032135,-0.6472653150558472,-0.00024706986732780933,0.03234180435538292,0.03234133869409561,1.0,3.0,success
969,1.789662480354309,-0.6462551355361938,-0.00024690269492566586,0.03299880772829056,0.03299880772829056,1.0,3.0,success
970,1.7893532514572144,-0.6452454328536987,-0.0002470446634106338,0.03299979120492935,0.03299979120492935,1.0,-3.0,success
971,1.789046287536621,-0.6442349553108215,-0.000247181742452085,0.033002302050590515,0.033002302050590515,1.0,-3.0,success
972,1.7887412309646606,-0.6432240009307861,-0.00024730298900976777,0.03299929201602936,0.03299929201602936,1.0,3.0,success
973,1.7884337902069092,-0.642213761806488,-0.0002473902713973075,0.03299950808286667,0.03299950808286667,1.0,3.0,success
974,1.7881239652633667,-0.6412042379379272,-0.0002474597713444382,0.032999906688928604,0.032999906688928604,1.0,3.0,success
975,1.7878117561340332,-0.6401954293251038,-0.00024751550517976284,0.03300049155950546,0.03300049155950546,1.0,3.0,success
976,1.7878056764602661,-0.6401754021644592,-0.0002524311712477356,0.0006718483637087047,0.0006540510221384466,0.0,-3.0,success
977,1.7874993085861206,-0.6391867399215698,-0.0002469326136633754,0.03234555199742317,0.03234509751200676,1.0,3.0,success
978,1.7871849536895752,-0.6381786465644836,-0.00024679405032657087,0.03299903869628906,0.03299903869628906,1.0,3.0,success
979,1.7871779203414917,-0.6381587386131287,-0.00025185145204886794,0.0006784718134440482,0.0006598077015951276,0.0,3.0,success
980,1.7868657112121582,-0.6371716260910034,-0.00024644422228448093,0.03235385939478874,0.032353416085243225,1.0,-3.0,success
981,1.7865501642227173,-0.6361638903617859,-0.00024640426272526383,0.03299948200583458,0.03299948200583458,1.0,-3.0,success
982,1.7862370014190674,-0.6351553797721863,-0.00024665636010468006,0.03300042077898979,0.03300042077898979,1.0,-3.0,success
983,1.7859255075454712,-0.6341463327407837,-0.0002468820894137025,0.03300100937485695,0.03300100937485695,1.0,3.0,success
984,1.785611629486084,-0.6331380605697632,-0.00024705351097509265,0.03299994021654129,0.03299994021654129,1.0,3.0,success
985,1.7852957248687744,-0.6321303248405457,-0.0002471851767040789,0.0330028235912323,0.0330028235912323,1.0,0.0,success
986,1.7849801778793335,-0.6311225891113281,-0.0002472908527124673,0.03299948200583458,0.03299948200583458,1.0,-3.0,success
987,1.7849739789962769,-0.6311025023460388,-0.00025227272999472916,0.0006751181790605187,0.0006569224642589688,0.0,3.0,success
988,1.7846581935882568,-0.6300950050354004,-0.00024669375852681696,0.032995063811540604,0.032994598150253296,1.0,0.0,success
989,1.784342646598816,-0.6290872693061829,-0.00024668994592502713,0.03299948200583458,0.03299948200583458,1.0,-3.0,success
990,1.7840287685394287,-0.6280790567398071,-0.000246898882323876,0.03299816697835922,0.032998163253068924,1.0,3.0,success
991,1.7837131023406982,-0.6270712614059448,-0.00024705653777346015,0.033002372831106186,0.033002372831106186,1.0,-3.0,success
992,1.783399224281311,-0.6260630488395691,-0.0002472024061717093,0.032998163253068924,0.032998163253068924,1.0,3.0,success
993,1.7833929061889648,-0.6260430216789246,-0.00025219234521500766,0.0006745259161107242,0.0006562540074810386,0.0,3.0,success
994,1.7830802202224731,-0.6250564455986023,-0.0002467309241183102,0.03234238177537918,0.032341934740543365,1.0,3.0,success
995,1.7827589511871338,-0.624050498008728,-0.0002466316509526223,0.033000122755765915,0.033000122755765915,1.0,3.0,success
996,1.7824352979660034,-0.6230453252792358,-0.0002468384918756783,0.03299981728196144,0.03299981728196144,1.0,3.0,success
997,1.7821093797683716,-0.6220408082008362,-0.00024701800430193543,0.0330020897090435,0.033002085983753204,1.0,3.0,success
998,1.7821022272109985,-0.6220210194587708,-0.0002520451380405575,0.0006760592223145068,0.0006575532606802881,0.0,3.0,success
999,1.78177809715271,-0.6210381388664246,-0.0002466134319547564,0.03234252706170082,0.032342080026865005,1.0,3.0,success
1000,1.7814451456069946,-0.6200360059738159,-0.0002465382276568562,0.03299986571073532,0.03299986571073532,1.0,3.0,success
1001,1.7811100482940674,-0.6190345287322998,-0.0002467641024850309,0.03300163894891739,0.03300163894891739,1.0,3.0,success
1002,1.7811025381088257,-0.6190148591995239,-0.0002518415858503431,0.0006768162711523473,0.0006579541368409991,0.0,3.0,success
1003,1.7807693481445312,-0.6180350184440613,-0.00024645065423101187,0.03234235569834709,0.032341912388801575,1.0,3.0,success
1004,1.78042733669281,-0.6170359253883362,-0.00024640816263854504,0.03300033509731293,0.03300033509731293,1.0,3.0,success
1005,1.7800830602645874,-0.6160375475883484,-0.0002466601727064699,0.03300219774246216,0.03300219774246216,1.0,3.0,success
1006,1.780076026916504,-0.6160178780555725,-0.00025174664915539324,0.0006718609947711229,0.0006527873338200152,0.0,-3.0,success
1007,1.779732584953308,-0.6150195002555847,-0.00024628228857181966,0.032994143664836884,0.032993704080581665,1.0,0.0,success
1008,1.7793887853622437,-0.6140210032463074,-0.00024637189926579595,0.03300086408853531,0.03300086408853531,1.0,3.0,success
1009,1.7790428400039673,-0.6130232810974121,-0.00024663543445058167,0.03299987316131592,0.03299987316131592,1.0,3.0,success
1010,1.7786946296691895,-0.6120263338088989,-0.00024685601238161325,0.03300027176737785,0.033000268042087555,1.0,3.0,success
1011,1.7786868810653687,-0.6120067238807678,-0.00025191582972183824,0.0006776220980100334,0.0006589157856069505,0.0,3.0,success
1012,1.7783409357070923,-0.6110313534736633,-0.0002465099678374827,0.03234117850661278,0.03234073892235756,1.0,3.0,success
1013,1.7783337831497192,-0.6110117435455322,-0.0002513274666853249,0.000669448112603277,0.0006523008923977613,0.0,-3.0,success
1014,1.7779877185821533,-0.610036313533783,-0.00024603435304015875,0.032344162464141846,0.03234374150633812,1.0,3.0,success
1015,1.7776334285736084,-0.6090415716171265,-0.0002460639807395637,0.032998476177453995,0.032998476177453995,1.0,-3.0,success
1016,1.7772811651229858,-0.6080459356307983,-0.000246388663072139,0.03300361707806587,0.033003613352775574,1.0,0.0,success
1017,1.7769289016723633,-0.607050359249115,-0.00024665865930728614,0.0330018624663353,0.0330018624663353,1.0,0.0,success
1018,1.7765765190124512,-0.6060549020767212,-0.0002468805469106883,0.032999590039253235,0.032999590039253235,1.0,3.0,success
1019,1.776221752166748,-0.6050602793693542,-0.00024705249234102666,0.03299996629357338,0.03299996629357338,1.0,3.0,success
1020,1.776214838027954,-0.6050404906272888,-0.0002520607959013432,0.0006734956405125558,0.0006550581310875714,0.0,-3.0,success
1021,1.7758668661117554,-0.6040657162666321,-0.0002466364821884781,0.03234486281871796,0.03234441950917244,1.0,3.0,success
1022,1.7755101919174194,-0.6030717492103577,-0.0002465516736265272,0.033000752329826355,0.033000752329826355,1.0,0.0,success
1023,1.7751539945602417,-0.6020776629447937,-0.0002467692829668522,0.03299923241138458,0.03299923241138458,1.0,-3.0,success
1024,1.7751466035842896,-0.602057933807373,-0.00025185520644299686,0.0006772906635887921,0.0006583785288967192,0.0,3.0,success
1025,1.775146245956421,-0.6020581126213074,-0.00025134559837169945,2.0242005120962858e-05,1.2495002920331899e-05,0.0,3.0,success
1026,1.7747942209243774,-0.6010849475860596,-0.0002457539376337081,0.0323403961956501,0.032339926809072495,1.0,3.0,success
1027,1.77443265914917,-0.6000927090644836,-0.000245835748501122,0.033001892268657684,0.033001892268657684,1.0,3.0,success
1028,1.7740695476531982,-0.5991010665893555,-0.00024619061150588095,0.033001016825437546,0.03300101310014725,1.0,-3.0,success
1029,1.7737089395523071,-0.5981085896492004,-0.000246498646447435,0.0329987071454525,0.0329987071454525,1.0,-3.0,success
1030,1.7733498811721802,-0.5971155166625977,-0.0002467567683197558,0.03299972042441368,0.03299971669912338,1.0,3.0,success
1031,1.7729885578155518,-0.596123218536377,-0.00024695348110981286,0.033001095056533813,0.033001095056533813,1.0,3.0,success
1032,1.7726249694824219,-0.5951318144798279,-0.0002471105253789574,0.03299914672970772,0.03299914672970772,1.0,3.0,success
1033,1.7722597122192383,-0.5941409468650818,-0.00024722557282075286,0.03300141170620918,0.03300141170620918,1.0,-3.0,success
1034,1.7722522020339966,-0.5941212773323059,-0.00025222054682672024,0.000676216441206634,0.0006579541368409991,0.0,3.0,success
1035,1.7718933820724487,-0.5931505560874939,-0.0002467539452482015,0.03234158083796501,0.0323411263525486,1.0,3.0,success
1036,1.7715257406234741,-0.5921606421470642,-0.0002466398000251502,0.03299931436777115,0.03299931436777115,1.0,-3.0,success
1037,1.7711597681045532,-0.591170072555542,-0.00024685461539775133,0.033000413328409195,0.033000413328409195,1.0,3.0,success
1038,1.7707915306091309,-0.5901803374290466,-0.00024703110102564096,0.03300056606531143,0.03300056606531143,1.0,3.0,success
1039,1.7704216241836548,-0.5891912579536438,-0.00024716206826269627,0.03299959748983383,0.03299959748983383,1.0,-3.0,success
1040,1.770053505897522,-0.5882015228271484,-0.0002472870401106775,0.03299926593899727,0.03299926593899727,1.0,3.0,success
1041,1.7700457572937012,-0.5881819128990173,-0.0002522603899706155,0.0006769966566935182,0.0006589157856069505,0.0,3.0,success
1042,1.769680142402649,-0.5872136950492859,-0.0002467854355927557,0.032342616468667984,0.03234216570854187,1.0,3.0,success
1043,1.7693049907684326,-0.5862266421318054,-0.00024667553952895105,0.03299816697835922,0.03299816697835922,1.0,3.0,success
1044,1.7689274549484253,-0.585240364074707,-0.00024687376571819186,0.0330020934343338,0.0330020934343338,1.0,3.0,success
1045,1.768547773361206,-0.5842549800872803,-0.00024704638053663075,0.033000051975250244,0.033000051975250244,1.0,3.0,success
1046,1.768165946006775,-0.5832704305648804,-0.00024718520580790937,0.032999906688928604,0.032999906688928604,1.0,3.0,success
1047,1.7681580781936646,-0.5832511186599731,-0.0002521674323361367,0.0006700007943436503,0.0006516596185974777,0.0,-3.0,success
1048,1.767784595489502,-0.5822859406471252,-0.0002467088052071631,0.03234167769551277,0.03234122693538666,1.0,-3.0,success
1049,1.7674063444137573,-0.5813000202178955,-0.0002466144214849919,0.03299965709447861,0.03299965709447861,1.0,-3.0,success
1050,1.767398715019226,-0.5812804102897644,-0.00025171771994791925,0.0006766188307665288,0.0006575559382326901,0.0,3.0,success
1051,1.7670271396636963,-0.5803144574165344,-0.0002463507407810539,0.03234279900789261,0.03234236314892769,1.0,3.0,success
1052,1.7670209407806396,-0.5802972912788391,-0.0002512125065550208,0.0005902355769649148,0.000570346659515053,0.0,-3.0,success
1053,1.7666490077972412,-0.5793314576148987,-0.00024593062698841095,0.03234332054853439,0.03234289959073067,1.0,3.0,success
1054,1.7662674188613892,-0.5783467888832092,-0.0002459912502672523,0.03300068899989128,0.03300068899989128,1.0,3.0,success
1055,1.7658836841583252,-0.5773629546165466,-0.00024632649729028344,0.033000681549310684,0.033000681549310684,1.0,3.0,success
1056,1.7654982805252075,-0.5763797760009766,-0.0002465976867824793,0.03300059586763382,0.03300059214234352,1.0,-3.0,success
1057,1.7651153802871704,-0.5753956437110901,-0.0002468247839715332,0.03299989178776741,0.03299989178776741,1.0,-3.0,success
1058,1.7647347450256348,-0.574410617351532,-0.00024700717767700553,0.03300035372376442,0.03300035372376442,1.0,-3.0,success
1059,1.7643557786941528,-0.5734249353408813,-0.0002471634070388973,0.03300071507692337,0.03300071507692337,1.0,3.0,success
1060,1.7639745473861694,-0.5724401473999023,-0.00024727859999984503,0.03300012648105621,0.03300012648105621,1.0,3.0,success
1061,1.7635910511016846,-0.571456253528595,-0.0002473704516887665,0.032999712973833084,0.032999712973833084,1.0,3.0,success
1062,1.7632052898406982,-0.5704732537269592,-0.000247444084379822,0.032999470829963684,0.032999470829963684,1.0,3.0,success
1063,1.7628178596496582,-0.5694908499717712,-0.00024749222211539745,0.03300123289227486,0.03300122916698456,1.0,-3.0,success
1064,1.7624322175979614,-0.5685077905654907,-0.00024755115737207234,0.03299984335899353,0.03299984335899353,1.0,3.0,success
1065,1.7620450258255005,-0.567525327205658,-0.0002475784276612103,0.03300023078918457,0.03300023078918457,1.0,-3.0,success
1066,1.7616595029830933,-0.5665422677993774,-0.00024762004613876343,0.03299848362803459,0.03299848362803459,1.0,3.0,success
1067,1.7612723112106323,-0.5655597448348999,-0.00024763360852375627,0.033001963049173355,0.033001963049173355,1.0,-3.0,success
1068,1.7608875036239624,-0.5645763874053955,-0.0002476535737514496,0.03299900144338608,0.03299900144338608,1.0,-3.0,success
1069,1.7605050802230835,-0.5635920763015747,-0.0002476701920386404,0.03299970552325249,0.03299970552325249,1.0,-3.0,success
1070,1.7601242065429688,-0.5626071691513062,-0.0002476935042068362,0.032999563962221146,0.032999563962221146,1.0,3.0,success
1071,1.7601165771484375,-0.562587559223175,-0.0002525848976802081,0.0006750887259840965,0.0006575559382326901,0.0,3.0,success
1072,1.7597384452819824,-0.5616241693496704,-0.00024704475072212517,0.03234237805008888,0.03234191611409187,1.0,3.0,success
1073,1.7593510150909424,-0.5606418251991272,-0.0002468724560458213,0.03299950063228607,0.03299949690699577,1.0,-3.0,success
1074,1.7593439817428589,-0.5606220364570618,-0.0002519118716008961,0.0006749261519871652,0.0006562963244505227,0.0,-3.0,success
1075,1.7589664459228516,-0.5596544146537781,-0.0002464998106006533,0.032458726316690445,0.03245828300714493,1.0,3.0,success
1076,1.7585804462432861,-0.5586714744567871,-0.00024646378005854785,0.033000461757183075,0.033000461757183075,1.0,3.0,success
1077,1.7581921815872192,-0.5576894283294678,-0.0002467049635015428,0.033000413328409195,0.033000413328409195,1.0,3.0,success
1078,1.7578016519546509,-0.5567082762718201,-0.00024691125145182014,0.03300053998827934,0.03300053998827934,1.0,3.0,success
1079,1.7574089765548706,-0.555728018283844,-0.0002470770268701017,0.03299945965409279,0.03299945965409279,1.0,3.0,success
1080,1.757400393486023,-0.5557087659835815,-0.00025209251907654107,0.0006771055050194263,0.00065871566766873,0.0,3.0,success
1081,1.757009744644165,-0.5547447204589844,-0.00024661546922288835,0.0325063094496727,0.032505862414836884,1.0,-3.0,success
1082,1.7570016384124756,-0.5547253489494324,-0.000251456571277231,0.0006734376074746251,0.0006562249618582428,0.0,3.0,success
1083,1.7566115856170654,-0.5537619590759277,-0.00024609777028672397,0.03248031064867973,0.03247987851500511,1.0,-3.0,success
1084,1.756217360496521,-0.5527823567390442,-0.00024615469737909734,0.03299849107861519,0.03299849107861519,1.0,3.0,success
1085,1.7558214664459229,-0.5518033504486084,-0.00024644803488627076,0.03300073370337486,0.033000729978084564,1.0,-3.0,success
1086,1.7554271221160889,-0.5508236885070801,-0.0002467152080498636,0.033001609146595,0.033001609146595,1.0,3.0,success
1087,1.7550312280654907,-0.5498446822166443,-0.00024691008729860187,0.033000729978084564,0.033000729978084564,1.0,-3.0,success
1088,1.754637598991394,-0.5488647818565369,-0.000247075135121122,0.03300018608570099,0.03300018608570099,1.0,-3.0,success
1089,1.7546300888061523,-0.5488452315330505,-0.0002521005808375776,0.000673053553327918,0.0006544752395711839,0.0,3.0,success
1090,1.75424325466156,-0.5478852987289429,-0.0002466574078425765,0.03234248608350754,0.03234203904867172,1.0,3.0,success
1091,1.7538464069366455,-0.5469067096710205,-0.0002465727156959474,0.032999832183122635,0.032999832183122635,1.0,3.0,success
1092,1.75344717502594,-0.5459290742874146,-0.0002467911981511861,0.033000312745571136,0.03300030902028084,1.0,3.0,success
1093,1.753045678138733,-0.5449523329734802,-0.00024698011111468077,0.033001288771629333,0.033001288771629333,1.0,3.0,success
1094,1.7530370950698853,-0.5449331402778625,-0.00025201484095305204,0.0006755908252671361,0.0006570148980244994,0.0,3.0,success
1095,1.7526369094848633,-0.54397052526474,-0.0002465429133735597,0.03257812187075615,0.032577674835920334,1.0,-3.0,success
1096,1.752233624458313,-0.5429946184158325,-0.00024652533465996385,0.032998476177453995,0.032998476177453995,1.0,3.0,success
1097,1.7522258758544922,-0.542975127696991,-0.00025162691599689424,0.0006745622376911342,0.000655452604405582,0.0,-3.0,success
1098,1.7522258758544922,-0.542975127696991,-0.0002511618658900261,1.4532814930134919e-05,0.0,0.0,-3.0,success
1099,1.751832365989685,-0.5420178771018982,-0.000245617120526731,0.03234351426362991,0.032343048602342606,1.0,3.0,success
1100,1.7514293193817139,-0.5410417318344116,-0.0002457166265230626,0.03300251439213753,0.03300251439213753,1.0,-3.0,success
1101,1.751028060913086,-0.5400649309158325,-0.0002461156982462853,0.03300018608570099,0.03300018236041069,1.0,3.0,success
1102,1.7506245374679565,-0.5390890836715698,-0.00024644017685204744,0.03299960121512413,0.03299959748983383,1.0,3.0,success
1103,1.7506159543991089,-0.5390698313713074,-0.0002515831438358873,0.000678038748446852,0.00065871566766873,0.0,3.0,success
1104,1.7502135038375854,-0.5381076335906982,-0.0002461950352881104,0.03259331360459328,0.032592881470918655,1.0,-3.0,success
1105,1.749808669090271,-0.5371323227882385,-0.00024623892386443913,0.03299979493021965,0.03299979493021965,1.0,-3.0,success
1106,1.7494053840637207,-0.5361562967300415,-0.00024653595755808055,0.033001918345689774,0.033001918345689774,1.0,3.0,success
1107,1.7489999532699585,-0.5351812243461609,-0.00024677618057467043,0.03300006315112114,0.03300006315112114,1.0,3.0,success
1108,1.7489914894104004,-0.5351619720458984,-0.0002518515975680202,0.0006760753458365798,0.0006572076235897839,0.0,3.0,success
1109,1.7489910125732422,-0.5351622104644775,-0.0002513422805350274,2.3040827727527358e-05,1.6660003893775865e-05,0.0,3.0,success
1110,1.748586893081665,-0.5342094302177429,-0.0002457512018736452,0.032342374324798584,0.03234190121293068,1.0,3.0,success
1111,1.7481722831726074,-0.5332381725311279,-0.0002458337985444814,0.03300158306956291,0.03300158306956291,1.0,3.0,success
1112,1.747755527496338,-0.5322678685188293,-0.0002461998665239662,0.033000580966472626,0.03300057724118233,1.0,3.0,success
1113,1.7473372220993042,-0.5312982797622681,-0.0002464963763486594,0.032999198883771896,0.0329991951584816,1.0,-3.0,success
1114,1.7469205856323242,-0.5303279161453247,-0.0002467547601554543,0.03300081938505173,0.03300081938505173,1.0,3.0,success
1115,1.7469117641448975,-0.5303087830543518,-0.00025183515390381217,0.0006772705819457769,0.000658399541862309,0.0,3.0,success
1116,1.7464988231658936,-0.529359757900238,-0.00024644509539939463,0.032343342900276184,0.032342903316020966,1.0,3.0,success
1117,1.746075987815857,-0.5283921360969543,-0.0002463927958160639,0.0329991951584816,0.0329991951584816,1.0,-3.0,success
1118,1.7456549406051636,-0.5274237394332886,-0.0002466572041157633,0.03299906477332115,0.03299906477332115,1.0,3.0,success
1119,1.7456461191177368,-0.5274046063423157,-0.00025175625341944396,0.0006774075445719063,0.000658399541862309,0.0,3.0,success
1120,1.7452287673950195,-0.5264575481414795,-0.0002463820273987949,0.032342322170734406,0.032341890037059784,1.0,3.0,success
1121,1.7452261447906494,-0.5264514684677124,-0.0002512915525585413,0.00025758781703189015,0.00020691295503638685,0.0,-3.0,success
1122,1.7448084354400635,-0.525504469871521,-0.00024594221031293273,0.03234512358903885,0.03234469145536423,1.0,3.0,success
1123,1.7443808317184448,-0.5245389342308044,-0.0002459876413922757,0.03299952670931816,0.03299952670931816,1.0,-3.0,success
1124,1.7439556121826172,-0.5235723257064819,-0.00024632218992337584,0.03300011530518532,0.03300011157989502,1.0,-3.0,success
1125,1.7435320615768433,-0.5226049423217773,-0.00024661494535394013,0.03300132602453232,0.03300132602453232,1.0,3.0,success
1126,1.7431062459945679,-0.5216386318206787,-0.0002468400925863534,0.03299909830093384,0.03299909457564354,1.0,3.0,success
1127,1.742678165435791,-0.5206732153892517,-0.0002470198960509151,0.033002156764268875,0.033002156764268875,1.0,3.0,success
1128,1.7422479391098022,-0.5197088718414307,-0.00024716381449252367,0.03299877420067787,0.03299877420067787,1.0,3.0,success
1129,1.7418155670166016,-0.5187454223632812,-0.0002472790365573019,0.033000655472278595,0.033000655472278595,1.0,3.0,success
1130,1.741381287574768,-0.5177827477455139,-0.0002473655331414193,0.033003032207489014,0.033003032207489014,1.0,0.0,success
1131,1.7409467697143555,-0.5168203115463257,-0.0002474459179211408,0.03299930691719055,0.03299930691719055,1.0,3.0,success
1132,1.7405102252960205,-0.5158587694168091,-0.0002475049113854766,0.032999973744153976,0.032999973744153976,1.0,3.0,success
1133,1.7400715351104736,-0.5148981809616089,-0.00024755194317549467,0.0330006405711174,0.0330006405711174,1.0,3.0,success
1134,1.7400619983673096,-0.5148794651031494,-0.00025247232406400144,0.0006741914548911154,0.0006564231589436531,0.0,3.0,success
1135,1.739621877670288,-0.5139255523681641,-0.0002468711754772812,0.03283016011118889,0.03282969072461128,1.0,-3.0,success
1136,1.7391812801361084,-0.5129657983779907,-0.00024682379444129765,0.03300173953175545,0.03300173953175545,1.0,3.0,success
1137,1.7387385368347168,-0.5120071172714233,-0.00024699579807929695,0.03299933299422264,0.03299933299422264,1.0,3.0,success
1138,1.7382943630218506,-0.5110490918159485,-0.00024713313905522227,0.03299951180815697,0.03299951180815697,1.0,-3.0,success
1139,1.7378523349761963,-0.5100899934768677,-0.000247253046836704,0.03300181031227112,0.03300181031227112,1.0,-3.0,success
1140,1.7374120950698853,-0.5091301798820496,-0.00024736011982895434,0.03299877792596817,0.03299877792596817,1.0,3.0,success
1141,1.7369695901870728,-0.5081713199615479,-0.00024743605172261596,0.033001285046339035,0.03300128132104874,1.0,3.0,success
1142,1.7365249395370483,-0.5072135329246521,-0.0002474965003784746,0.03299902752041817,0.03299902752041817,1.0,3.0,success
1143,1.7365161180496216,-0.5071946382522583,-0.00025241647381335497,0.0006695332704111934,0.0006516409921459854,0.0,-3.0,success
1144,1.7360808849334717,-0.5062556862831116,-0.000246908311964944,0.032341696321964264,0.03234123811125755,1.0,-3.0,success
1145,1.7356395721435547,-0.5052963495254517,-0.00024677428882569075,0.03299923241138458,0.032999228686094284,1.0,-3.0,success
1146,1.7356314659118652,-0.5052769184112549,-0.00025183410616591573,0.0006766768055967987,0.0006579436012543738,0.0,-3.0,success
1147,1.7351950407028198,-0.5043187141418457,-0.00024637082242406905,0.03290392458438873,0.032903481274843216,1.0,3.0,success
1148,1.734755277633667,-0.5033586025238037,-0.00024642422795295715,0.03300103172659874,0.03300103172659874,1.0,3.0,success
1149,1.73431396484375,-0.502399206161499,-0.00024666570243425667,0.033000923693180084,0.033000919967889786,1.0,-3.0,success
1150,1.7338749170303345,-0.5014387965202332,-0.0002468789753038436,0.03300020098686218,0.033000197261571884,1.0,-3.0,success
1151,1.7334381341934204,-0.5004773736000061,-0.0002470507170073688,0.032999660819768906,0.032999660819768906,1.0,-3.0,success
1152,1.73300302028656,-0.49951520562171936,-0.0002471980988048017,0.03299933671951294,0.03299933671951294,1.0,3.0,success
1153,1.7325661182403564,-0.4985537827014923,-0.00024729646975174546,0.03300120308995247,0.03300120308995247,1.0,-3.0,success
1154,1.7321308851242065,-0.49759164452552795,-0.0002473942586220801,0.033000025898218155,0.033000025898218155,1.0,3.0,success
1155,1.732122778892517,-0.49757227301597595,-0.00025233489577658474,0.0006741431425325572,0.0006562249618582428,0.0,-3.0,success
1156,1.7316887378692627,-0.49661368131637573,-0.0002467749291099608,0.032884154468774796,0.032883696258068085,1.0,3.0,success
1157,1.7316796779632568,-0.4965946674346924,-0.0002516277600079775,0.0006754335481673479,0.0006581887719221413,0.0,3.0,success
1158,1.731248378753662,-0.4956538677215576,-0.00024626770755276084,0.03234264627099037,0.03234220668673515,1.0,3.0,success
1159,1.7308061122894287,-0.49469494819641113,-0.00024626089725643396,0.032999858260154724,0.032999854534864426,1.0,3.0,success
1160,1.7303617000579834,-0.49373701214790344,-0.0002465420984663069,0.03300011530518532,0.03300011157989502,1.0,3.0,success
1161,1.7299150228500366,-0.49278005957603455,-0.0002467810991220176,0.033002112060785294,0.033002112060785294,1.0,3.0,success
1162,1.7294663190841675,-0.4918241500854492,-0.0002469730388838798,0.0329994335770607,0.0329994335770607,1.0,3.0,success
1163,1.7290154695510864,-0.4908692240715027,-0.00024712661979719996,0.03300018981099129,0.03300018981099129,1.0,3.0,success
1164,1.7285624742507935,-0.48991528153419495,-0.00024724952527321875,0.033001113682985306,0.03300110995769501,1.0,3.0,success
1165,1.7281074523925781,-0.488962322473526,-0.0002473478380125016,0.03300058841705322,0.03300058841705322,1.0,3.0,success
1166,1.7280974388122559,-0.48894381523132324,-0.0002523093135096133,0.0006756116636097431,0.0006575803272426128,0.0,3.0,success
1167,1.727647066116333,-0.4880119264125824,-0.00024682460934855044,0.03234461694955826,0.032344162464141846,1.0,3.0,success
1168,1.7271854877471924,-0.48706212639808655,-0.000246707524638623,0.03300056979060173,0.03300056979060173,1.0,3.0,success
1169,1.7267218828201294,-0.4861133098602295,-0.00024689966812729836,0.03300068527460098,0.03300068527460098,1.0,3.0,success
1170,1.7262568473815918,-0.48516523838043213,-0.00024705581017769873,0.0329994261264801,0.0329994261264801,1.0,-3.0,success
1171,1.7257941961288452,-0.48421600461006165,-0.00024719088105484843,0.03299933299422264,0.03299933299422264,1.0,-3.0,success
1172,1.7253332138061523,-0.4832659363746643,-0.00024731052690185606,0.032999973744153976,0.032999973744153976,1.0,3.0,success
1173,1.7248706817626953,-0.48231661319732666,-0.00024738608044572175,0.03300021216273308,0.03300020843744278,1.0,-3.0,success
1174,1.724409818649292,-0.48136648535728455,-0.0002474661741871387,0.033000025898218155,0.033000025898218155,1.0,3.0,success
1175,1.7244008779525757,-0.48134753108024597,-0.0002523924922570586,0.0006727604777552187,0.0006549098179675639,0.0,-3.0,success
1176,1.7244006395339966,-0.48134759068489075,-0.0002517799148336053,2.062611747533083e-05,7.679882401134819e-06,0.0,0.0,success
1177,1.7244008779525757,-0.48134756088256836,-0.00025098142214119434,2.605811823741533e-05,7.508562248403905e-06,0.0,-3.0,success
1178,1.7244006395339966,-0.48134759068489075,-0.00025033712154254317,2.1488885977305472e-05,7.508562248403905e-06,0.0,0.0,success
1179,1.7239508628845215,-0.4804154932498932,-0.00024493748787790537,0.032342370599508286,0.03234193101525307,1.0,3.0,success
1180,1.723489761352539,-0.47946545481681824,-0.0002451825130265206,0.03300076350569725,0.03300076350569725,1.0,3.0,success
1181,1.7230265140533447,-0.47851648926734924,-0.00024567890795879066,0.03299997001886368,0.03299996629357338,1.0,3.0,success
1182,1.7225611209869385,-0.47756853699684143,-0.00024609072715975344,0.03300100937485695,0.03300100564956665,1.0,3.0,success
1183,1.7220937013626099,-0.4766216576099396,-0.0002464209101162851,0.03299890086054802,0.03299890086054802,1.0,3.0,success
1184,1.721624732017517,-0.4756755232810974,-0.0002466738224029541,0.03299950435757637,0.03299950063228607,1.0,-3.0,success
1185,1.721157431602478,-0.474728524684906,-0.0002468967577442527,0.03300059214234352,0.03300059214234352,1.0,3.0,success
1186,1.720687985420227,-0.47378256916999817,-0.00024706582189537585,0.033001117408275604,0.033001117408275604,1.0,3.0,success
1187,1.7202165126800537,-0.4728376567363739,-0.00024720068904571235,0.033000148832798004,0.033000148832798004,1.0,3.0,success
1188,1.7197428941726685,-0.4718938171863556,-0.0002473086060490459,0.033000171184539795,0.033000171184539795,1.0,3.0,success
1189,1.7192678451538086,-0.470950722694397,-0.0002473836939316243,0.03299944847822189,0.03299944847822189,1.0,-3.0,success
1190,1.7187950611114502,-0.47000643610954285,-0.0002474532520864159,0.033000972121953964,0.033000972121953964,1.0,-3.0,success
1191,1.718324065208435,-0.46906131505966187,-0.0002475203073117882,0.03299933299422264,0.03299933299422264,1.0,3.0,success
1192,1.7178515195846558,-0.46811696887016296,-0.0002475538640283048,0.03299930319190025,0.03299930319190025,1.0,-3.0,success
1193,1.7173805236816406,-0.4671718180179596,-0.00024760031374171376,0.033000167459249496,0.033000167459249496,1.0,3.0,success
1194,1.7169073820114136,-0.46622776985168457,-0.0002476281370036304,0.03299931809306145,0.03299931809306145,1.0,3.0,success
1195,1.716431975364685,-0.4652847647666931,-0.0002476501394994557,0.033001985400915146,0.033001985400915146,1.0,3.0,success
1196,1.7164313793182373,-0.4652847349643707,-0.00025264042778871953,0.00015705770056229085,1.864972000475973e-05,0.0,0.0,success
1197,1.7159631252288818,-0.4643617272377014,-0.0002470035688020289,0.032343924045562744,0.03234344720840454,1.0,3.0,success
1198,1.7154834270477295,-0.4634209871292114,-0.00024684667005203664,0.03299950063228607,0.03299950063228607,1.0,3.0,success
1199,1.7150015830993652,-0.4624813199043274,-0.00024701052461750805,0.03300017863512039,0.03300017863512039,1.0,3.0,success
1200,1.7149912118911743,-0.46246305108070374,-0.0002520387643016875,0.0006750253378413618,0.0006564820068888366,0.0,3.0,success
1201,1.7145146131515503,-0.46154433488845825,-0.00024660793133080006,0.032343603670597076,0.03234315663576126,1.0,3.0,success
1202,1.7140262126922607,-0.46060803532600403,-0.0002465341240167618,0.033000823110342026,0.033000823110342026,1.0,3.0,success
1203,1.7135357856750488,-0.45967280864715576,-0.0002467609301675111,0.03300046548247337,0.03300046548247337,1.0,3.0,success
1204,1.7130439281463623,-0.4587383568286896,-0.0002469448954798281,0.03299982100725174,0.03299982100725174,1.0,-3.0,success
1205,1.7125543355941772,-0.4578026533126831,-0.0002471022598911077,0.03300156816840172,0.03300156816840172,1.0,-3.0,success
1206,1.7120665311813354,-0.4568661153316498,-0.00024723962997086346,0.03299882262945175,0.03299882262945175,1.0,3.0,success
1207,1.7115765810012817,-0.4559306800365448,-0.000247339834459126,0.032999325543642044,0.032999321818351746,1.0,3.0,success
1208,1.7110843658447266,-0.45499634742736816,-0.0002474196662660688,0.03300173580646515,0.03300173208117485,1.0,3.0,success
1209,1.710590124130249,-0.45406314730644226,-0.00024748360738158226,0.03300001844763756,0.03300001844763756,1.0,3.0,success
1210,1.7100944519042969,-0.45313072204589844,-0.00024752371245995164,0.03299957886338234,0.03299957886338234,1.0,-3.0,success
1211,1.7096004486083984,-0.45219743251800537,-0.00024757639039307833,0.03299900144338608,0.03299900144338608,1.0,3.0,success
1212,1.709104299545288,-0.45126521587371826,-0.00024760927772149444,0.033000823110342026,0.033000823110342026,1.0,3.0,success
1213,1.7086060047149658,-0.4503341317176819,-0.0002476352674420923,0.03300117328763008,0.03300117328763008,1.0,3.0,success
1214,1.7085963487625122,-0.45031648874282837,-0.0002525303862057626,0.0006468630162999034,0.0006285150884650648,0.0,-3.0,success
1215,1.708596110343933,-0.4503166377544403,-0.00025188110885210335,2.2110538338893093e-05,8.786078979028389e-06,0.0,-3.0,success
1216,1.7081096172332764,-0.4494030177593231,-0.0002461923286318779,0.032346535474061966,0.03234604373574257,1.0,3.0,success
1217,1.7076114416122437,-0.44847193360328674,-0.0002461876138113439,0.03299941495060921,0.03299941495060921,1.0,3.0,success
1218,1.707111120223999,-0.4475419521331787,-0.0002464829885866493,0.03300075605511665,0.033000752329826355,1.0,3.0,success
1219,1.7071013450622559,-0.4475245475769043,-0.0002516095992177725,0.0006440491415560246,0.0006238053902052343,0.0,-3.0,success
1220,1.7066015005111694,-0.4465954005718231,-0.0002461771946400404,0.03297116234898567,0.03297073021531105,1.0,3.0,success
1221,1.7060999870300293,-0.4456660747528076,-0.0002462682023178786,0.033000387251377106,0.033000387251377106,1.0,-3.0,success
1222,1.7060894966125488,-0.44564783573150635,-0.00025144487153738737,0.0006771296029910445,0.0006575215957127512,0.0,3.0,success
1223,1.7055974006652832,-0.44473737478256226,-0.0002461326075717807,0.032342251390218735,0.03234182670712471,1.0,3.0,success
1224,1.7050936222076416,-0.44380924105644226,-0.00024614291032776237,0.03300131484866142,0.03300131484866142,1.0,-3.0,success
1225,1.7045915126800537,-0.442880243062973,-0.00024645731900818646,0.03300022333860397,0.03300022333860397,1.0,3.0,success
1226,1.7040873765945435,-0.4419523775577545,-0.0002467134327162057,0.03299928084015846,0.03299928084015846,1.0,3.0,success
1227,1.7040767669677734,-0.4419342279434204,-0.0002518016844987869,0.0006759418174624443,0.0006569732795469463,0.0,3.0,success
1228,1.7035781145095825,-0.4410272240638733,-0.000246418290771544,0.032345473766326904,0.032345034182071686,1.0,3.0,success
1229,1.703067421913147,-0.4401029646396637,-0.0002463821729179472,0.032998912036418915,0.032998908311128616,1.0,3.0,success
1230,1.7025551795959473,-0.43917950987815857,-0.0002466282167006284,0.03300036862492561,0.033000364899635315,1.0,-3.0,success
1231,1.7020444869995117,-0.4382551610469818,-0.0002468594757374376,0.033001355826854706,0.033001355826854706,1.0,3.0,success
1232,1.7015324831008911,-0.4373316168785095,-0.0002470252220518887,0.032999198883771896,0.032999198883771896,1.0,-3.0,success
1233,1.7015321254730225,-0.4373314082622528,-0.0002521504939068109,0.000160686468007043,1.2938346117152832e-05,0.0,0.0,success
1234,1.7010324001312256,-0.4364250898361206,-0.00024660053895786405,0.032342907041311264,0.032342441380023956,1.0,-3.0,success
1235,1.7005243301391602,-0.4354993402957916,-0.0002465345896780491,0.033000167459249496,0.033000167459249496,1.0,3.0,success
1236,1.7000142335891724,-0.4345747232437134,-0.00024676084285601974,0.03299969062209129,0.03299969062209129,1.0,3.0,success
1237,1.699501872062683,-0.433651328086853,-0.0002469556638970971,0.03300054371356964,0.03300054371356964,1.0,3.0,success
1238,1.6989874839782715,-0.4327290952205658,-0.00024711235892027617,0.032999590039253235,0.032999590039253235,1.0,3.0,success
1239,1.6984715461730957,-0.4318076968193054,-0.00024722691159695387,0.03300045430660248,0.03300045430660248,1.0,-3.0,success
1240,1.6979572772979736,-0.4308854043483734,-0.00024733899044804275,0.03299940750002861,0.03299940750002861,1.0,3.0,success
1241,1.6979488134384155,-0.430869996547699,-0.0002523061993997544,0.0005708668613806367,0.0005493579665198922,0.0,-3.0,success
1242,1.6974347829818726,-0.4299485385417938,-0.0002467238809913397,0.03297346457839012,0.03297300264239311,1.0,3.0,success
1243,1.6969184875488281,-0.4290273189544678,-0.00024671602295711637,0.033001042902469635,0.033001042902469635,1.0,3.0,success
1244,1.696400761604309,-0.42810696363449097,-0.0002468992315698415,0.03299937769770622,0.03299937769770622,1.0,-3.0,success
1245,1.6958847045898438,-0.42718565464019775,-0.00024707638658583164,0.03299983963370323,0.03299983963370323,1.0,3.0,success
1246,1.6953670978546143,-0.4262651801109314,-0.00024719873908907175,0.033000800758600235,0.033000800758600235,1.0,-3.0,success
1247,1.6948511600494385,-0.4253438115119934,-0.00024731637677177787,0.03299964219331741,0.03299964219331741,1.0,3.0,success
1248,1.6943330764770508,-0.4244236350059509,-0.00024740115622989833,0.03299999237060547,0.03299998864531517,1.0,3.0,success
1249,1.6943247318267822,-0.42440879344940186,-0.0002523581497371197,0.0005541716236621141,0.0005320811178535223,0.0,-3.0,success
1250,1.6938174962997437,-0.4235066771507263,-0.0002468446036800742,0.032342348247766495,0.032341890037059784,1.0,-3.0,success
1251,1.6933019161224365,-0.42258504033088684,-0.00024673325242474675,0.03300149738788605,0.03300149738788605,1.0,3.0,success
1252,1.692784309387207,-0.42166462540626526,-0.000246920099016279,0.032999176532030106,0.03299917280673981,1.0,3.0,success
1253,1.6922645568847656,-0.4207453727722168,-0.0002470831968821585,0.03300047293305397,0.03300047293305397,1.0,3.0,success
1254,1.692253589630127,-0.4207274615764618,-0.0002520974667277187,0.0006747645093128085,0.0006563180941157043,0.0,3.0,success
1255,1.691739797592163,-0.41982898116111755,-0.00024665470118634403,0.03234456107020378,0.032344114035367966,1.0,3.0,success
1256,1.691213607788086,-0.41891342401504517,-0.0002465714351274073,0.03299977257847786,0.03299976885318756,1.0,3.0,success
1257,1.6906852722167969,-0.4179990291595459,-0.0002467906742822379,0.03300178050994873,0.03300178050994873,1.0,3.0,success
1258,1.6901556253433228,-0.4170854985713959,-0.00024696876062080264,0.032998934388160706,0.032998934388160706,1.0,-3.0,success
1259,1.6896275281906128,-0.41617101430892944,-0.00024713261518627405,0.03300047293305397,0.03300047293305397,1.0,3.0,success
1260,1.6890974044799805,-0.41525769233703613,-0.00024725444382056594,0.03300077095627785,0.03300077095627785,1.0,3.0,success
1261,1.6885652542114258,-0.41434556245803833,-0.00024735156330280006,0.03300042450428009,0.03300042450428009,1.0,3.0,success
1262,1.6880310773849487,-0.41343462467193604,-0.00024742929963395,0.033000241965055466,0.033000241965055466,1.0,3.0,success
1263,1.6874948740005493,-0.41252484917640686,-0.00024749155272729695,0.03300102800130844,0.03300102800130844,1.0,3.0,success
1264,1.6869566440582275,-0.4116162657737732,-0.0002475413784850389,0.03300116956233978,0.03300116956233978,1.0,3.0,success
1265,1.6864171028137207,-0.41070854663848877,-0.00024756972561590374,0.03299885615706444,0.03299885615706444,1.0,-3.0,success
1266,1.6858792304992676,-0.40979981422424316,-0.0002476133231539279,0.03299948200583458,0.03299948200583458,1.0,3.0,success
1267,1.685339331626892,-0.40889227390289307,-0.0002476389636285603,0.03299976512789726,0.03299976512789726,1.0,3.0,success
1268,1.6847974061965942,-0.4079859256744385,-0.0002476591325830668,0.03300020843744278,0.03300020843744278,1.0,3.0,success
1269,1.684253454208374,-0.4070807993412018,-0.00024767531431280077,0.033000022172927856,0.03300001844763756,1.0,3.0,success
1270,1.6837074756622314,-0.4061768352985382,-0.0002476883237250149,0.03300158679485321,0.03300158679485321,1.0,3.0,success
1271,1.6836957931518555,-0.4061594307422638,-0.0002525816089473665,0.0006726694409735501,0.0006550581310875714,0.0,3.0,success
1272,1.683694839477539,-0.4061599671840668,-0.0002519264235161245,3.985486546298489e-05,3.4193617466371506e-05,0.0,3.0,success
1273,1.6831538677215576,-0.4052776098251343,-0.0002462186967022717,0.03234393522143364,0.03234344720840454,1.0,3.0,success
1274,1.6825999021530151,-0.4043785631656647,-0.0002462082775309682,0.0330003947019577,0.0330003947019577,1.0,3.0,success
1275,1.6820446252822876,-0.4034803807735443,-0.0002464882854837924,0.032998938113451004,0.032998934388160706,1.0,-3.0,success
1276,1.681491494178772,-0.4025808274745941,-0.0002467363956384361,0.03300020843744278,0.03300020471215248,1.0,-3.0,success
1277,1.6809399127960205,-0.4016802906990051,-0.00024694702005945146,0.03300107270479202,0.03300107270479202,1.0,3.0,success
1278,1.6803869009017944,-0.40078067779541016,-0.0002470953913871199,0.03299984335899353,0.03299984335899353,1.0,-3.0,success
1279,1.6798354387283325,-0.3998800814151764,-0.00024723366368561983,0.03300071507692337,0.03300071507692337,1.0,3.0,success
1280,1.6792818307876587,-0.3989807963371277,-0.00024733494501560926,0.0330008789896965,0.033000875264406204,1.0,3.0,success
1281,1.678726315498352,-0.39808276295661926,-0.0002474157081451267,0.03299889340996742,0.03299889340996742,1.0,3.0,success
1282,1.6781686544418335,-0.3971860110759735,-0.000247480405960232,0.03300020098686218,0.03300020098686218,1.0,3.0,success
1283,1.6776095628738403,-0.3962901532649994,-0.0002475211804267019,0.03300012648105621,0.03300012648105621,1.0,-3.0,success
1284,1.6770520210266113,-0.3953933119773865,-0.00024757435312494636,0.03300061076879501,0.033000607043504715,1.0,3.0,success
1285,1.6764931678771973,-0.3944973647594452,-0.0002475969376973808,0.03299855440855026,0.032998550683259964,1.0,-3.0,success
1286,1.6759363412857056,-0.3936000466346741,-0.00024762412067502737,0.03300147131085396,0.03300147131085396,1.0,-3.0,success
1287,1.6753811836242676,-0.39270180463790894,-0.0002476568042766303,0.03299855813384056,0.03299855813384056,1.0,3.0,success
1288,1.6748244762420654,-0.39180445671081543,-0.00024766314891166985,0.03300030156970024,0.03300030156970024,1.0,-3.0,success
1289,1.674269199371338,-0.3909061849117279,-0.00024768762523308396,0.033001311123371124,0.033001311123371124,1.0,3.0,success
1290,1.673711895942688,-0.39000922441482544,-0.00024769786978140473,0.03299983963370323,0.03299983963370323,1.0,3.0,success
1291,1.6731525659561157,-0.38911354541778564,-0.0002477058151271194,0.03299933299422264,0.03299933299422264,1.0,3.0,success
1292,1.6725910902023315,-0.3882191479206085,-0.00024771233438514173,0.033000972121953964,0.033000972121953964,1.0,3.0,success
1293,1.6720277070999146,-0.38732603192329407,-0.00024771768948994577,0.03299882635474205,0.03299882262945175,1.0,3.0,success
1294,1.6714621782302856,-0.3864341676235199,-0.00024772208416834474,0.033001609146595,0.033001609146595,1.0,3.0,success
1295,1.671450138092041,-0.3864169716835022,-0.00025260847178287804,0.0006735386559739709,0.0006560008623637259,0.0,3.0,success
1296,1.6708815097808838,-0.3855275809764862,-0.00024695671163499355,0.03298889845609665,0.032988425344228745,1.0,-3.0,success
1297,1.6703143119812012,-0.38463684916496277,-0.0002469144528731704,0.032999712973833084,0.032999709248542786,1.0,3.0,success
1298,1.6697449684143066,-0.3837474286556244,-0.0002470692852512002,0.03300125524401665,0.03300125524401665,1.0,3.0,success
1299,1.669174313545227,-0.38285890221595764,-0.0002471919287927449,0.032999854534864426,0.032999854534864426,1.0,-3.0,success
1300,1.6686052083969116,-0.3819693922996521,-0.00024731099256314337,0.032999590039253235,0.032999590039253235,1.0,3.0,success
1301,1.6680340766906738,-0.38108116388320923,-0.000247396994382143,0.033000074326992035,0.033000074326992035,1.0,3.0,success
1302,1.6674609184265137,-0.38019421696662903,-0.0002474654756952077,0.033000726252794266,0.033000726252794266,1.0,3.0,success
1303,1.6668858528137207,-0.3793085813522339,-0.00024752033641561866,0.032998740673065186,0.032998740673065186,1.0,3.0,success
1304,1.666873574256897,-0.37929150462150574,-0.0002524471783544868,0.0006750660832040012,0.0006572742131538689,0.0,3.0,success
1305,1.6663057804107666,-0.37842610478401184,-0.00024693459272384644,0.03234544396400452,0.032344985753297806,1.0,3.0,success
1306,1.665724515914917,-0.37754449248313904,-0.0002467955055180937,0.03299959376454353,0.03299959376454353,1.0,3.0,success
1307,1.6651413440704346,-0.3766641318798065,-0.0002469699829816818,0.03299982473254204,0.03299982473254204,1.0,3.0,success
1308,1.6651365756988525,-0.37665775418281555,-0.00025205459678545594,0.00029525160789489746,0.00024884965387172997,0.0,-3.0,success
1309,1.6645536422729492,-0.37577807903289795,-0.0002464790886733681,0.03297831118106842,0.03297784924507141,1.0,3.0,success
1310,1.663968563079834,-0.3748989403247833,-0.0002465193683747202,0.03300097957253456,0.03300097957253456,1.0,3.0,success
1311,1.6633816957473755,-0.374021053314209,-0.0002467531303409487,0.03299944847822189,0.03299944847822189,1.0,3.0,success
1312,1.6627928018569946,-0.3731444776058197,-0.00024695033789612353,0.03300066292285919,0.03300066292285919,1.0,3.0,success
1313,1.662202000617981,-0.3722691833972931,-0.0002471086336299777,0.03300074115395546,0.03300073742866516,1.0,3.0,success
1314,1.6616098880767822,-0.3713948428630829,-0.0002472235937602818,0.03299900144338608,0.03299900144338608,1.0,-3.0,success
1315,1.6610199213027954,-0.3705189824104309,-0.000247325049713254,0.03300083056092262,0.03300083056092262,1.0,-3.0,success
1316,1.6610084772109985,-0.37050142884254456,-0.0002522887953091413,0.0006729524466209114,0.000654831063002348,0.0,-3.0,success
1317,1.660422444343567,-0.3696237802505493,-0.0002467242011334747,0.03297922760248184,0.03297876566648483,1.0,3.0,success
1318,1.6598341464996338,-0.3687467575073242,-0.0002467177982907742,0.03300188109278679,0.03300188109278679,1.0,3.0,success
1319,1.6598303318023682,-0.36874112486839294,-0.0002518485998734832,0.00026627432089298964,0.00021258852211758494,0.0,-3.0,success
1320,1.6592543125152588,-0.36788126826286316,-0.00024639093317091465,0.03234308958053589,0.03234264254570007,1.0,-3.0,success
1321,1.6592538356781006,-0.36788102984428406,-0.00025134620955213904,0.0001557460054755211,1.6660003893775865e-05,0.0,3.0,success
1322,1.6586668491363525,-0.3670036792755127,-0.00024584325728937984,0.032988034188747406,0.03298758715391159,1.0,-3.0,success
1323,1.6586664915084839,-0.36700329184532166,-0.00025099641061387956,0.0001618767564650625,1.6476778910146095e-05,0.0,3.0,success
1324,1.6586666107177734,-0.3670031428337097,-0.00025055260630324483,1.5096615243237466e-05,5.963373951090034e-06,0.0,0.0,success
1325,1.6586664915084839,-0.36700329184532166,-0.0002500050177332014,1.8121456378139555e-05,5.963373951090034e-06,0.0,3.0,success
1326,1.6586662530899048,-0.3670034408569336,-0.00024955131812021136,1.667975084274076e-05,8.786078979028389e-06,0.0,3.0,success
1327,1.6580865383148193,-0.3661460876464844,-0.00024430244229733944,0.032342635095119476,0.03234221786260605,1.0,3.0,success
1328,1.6574934720993042,-0.3652723431587219,-0.0002446641447022557,0.033000312745571136,0.03300030902028084,1.0,-3.0,success
1329,1.6574821472167969,-0.36525464057922363,-0.00025014611310325563,0.0006786980666220188,0.0006567217642441392,0.0,-3.0,success
1330,1.6569048166275024,-0.3643956184387207,-0.0002450923784635961,0.03234420344233513,0.03234381973743439,1.0,-3.0,success
1331,1.6563175916671753,-0.36351796984672546,-0.000245332601480186,0.032999470829963684,0.032999467104673386,1.0,3.0,success
1332,1.6557282209396362,-0.36264172196388245,-0.0002457997761666775,0.03300048038363457,0.03300047665834427,1.0,3.0,success
1333,1.6551368236541748,-0.36176684498786926,-0.0002461870899423957,0.033000361174345016,0.03300035744905472,1.0,3.0,success
1334,1.655124545097351,-0.3617498278617859,-0.0002513810177333653,0.0006755512440577149,0.0006557627930305898,0.0,3.0,success
1335,1.654540777206421,-0.3608951270580292,-0.0002460813266225159,0.03234528377652168,0.03234485536813736,1.0,3.0,success
1336,1.6539431810379028,-0.36002451181411743,-0.0002461128169670701,0.032999347895383835,0.032999347895383835,1.0,3.0,success
1337,1.6533435583114624,-0.35915523767471313,-0.00024642387870699167,0.03300072252750397,0.03300072252750397,1.0,3.0,success
1338,1.6527419090270996,-0.3582873046398163,-0.000246686686296016,0.03300227224826813,0.03300227224826813,1.0,3.0,success
1339,1.6521384716033936,-0.3574207127094269,-0.00024689765996299684,0.032999735325574875,0.032999735325574875,1.0,3.0,success
1340,1.6515330076217651,-0.3565554618835449,-0.0002470664621796459,0.0330016203224659,0.0330016203224659,1.0,3.0,success
1341,1.6509257555007935,-0.355691522359848,-0.00024720150395296514,0.0330001562833786,0.0330001562833786,1.0,3.0,success
1342,1.650316596031189,-0.35482892394065857,-0.00024730953737162054,0.03300022333860397,0.03300022333860397,1.0,3.0,success
1343,1.6497055292129517,-0.3539676368236542,-0.00024739597574807703,0.033001214265823364,0.033001214265823364,1.0,3.0,success
1344,1.649092674255371,-0.3531076908111572,-0.0002474650973454118,0.032999441027641296,0.032999437302351,1.0,3.0,success
1345,1.6484779119491577,-0.35224905610084534,-0.00024752042372711003,0.03300074115395546,0.03300074115395546,1.0,3.0,success
1346,1.6484646797180176,-0.3522327244281769,-0.0002524474693927914,0.0006746607832610607,0.000656856398563832,0.0,3.0,success
1347,1.6484637260437012,-0.3522334098815918,-0.00025181935052387416,4.162089680903591e-05,3.670166915981099e-05,0.0,3.0,success
1348,1.6478557586669922,-0.35139578580856323,-0.0002461331314407289,0.03234443813562393,0.03234395012259483,1.0,3.0,success
1349,1.6478426456451416,-0.35137939453125,-0.0002510235062800348,0.000673537899274379,0.0006559711182489991,0.0,3.0,success
1350,1.6478418111801147,-0.35137996077537537,-0.00025066485977731645,3.3447595342295244e-05,3.1513951398665085e-05,0.0,3.0,success
1351,1.6472282409667969,-0.3505464494228363,-0.0002452085609547794,0.03234396502375603,0.03234351426362991,1.0,3.0,success
1352,1.6466002464294434,-0.3496975004673004,-0.0002454003260936588,0.03299934044480324,0.03299934044480324,1.0,3.0,success
1353,1.6459702253341675,-0.34884992241859436,-0.00024585347273387015,0.03300265222787857,0.03300265222787857,1.0,3.0,success
1354,1.6453384160995483,-0.3480037450790405,-0.0002462306001689285,0.03300093486905098,0.03300093114376068,1.0,3.0,success
1355,1.6447054147720337,-0.3471585810184479,-0.00024652149295434356,0.03299788385629654,0.03299788013100624,1.0,-3.0,success
1356,1.6440738439559937,-0.3463122248649597,-0.00024677501642145216,0.03300095722079277,0.03300095349550247,1.0,3.0,success
1357,1.6434403657913208,-0.34546729922294617,-0.0002469685859978199,0.03300085663795471,0.03300085663795471,1.0,3.0,success
1358,1.6434270143508911,-0.34545108675956726,-0.00025200602249242365,0.0006749425665475428,0.0006563279894180596,0.0,3.0,success
1359,1.642802357673645,-0.3446258306503296,-0.000246581737883389,0.032344475388526917,0.0323440283536911,1.0,3.0,success
1360,1.6421635150909424,-0.3437849283218384,-0.0002465020806994289,0.03300148621201515,0.03300148621201515,1.0,-3.0,success
1361,1.641526222229004,-0.34294289350509644,-0.00024674469023011625,0.03300042450428009,0.03300042450428009,1.0,3.0,success
1362,1.6408871412277222,-0.3421022593975067,-0.0002469434402883053,0.032999321818351746,0.032999321818351746,1.0,3.0,success
1363,1.640246033668518,-0.341263085603714,-0.00024710281286388636,0.03300141543149948,0.03300141170620918,1.0,3.0,success
1364,1.6396031379699707,-0.3404253423213959,-0.0002472303749527782,0.03299988806247711,0.03299988806247711,1.0,3.0,success
1365,1.639589548110962,-0.3404093384742737,-0.0002522153372410685,0.0006743466365151107,0.0006561066838912666,0.0,3.0,success
1366,1.639588713645935,-0.34040993452072144,-0.0002516335225664079,3.684468538267538e-05,3.2046158594312146e-05,0.0,3.0,success
1367,1.6395881175994873,-0.340410441160202,-0.0002508690522518009,3.418083724682219e-05,2.4446108000120148e-05,0.0,3.0,success
1368,1.6389509439468384,-0.33959487080574036,-0.0002453579509165138,0.032343003898859024,0.03234254568815231,1.0,3.0,success
1369,1.63893723487854,-0.33957886695861816,-0.000250402808887884,0.0006771321641281247,0.0006585240480490029,0.0,3.0,success
1370,1.6389366388320923,-0.33957934379577637,-0.00025016823201440275,2.4954475520644337e-05,2.3853495804360136e-05,0.0,3.0,success
1371,1.6389366388320923,-0.33957934379577637,-0.00024968566140159965,1.5080330740602221e-05,0.0,0.0,-3.0,success
1372,1.638284683227539,-0.3387528359889984,-0.0002443381818011403,0.03289705887436867,0.03289663791656494,1.0,3.0,success
1373,1.6376287937164307,-0.33792516589164734,-0.00024478285922668874,0.0330013744533062,0.0330013707280159,1.0,3.0,success
1374,1.636971116065979,-0.33709895610809326,-0.0002453630731906742,0.0330003947019577,0.033000390976667404,1.0,3.0,success
1375,1.6363115310668945,-0.33627423644065857,-0.00024583848426118493,0.03300116956233978,0.033001165837049484,1.0,3.0,success
1376,1.6356501579284668,-0.3354509770870209,-0.0002462193660903722,0.033000506460666656,0.033000506460666656,1.0,3.0,success
1377,1.635649561882019,-0.3354509472846985,-0.00025149041903205216,0.00016577279893681407,1.864972000475973e-05,0.0,-3.0,success
1378,1.6349884271621704,-0.3346281945705414,-0.0002459934039507061,0.032983943819999695,0.03298350051045418,1.0,3.0,success
1379,1.6349743604660034,-0.33461248874664307,-0.00025101369828917086,0.0006773023051209748,0.0006588821997866035,0.0,3.0,success
1380,1.6343225240707397,-0.3338085412979126,-0.0002457771042827517,0.032344117760658264,0.03234370797872543,1.0,3.0,success
1381,1.6336555480957031,-0.3329898416996002,-0.00024586915969848633,0.03299985080957413,0.03299985080957413,1.0,3.0,success
1382,1.6329867839813232,-0.33217260241508484,-0.0002462292031850666,0.03299984708428383,0.03299984335899353,1.0,3.0,success
1383,1.6323161125183105,-0.33135685324668884,-0.0002465311554260552,0.03300163894891739,0.03300163894891739,1.0,3.0,success
1384,1.6316436529159546,-0.33054256439208984,-0.0002467733866069466,0.03300195559859276,0.03300195559859276,1.0,3.0,success
1385,1.630969524383545,-0.32972973585128784,-0.000246967189013958,0.033000048249959946,0.033000048249959946,1.0,3.0,success
1386,1.6309551000595093,-0.3297143876552582,-0.0002520050620660186,0.0006767687737010419,0.0006582025671377778,0.0,3.0,success
1387,1.6302908658981323,-0.32892072200775146,-0.0002465813304297626,0.032342489808797836,0.03234204649925232,1.0,3.0,success
1388,1.6302764415740967,-0.3289053738117218,-0.00025139632634818554,0.0006751824985258281,0.0006582025671377778,0.0,3.0,success
1389,1.629608392715454,-0.328114777803421,-0.00024607955128885806,0.03234577924013138,0.032345354557037354,1.0,3.0,success
1390,1.6289254426956177,-0.32730934023857117,-0.00024609954562038183,0.03300021216273308,0.03300020843744278,1.0,-3.0,success
1391,1.6282440423965454,-0.32650265097618103,-0.0002464228018652648,0.032998789101839066,0.03299878537654877,1.0,3.0,success
1392,1.628243327140808,-0.3265027403831482,-0.00025165907572954893,0.00016517670883331448,2.2525686290464364e-05,0.0,0.0,success
1393,1.6275743246078491,-0.32571306824684143,-0.0002462063275743276,0.03234301134943962,0.03234256058931351,1.0,-3.0,success
1394,1.6268937587738037,-0.3249055743217468,-0.00024620903423056006,0.03300118446350098,0.03300118446350098,1.0,-3.0,success
1395,1.6268936395645142,-0.32490524649620056,-0.00025148363783955574,0.00016519142081961036,1.090085061150603e-05,0.0,0.0,success
1396,1.6262279748916626,-0.32411277294158936,-0.00024607733939774334,0.032342664897441864,0.03234221786260605,1.0,3.0,success
1397,1.6262279748916626,-0.32411229610443115,-0.0002510733902454376,0.00015683607489336282,1.4901160284352954e-05,0.0,-3.0,success
1398,1.6255486011505127,-0.3233044147491455,-0.0002456441870890558,0.03298689052462578,0.03298645466566086,1.0,3.0,success
1399,1.6248672008514404,-0.3224976360797882,-0.00024585003848187625,0.033000919967889786,0.033000919967889786,1.0,3.0,success
1400,1.624184012413025,-0.32169240713119507,-0.0002462174161337316,0.03300005942583084,0.03300005942583084,1.0,3.0,success
1401,1.6234991550445557,-0.320888489484787,-0.00024651599233038723,0.03300262242555618,0.033002618700265884,1.0,0.0,success
1402,1.6228142976760864,-0.32008475065231323,-0.00024676643079146743,0.03299836814403534,0.03299836441874504,1.0,3.0,success
1403,1.6221275329589844,-0.31928256154060364,-0.00024696148466318846,0.03300025314092636,0.03300024941563606,1.0,3.0,success
1404,1.6221270561218262,-0.31928250193595886,-0.0002520837588235736,0.0001607739250175655,1.501712449680781e-05,0.0,-3.0,success
1405,1.6214405298233032,-0.3184807598590851,-0.0002464677672833204,0.03298526257276535,0.03298479691147804,1.0,3.0,success
1406,1.620751976966858,-0.31768009066581726,-0.0002465097641106695,0.03300059586763382,0.03300059586763382,1.0,3.0,success
1407,1.6200616359710693,-0.3168809413909912,-0.00024674530141055584,0.03300109878182411,0.03300109878182411,1.0,3.0,success
1408,1.619369626045227,-0.31608331203460693,-0.0002469440223649144,0.032999321818351746,0.032999321818351746,1.0,3.0,success
1409,1.618675708770752,-0.31528720259666443,-0.0002471035113558173,0.033002592623233795,0.033002592623233795,1.0,3.0,success
1410,1.6186610460281372,-0.31527218222618103,-0.0002521139685995877,0.0006743864505551755,0.0006559579051099718,0.0,3.0,success
1411,1.6186602115631104,-0.31527289748191833,-0.00025155264302156866,3.8565704016946256e-05,3.4345477615715936e-05,0.0,3.0,success
1412,1.617963194847107,-0.3144822120666504,-0.00024581991601735353,0.03293946385383606,0.03293897956609726,1.0,-3.0,success
1413,1.6172667741775513,-0.31368836760520935,-0.0002459728275425732,0.03300080820918083,0.03300080820918083,1.0,-3.0,success
1414,1.6165716648101807,-0.3128933608531952,-0.00024632466374896467,0.0330011360347271,0.0330011323094368,1.0,3.0,success
1415,1.6158748865127563,-0.3120999336242676,-0.00024660740746185184,0.03299838304519653,0.03299838304519653,1.0,3.0,success
1416,1.6151760816574097,-0.3113081157207489,-0.0002468338352628052,0.03300248086452484,0.03300248086452484,1.0,3.0,success
1417,1.6144756078720093,-0.31051790714263916,-0.0002470150648150593,0.03299936652183533,0.03299936652183533,1.0,3.0,success
1418,1.6144609451293945,-0.3105028569698334,-0.0002520430425647646,0.0006751621840521693,0.0006566246738657355,0.0,3.0,success
1419,1.6144603490829468,-0.31050339341163635,-0.0002514956286177039,3.034153087355662e-05,2.5059325707843527e-05,0.0,3.0,success
1420,1.6137686967849731,-0.309733510017395,-0.0002458740200381726,0.03234238550066948,0.032341908663511276,1.0,3.0,success
1421,1.6130609512329102,-0.30894967913627625,-0.0002459323441144079,0.0330023467540741,0.0330023467540741,1.0,3.0,success
1422,1.6123515367507935,-0.308167427778244,-0.00024627885431982577,0.03300074115395546,0.03300073742866516,1.0,3.0,success
1423,1.6116403341293335,-0.3073867857456207,-0.0002465707075316459,0.033001113682985306,0.033001113682985306,1.0,3.0,success
1424,1.6109274625778198,-0.3066076934337616,-0.0002468049351591617,0.033000510185956955,0.033000510185956955,1.0,3.0,success
1425,1.6102129220962524,-0.3058301508426666,-0.0002469923347234726,0.03300006687641144,0.03300006315112114,1.0,3.0,success
1426,1.6094965934753418,-0.3050541877746582,-0.00024714224855415523,0.0330016165971756,0.0330016165971756,1.0,3.0,success
1427,1.608778715133667,-0.30427980422973633,-0.000247262156335637,0.03299827128648758,0.03299827128648758,1.0,3.0,success
1428,1.6087777614593506,-0.30428022146224976,-0.00025233038468286395,0.00016168820729944855,3.2529696909477934e-05,0.0,0.0,success
1429,1.6080724000930786,-0.3035227358341217,-0.0002467557496856898,0.03234563767910004,0.03234516829252243,1.0,3.0,success
1430,1.6073510646820068,-0.3027515411376953,-0.00024664890952408314,0.03299896419048309,0.032998960465192795,1.0,3.0,success
1431,1.6066279411315918,-0.3019818961620331,-0.0002468526945449412,0.0330018512904644,0.0330018512904644,1.0,3.0,success
1432,1.6066126823425293,-0.30196747183799744,-0.0002519126865081489,0.0006749531603418291,0.0006561694317497313,0.0,3.0,success
1433,1.6059006452560425,-0.30121633410453796,-0.00024650743580423295,0.03234388306736946,0.03234344348311424,1.0,3.0,success
1434,1.6058852672576904,-0.3012019097805023,-0.000251337158260867,0.0006759470561519265,0.0006588815595023334,0.0,3.0,success
1435,1.6051697731018066,-0.3004540801048279,-0.00024603219935670495,0.032343510538339615,0.03234308585524559,1.0,3.0,success
1436,1.6044378280639648,-0.299692839384079,-0.0002460730029270053,0.033001404255628586,0.033001404255628586,1.0,3.0,success
1437,1.6044223308563232,-0.2996785342693329,-0.0002512753999326378,0.0006788264727219939,0.0006590710836462677,0.0,3.0,success
1438,1.6036880016326904,-0.29892027378082275,-0.0002458896196912974,0.03298655152320862,0.032986119389534,1.0,-3.0,success
1439,1.6029551029205322,-0.29815998673439026,-0.0002460498653817922,0.033000603318214417,0.033000603318214417,1.0,-3.0,success
1440,1.602223515510559,-0.2973983883857727,-0.00024638738250359893,0.033001720905303955,0.03300171718001366,1.0,3.0,success
1441,1.6014902591705322,-0.29663851857185364,-0.0002466576697770506,0.03299897909164429,0.03299897536635399,1.0,3.0,success
1442,1.600755214691162,-0.2958802878856659,-0.00024687405675649643,0.03300100564956665,0.03300100564956665,1.0,3.0,success
1443,1.6007548570632935,-0.29588016867637634,-0.000252014200668782,0.00016106088878586888,1.1780402019212488e-05,0.0,-3.0,success
1444,1.600019931793213,-0.2951223850250244,-0.00024641150957904756,0.03298885002732277,0.03298838809132576,1.0,3.0,success
1445,1.6000046730041504,-0.29510796070098877,-0.0002513483341317624,0.0006740617682226002,0.0006561694317497313,0.0,3.0,success
1446,1.599280834197998,-0.294368177652359,-0.00024604465579614043,0.03234412148594856,0.03234369680285454,1.0,3.0,success
1447,1.5985409021377563,-0.2936147153377533,-0.00024607201339676976,0.033001016825437546,0.033001016825437546,1.0,-3.0,success
1448,1.5978024005889893,-0.2928599417209625,-0.0002464007120579481,0.032998986542224884,0.032998986542224884,1.0,3.0,success
1449,1.597062110900879,-0.29210683703422546,-0.0002466682926751673,0.0330008789896965,0.0330008789896965,1.0,3.0,success
1450,1.5963201522827148,-0.2913554012775421,-0.0002468827005941421,0.03300033137202263,0.03300033137202263,1.0,3.0,success
1451,1.5955764055252075,-0.2906056344509125,-0.000247054296778515,0.033002566546201706,0.033002566546201706,1.0,3.0,success
1452,1.594831109046936,-0.28985753655433655,-0.00024719160865060985,0.03299972042441368,0.03299972042441368,1.0,3.0,success
1453,1.5940841436386108,-0.28911107778549194,-0.0002473015047144145,0.03300032764673233,0.03300032764673233,1.0,3.0,success
1454,1.593335509300232,-0.28836625814437866,-0.00024738942738622427,0.033001091331243515,0.033001091331243515,1.0,3.0,success
1455,1.5925853252410889,-0.2876230776309967,-0.0002474597713444382,0.032999370247125626,0.032999370247125626,1.0,3.0,success
1456,1.591833472251892,-0.28688153624534607,-0.000247516087256372,0.03300045058131218,0.03300045058131218,1.0,3.0,success
1457,1.5910799503326416,-0.28614160418510437,-0.000247561139985919,0.0330023467540741,0.0330023467540741,1.0,3.0,success
1458,1.5910639762878418,-0.28612786531448364,-0.0002524798037484288,0.0006761274416930974,0.0006584239308722317,0.0,3.0,success
1459,1.5903223752975464,-0.2854059338569641,-0.00024696128093637526,0.03234318271279335,0.03234272077679634,1.0,3.0,success
1460,1.5895639657974243,-0.2846711575984955,-0.00024681686772964895,0.032999187707901,0.032999187707901,1.0,3.0,success
1461,1.5888038873672485,-0.28393805027008057,-0.00024698718334548175,0.033000435680150986,0.033000435680150986,1.0,3.0,success
1462,1.5880427360534668,-0.2832060754299164,-0.0002471257175784558,0.03300003334879875,0.03300003334879875,1.0,-3.0,success
1463,1.5872828960418701,-0.28247272968292236,-0.0002472582273185253,0.033000245690345764,0.033000245690345764,1.0,3.0,success
1464,1.5865213871002197,-0.28174102306365967,-0.0002473550266586244,0.03300228342413902,0.03300228342413902,1.0,3.0,success
1465,1.5857583284378052,-0.28101104497909546,-0.00024743209360167384,0.03299986198544502,0.032999858260154724,1.0,3.0,success
1466,1.5849937200546265,-0.28028273582458496,-0.0002474937937222421,0.03299887850880623,0.03299887850880623,1.0,3.0,success
1467,1.5849928855895996,-0.280283123254776,-0.00025251551414839923,0.00015954067930579185,2.8750577257596888e-05,0.0,0.0,success
1468,1.5849921703338623,-0.2802838981151581,-0.00025178815121762455,4.003240974270739e-05,3.295355782029219e-05,0.0,3.0,success
1469,1.5842398405075073,-0.2795731723308563,-0.0002461044059600681,0.0323428250849247,0.0323423333466053,1.0,3.0,success
1470,1.5842238664627075,-0.27955955266952515,-0.0002509999612811953,0.0006736036739312112,0.0006560008623637259,0.0,3.0,success
1471,1.5834680795669556,-0.2788523733615875,-0.00024576144642196596,0.03234554082155228,0.032345131039619446,1.0,3.0,success
1472,1.5826952457427979,-0.27813276648521423,-0.00024585629580542445,0.03299956023693085,0.03299956023693085,1.0,3.0,success
1473,1.581920862197876,-0.27741482853889465,-0.0002462188131175935,0.032999541610479355,0.032999537885189056,1.0,3.0,success
1474,1.5811448097229004,-0.27669861912727356,-0.0002465228026267141,0.033001143485307693,0.033001139760017395,1.0,3.0,success
1475,1.581128478050232,-0.27668532729148865,-0.00025164970429614186,0.0006772542838007212,0.0006580305634997785,0.0,3.0,success
1476,1.58036470413208,-0.27598676085472107,-0.0002462969860062003,0.032346002757549286,0.032345570623874664,1.0,3.0,success
1477,1.5795838832855225,-0.2752758860588074,-0.00024628551909700036,0.03299834206700325,0.03299834206700325,1.0,3.0,success
1478,1.5795674324035645,-0.2752626836299896,-0.0002514453371986747,0.0006786067388020456,0.000659171782899648,0.0,3.0,success
1479,1.5795671939849854,-0.2752629518508911,-0.00025100595667026937,1.772845098457765e-05,1.1214608093723655e-05,0.0,-3.0,success
1480,1.5787850618362427,-0.27455368638038635,-0.00024538967409171164,0.0329953171312809,0.03299485146999359,1.0,0.0,success
1481,1.578002691268921,-0.2738444209098816,-0.00024564334307797253,0.03300037235021591,0.03300037235021591,1.0,3.0,success
1482,1.5772192478179932,-0.2731364071369171,-0.00024604107602499425,0.032998982816934586,0.03299897909164429,1.0,-3.0,success
1483,1.5772185325622559,-0.2731366455554962,-0.0002513680956326425,0.00016812840476632118,2.3560804038424976e-05,0.0,3.0,success
1484,1.5764503479003906,-0.2724429666996002,-0.000245981034822762,0.03234529122710228,0.03234484791755676,1.0,3.0,success
1485,1.5756648778915405,-0.2717372179031372,-0.00024602835765108466,0.032998643815517426,0.032998643815517426,1.0,3.0,success
1486,1.5748777389526367,-0.27103322744369507,-0.0002463559794705361,0.03300080448389053,0.03300080448389053,1.0,3.0,success
1487,1.5740890502929688,-0.2703310251235962,-0.00024663229123689234,0.032999731600284576,0.03299972787499428,1.0,3.0,success
1488,1.573298692703247,-0.2696305811405182,-0.00024685406242497265,0.033002231270074844,0.033002231270074844,1.0,3.0,success
1489,1.5725069046020508,-0.26893186569213867,-0.0002470315375830978,0.03299993276596069,0.03299993276596069,1.0,3.0,success
1490,1.572506308555603,-0.2689320743083954,-0.00025213995832018554,0.000160853291163221,1.9734370653168298e-05,0.0,-3.0,success
1491,1.5717308521270752,-0.26824668049812317,-0.00024659530026838183,0.03234228491783142,0.03234182298183441,1.0,-3.0,success
1492,1.5709409713745117,-0.26754575967788696,-0.0002465308934915811,0.033000968396663666,0.033000968396663666,1.0,3.0,success
1493,1.5701500177383423,-0.2668461203575134,-0.0002467476006131619,0.03299950808286667,0.03299950808286667,1.0,-3.0,success
1494,1.5693607330322266,-0.2661445438861847,-0.0002469441678840667,0.033000648021698,0.033000648021698,1.0,-3.0,success
1495,1.5685726404190063,-0.2654416263103485,-0.0002471129992045462,0.03300069272518158,0.03300069272518158,1.0,3.0,success
1496,1.5685566663742065,-0.2654280960559845,-0.0002521213027648628,0.0006726528517901897,0.0006541915936395526,0.0,3.0,success
1497,1.5677810907363892,-0.26474279165267944,-0.00024667356046848,0.03234320878982544,0.032342761754989624,1.0,3.0,success
1498,1.5669878721237183,-0.2640455961227417,-0.00024658613256178796,0.0330020897090435,0.0330020897090435,1.0,3.0,success
1499,1.5661931037902832,-0.263350248336792,-0.00024680219939909875,0.03300043195486069,0.03300043195486069,1.0,3.0,success
1500,1.565396785736084,-0.26265665888786316,-0.00024698907509446144,0.033000778406858444,0.033000778406858444,1.0,3.0,success
1501,1.5645989179611206,-0.2619648873806,-0.00024713936727494,0.03300006687641144,0.03300006687641144,1.0,3.0,success
1502,1.5637999773025513,-0.2612743675708771,-0.00024724833201617,0.03299981728196144,0.03299981728196144,1.0,-3.0,success
1503,1.5630022287368774,-0.2605823874473572,-0.00024735621991567314,0.033001527190208435,0.033001527190208435,1.0,3.0,success
1504,1.562203049659729,-0.25989219546318054,-0.00024743328685872257,0.03299875929951668,0.03299875929951668,1.0,3.0,success
1505,1.561402678489685,-0.2592032849788666,-0.0002474835200700909,0.033000823110342026,0.033000823110342026,1.0,-3.0,success
1506,1.5614019632339478,-0.25920355319976807,-0.00025252168416045606,0.00015924207400530577,2.3871669327490963e-05,0.0,3.0,success
1507,1.5606023073196411,-0.25851455330848694,-0.00024679829948581755,0.032986193895339966,0.032985709607601166,1.0,-3.0,success
1508,1.5606017112731934,-0.2585146129131317,-0.00025176091003231704,0.00015620725753251463,1.8719350919127464e-05,0.0,3.0,success
1509,1.5598173141479492,-0.2578394114971161,-0.0002462843549437821,0.032343458384275436,0.032343003898859024,1.0,3.0,success
1510,1.559015154838562,-0.25715258717536926,-0.00024627012317068875,0.03300075605511665,0.03300075605511665,1.0,3.0,success
1511,1.5582114458084106,-0.2564676105976105,-0.0002465491706971079,0.033000074326992035,0.033000074326992035,1.0,3.0,success
1512,1.5574061870574951,-0.2557844817638397,-0.00024678665795363486,0.032999563962221146,0.032999563962221146,1.0,3.0,success
1513,1.5565998554229736,-0.25510263442993164,-0.00024696634500287473,0.03299926593899727,0.03299926221370697,1.0,-3.0,success
1514,1.555794596672058,-0.25441932678222656,-0.00024713066522963345,0.033003177493810654,0.033003177493810654,1.0,3.0,success
1515,1.5557780265808105,-0.2544064521789551,-0.00025213570916093886,0.0006741413963027298,0.0006557463202625513,0.0,3.0,success
1516,1.554970622062683,-0.2537265121936798,-0.00024657929316163063,0.03298690542578697,0.03298644721508026,1.0,-3.0,success
1517,1.5541640520095825,-0.2530449628829956,-0.000246612005867064,0.0329989418387413,0.0329989418387413,1.0,3.0,success
1518,1.5533558130264282,-0.25236526131629944,-0.00024682722869329154,0.0330016054213047,0.033001601696014404,1.0,3.0,success
1519,1.5533555746078491,-0.2523651421070099,-0.0002519763947930187,0.00016112689627334476,8.330001946887933e-06,0.0,-3.0,success
1520,1.552547574043274,-0.2516857385635376,-0.00024638077593408525,0.03299036994576454,0.03298990800976753,1.0,3.0,success
1521,1.5525308847427368,-0.25167298316955566,-0.00025132400332950056,0.0006743546691723168,0.0006564231589436531,0.0,3.0,success
1522,1.5517356395721436,-0.2510104775428772,-0.0002460251562297344,0.032345738261938095,0.03234530985355377,1.0,3.0,success
1523,1.5509226322174072,-0.25033658742904663,-0.00024606732768006623,0.03299959376454353,0.03299959376454353,1.0,3.0,success
1524,1.550905704498291,-0.2503240406513214,-0.0002512707724235952,0.0006782366544939578,0.0006584555376321077,0.0,3.0,success
1525,1.5509052276611328,-0.25032469630241394,-0.0002508772595319897,2.8161508453194983e-05,2.5334713427582756e-05,0.0,3.0,success
1526,1.5509047508239746,-0.2503252923488617,-0.00025026407092809677,3.059700975427404e-05,2.3853495804360136e-05,0.0,3.0,success
1527,1.5509042739868164,-0.2503258287906647,-0.00024975897395052016,2.7426505766925402e-05,2.242921618744731e-05,0.0,3.0,success
1528,1.5500880479812622,-0.24966277182102203,-0.000244381109951064,0.032863032072782516,0.032862599939107895,1.0,-3.0,success
1529,1.549269437789917,-0.2489956170320511,-0.0002448212180752307,0.03300121799111366,0.033001214265823364,1.0,3.0,success
1530,1.5484497547149658,-0.24832980334758759,-0.00024538327124901116,0.033000778406858444,0.03300077095627785,1.0,-3.0,success
1531,1.5476312637329102,-0.24766260385513306,-0.00024586383369751275,0.03299921378493309,0.03299921005964279,1.0,3.0,success
1532,1.546811580657959,-0.24699676036834717,-0.00024622923228889704,0.033001359552145004,0.033001359552145004,1.0,-3.0,success
1533,1.5459935665130615,-0.24632900953292847,-0.00024653063155710697,0.03299855440855026,0.03299855440855026,1.0,-3.0,success
1534,1.5451765060424805,-0.24565988779067993,-0.000246782205067575,0.03300260007381439,0.03300260007381439,1.0,3.0,success
1535,1.5451765060424805,-0.24565939605236053,-0.0002519416739232838,0.00016196402430068702,1.5366822481155396e-05,0.0,-3.0,success
1536,1.544359564781189,-0.24499070644378662,-0.00024635292356833816,0.03299162536859512,0.032991163432598114,1.0,3.0,success
1537,1.5435409545898438,-0.2443237006664276,-0.00024641802883706987,0.03299827501177788,0.03299827501177788,1.0,3.0,success
1538,1.5427206754684448,-0.24365857243537903,-0.00024667158140800893,0.03300173580646515,0.03300173580646515,1.0,3.0,success
1539,1.5418989658355713,-0.24299532175064087,-0.0002468847669661045,0.032999586313962936,0.032999586313962936,1.0,3.0,success
1540,1.5410757064819336,-0.24233391880989075,-0.0002470558974891901,0.033001091331243515,0.033001091331243515,1.0,3.0,success
1541,1.5410752296447754,-0.2423340380191803,-0.00025215939967893064,0.00016022237832657993,1.5359764802269638e-05,0.0,-3.0,success
1542,1.5402523279190063,-0.2416728287935257,-0.000246527575654909,0.032989054918289185,0.03298858553171158,1.0,3.0,success
1543,1.5394281148910522,-0.24101269245147705,-0.0002465469588059932,0.032999567687511444,0.032999567687511444,1.0,-3.0,success
1544,1.538604974746704,-0.24035108089447021,-0.00024678450427018106,0.03300227224826813,0.03300226852297783,1.0,3.0,success
1545,1.5377804040908813,-0.23969130218029022,-0.0002469754545018077,0.033001311123371124,0.033001311123371124,1.0,3.0,success
1546,1.5377633571624756,-0.2396790236234665,-0.0002520113193895668,0.0006751162000000477,0.0006565183284692466,0.0,3.0,success
1547,1.5369523763656616,-0.23903602361679077,-0.00024658601614646614,0.03234289214015007,0.03234244883060455,1.0,3.0,success
1548,1.5361231565475464,-0.23838207125663757,-0.000246516487095505,0.033001821488142014,0.033001821488142014,1.0,3.0,success
1549,1.535292625427246,-0.2377299666404724,-0.0002467467566020787,0.03299831971526146,0.03299831971526146,1.0,3.0,success
1550,1.5344605445861816,-0.2370796948671341,-0.0002469449827913195,0.0330011211335659,0.0330011211335659,1.0,3.0,success
1551,1.5344599485397339,-0.237079918384552,-0.00025207060389220715,0.00016140623483806849,1.989305928873364e-05,0.0,-3.0,success
1552,1.533628225326538,-0.23642981052398682,-0.0002464566787239164,0.03298962861299515,0.03298916295170784,1.0,3.0,success
1553,1.5336275100708008,-0.23643021285533905,-0.00025147435371764004,0.00015888565394561738,2.564521309977863e-05,0.0,0.0,success
1554,1.5328112840652466,-0.23579388856887817,-0.0002460478281136602,0.0323428139090538,0.03234236687421799,1.0,-3.0,success
1555,1.5328104496002197,-0.23579418659210205,-0.00025107021792791784,0.00015937360876705498,2.7690210117725655e-05,0.0,3.0,success
1556,1.5319942235946655,-0.23515793681144714,-0.00024572820984758437,0.032341368496418,0.03234093636274338,1.0,3.0,success
1557,1.531159520149231,-0.23451094329357147,-0.00024582541664130986,0.03300287574529648,0.03300287574529648,1.0,3.0,success
1558,1.5311423540115356,-0.23449887335300446,-0.00025107699912041426,0.0006759967072866857,0.000655773445032537,0.0,3.0,success
1559,1.5311418771743774,-0.2344994693994522,-0.0002507221943233162,2.6304471248295158e-05,2.3853495804360136e-05,0.0,3.0,success
1560,1.5303198099136353,-0.2338707447052002,-0.0002452550979796797,0.032342150807380676,0.03234170004725456,1.0,3.0,success
1561,1.529479742050171,-0.2332308292388916,-0.0002454264904372394,0.03300103172659874,0.03300103172659874,1.0,-3.0,success
1562,1.5294773578643799,-0.2332298755645752,-0.0002508524339646101,0.0001875903399195522,8.024520502658561e-05,0.0,3.0,success
1563,1.528653860092163,-0.23260295391082764,-0.00024557681172154844,0.03234347701072693,0.0323430597782135,1.0,3.0,success
1564,1.5278123617172241,-0.23196493089199066,-0.0002456948859617114,0.03300083801150322,0.03300083801150322,1.0,-3.0,success
1565,1.5269719362258911,-0.23132547736167908,-0.00024609884712845087,0.03300118073821068,0.03300118073821068,1.0,3.0,success
1566,1.5261300802230835,-0.2306879460811615,-0.00024642673088237643,0.03300046920776367,0.03300046548247337,1.0,3.0,success
1567,1.5261293649673462,-0.23068754374980927,-0.00025165436090901494,0.0001653641083976254,2.564521309977863e-05,0.0,-3.0,success
1568,1.526128888130188,-0.23068812489509583,-0.00025110607384704053,2.9076309147058055e-05,2.3491676984122023e-05,0.0,3.0,success
1569,1.525302529335022,-0.23006503283977509,-0.00024555870913900435,0.032342515885829926,0.03234205022454262,1.0,3.0,success
1570,1.5244576930999756,-0.22943146526813507,-0.0002456798974890262,0.03300029784440994,0.03300029784440994,1.0,3.0,success
1571,1.5236117839813232,-0.2287992388010025,-0.0002460658724885434,0.03300202265381813,0.03300201892852783,1.0,-3.0,success
1572,1.5227670669555664,-0.22816553711891174,-0.0002464097342453897,0.03299983590841293,0.032999832183122635,1.0,3.0,success
1573,1.5219213962554932,-0.22753317654132843,-0.0002466655569151044,0.03299856185913086,0.03299856185913086,1.0,-3.0,success
1574,1.5210766792297363,-0.22689937055110931,-0.0002468900347594172,0.03300178796052933,0.03300178423523903,1.0,3.0,success
1575,1.5202306509017944,-0.226267471909523,-0.00024706023395992815,0.03299887105822563,0.03299887105822563,1.0,3.0,success
1576,1.5193835496902466,-0.22563697397708893,-0.0002471853222232312,0.032999586313962936,0.03299958258867264,1.0,-3.0,success
1577,1.5185375213623047,-0.22500500082969666,-0.00024730569566600025,0.033000264316797256,0.033000264316797256,1.0,3.0,success
1578,1.5176900625228882,-0.22437496483325958,-0.00024739265791140497,0.03299993649125099,0.03299993649125099,1.0,3.0,success
1579,1.5168410539627075,-0.22374685108661652,-0.00024746195413172245,0.033003054559230804,0.033003054559230804,1.0,3.0,success
1580,1.5159912109375,-0.22312010824680328,-0.0002475064538884908,0.032998573035001755,0.032998573035001755,1.0,-3.0,success
1581,1.5159744024276733,-0.22310766577720642,-0.0002524333249311894,0.0006714133778586984,0.0006535218562930822,0.0,-3.0,success
1582,1.5159740447998047,-0.22310814261436462,-0.00025181862292811275,2.6757188607007265e-05,1.862645149230957e-05,0.0,3.0,success
1583,1.5159741640090942,-0.22310800850391388,-0.0002510070626158267,2.597374259494245e-05,5.607304046861827e-06,0.0,-3.0,success
1584,1.5151312351226807,-0.22248078882694244,-0.00024540501181036234,0.03283429145812988,0.032833825796842575,1.0,3.0,success
1585,1.5142825841903687,-0.2218524068593979,-0.00024562663747929037,0.032999057322740555,0.032999057322740555,1.0,3.0,success
1586,1.5134328603744507,-0.22122539579868317,-0.000246026465902105,0.033000554889440536,0.03300055116415024,1.0,-3.0,success
1587,1.5125842094421387,-0.22059690952301025,-0.0002463783312123269,0.03300099819898605,0.033000994473695755,1.0,3.0,success
1588,1.5125668048858643,-0.22058510780334473,-0.00025153422029688954,0.0006766056758351624,0.000657141616102308,0.0,3.0,success
1589,1.5125664472579956,-0.22058559954166412,-0.00025108843692578375,2.356065670028329e-05,1.9001034161192365e-05,0.0,3.0,success
1590,1.511730670928955,-0.21997514367103577,-0.0002455480571370572,0.032343506813049316,0.03234304487705231,1.0,3.0,success
1591,1.5108762979507446,-0.2193545252084732,-0.0002456714864820242,0.03299976885318756,0.03299976885318756,1.0,3.0,success
1592,1.5100204944610596,-0.21873584389686584,-0.0002460701216477901,0.03300044685602188,0.03300044313073158,1.0,3.0,success
1593,1.509163737297058,-0.21811851859092712,-0.0002463925629854202,0.03299981355667114,0.03299981355667114,1.0,-3.0,success
1594,1.5083084106445312,-0.21749910712242126,-0.0002466606965754181,0.033001746982336044,0.033001746982336044,1.0,-3.0,success
1595,1.5074546337127686,-0.21687762439250946,-0.0002468759485054761,0.03300058841705322,0.03300058841705322,1.0,-3.0,success
1596,1.5074504613876343,-0.21687491238117218,-0.00025201495736837387,0.00022354719112627208,0.0001555085473228246,0.0,3.0,success
1597,1.5065973997116089,-0.21625348925590515,-0.000246413896093145,0.032981883734464645,0.032981421798467636,1.0,-3.0,success
1598,1.5057446956634521,-0.21563048660755157,-0.00024647574173286557,0.03300148621201515,0.03300148621201515,1.0,3.0,success
1599,1.505744457244873,-0.21563023328781128,-0.0002516912354622036,0.00016334631072822958,1.0870971891563386e-05,0.0,0.0,success
1600,1.5049073696136475,-0.21502161026000977,-0.0002462432312313467,0.032342877238988876,0.03234243020415306,1.0,3.0,success
1601,1.5040520429611206,-0.21440231800079346,-0.0002462279226165265,0.032999563962221146,0.032999563962221146,1.0,-3.0,success
1602,1.5031976699829102,-0.21378159523010254,-0.00024652498541399837,0.03300168737769127,0.03300168365240097,1.0,3.0,success
1603,1.50319504737854,-0.213779479265213,-0.00025172068853862584,0.00019352478557266295,0.00010530536383157596,0.0,-3.0,success
1604,1.5023409128189087,-0.21315908432006836,-0.00024619020405225456,0.03299009054899216,0.032989632338285446,1.0,3.0,success
1605,1.5014851093292236,-0.2125404328107834,-0.0002462884003762156,0.03299989923834801,0.03299989923834801,1.0,3.0,success
1606,1.5014675855636597,-0.21252894401550293,-0.0002514513034839183,0.0006743995472788811,0.0006548159290105104,0.0,3.0,success
1607,1.5006259679794312,-0.2119263857603073,-0.0002461372350808233,0.03234676644206047,0.03234633803367615,1.0,3.0,success
1608,1.4997658729553223,-0.21131382882595062,-0.0002461574913468212,0.03299783170223236,0.03299783170223236,1.0,3.0,success
1609,1.4989042282104492,-0.21070320904254913,-0.000246459647314623,0.033002253621816635,0.03300224989652634,1.0,3.0,success
1610,1.4980412721633911,-0.21009449660778046,-0.0002467153244651854,0.03300129994750023,0.03300129994750023,1.0,3.0,success
1611,1.497177004814148,-0.2094876915216446,-0.0002469205646775663,0.033000506460666656,0.033000506460666656,1.0,3.0,success
1612,1.4963114261627197,-0.20888279378414154,-0.0002470848266966641,0.03299987316131592,0.03299987316131592,1.0,3.0,success
1613,1.4954445362091064,-0.2082797884941101,-0.0002472162013873458,0.0329996682703495,0.0329996682703495,1.0,3.0,success
1614,1.4945766925811768,-0.20767809450626373,-0.0002473096246831119,0.03300077095627785,0.03300077095627785,1.0,-3.0,success
1615,1.4937100410461426,-0.2070748209953308,-0.0002474053471814841,0.03299833834171295,0.03299833834171295,1.0,3.0,success
1616,1.4928419589996338,-0.2064734399318695,-0.000247472693445161,0.03300132229924202,0.03300132229924202,1.0,3.0,success
1617,1.4928239583969116,-0.20646250247955322,-0.00025240887771360576,0.0006760520045645535,0.0006582183996215463,0.0,3.0,success
1618,1.4919706583023071,-0.20587684214115143,-0.0002469043538440019,0.03234260901808739,0.032342150807380676,1.0,3.0,success
1619,1.4919525384902954,-0.20586596429347992,-0.00025165427359752357,0.0006769191822968423,0.0006604442605748773,0.0,3.0,success
1620,1.4910964965820312,-0.20528434216976166,-0.00024628586834296584,0.032342176884412766,0.032341741025447845,1.0,3.0,success
1621,1.4902218580245972,-0.20469257235527039,-0.0002462645643390715,0.03300071135163307,0.03300071135163307,1.0,-3.0,success
1622,1.489348292350769,-0.20409923791885376,-0.00024655472952872515,0.0330003947019577,0.0330003947019577,1.0,3.0,success
1623,1.4884737730026245,-0.20350728929042816,-0.00024678074987605214,0.03300075605511665,0.03300075605511665,1.0,-3.0,success
1624,1.487600326538086,-0.2029138207435608,-0.00024698214838281274,0.0329996682703495,0.0329996682703495,1.0,3.0,success
1625,1.486725926399231,-0.20232176780700684,-0.0002471234183758497,0.03299950063228607,0.03299950063228607,1.0,-3.0,success
1626,1.4858529567718506,-0.20172762870788574,-0.0002472455380484462,0.032999128103256226,0.032999128103256226,1.0,-3.0,success
1627,1.4849812984466553,-0.2011314332485199,-0.000247343850787729,0.03300149738788605,0.03300149738788605,1.0,-3.0,success
1628,1.4841110706329346,-0.2005331963300705,-0.0002474227221682668,0.03300070762634277,0.03300070762634277,1.0,-3.0,success
1629,1.4832417964935303,-0.19993357360363007,-0.0002474954817444086,0.03300072252750397,0.03300072252750397,1.0,3.0,success
1630,1.482371211051941,-0.19933603703975677,-0.0002475438523106277,0.032997529953718185,0.03299752622842789,1.0,3.0,success
1631,1.4814990758895874,-0.19874058663845062,-0.0002475823857821524,0.03300066292285919,0.03300066292285919,1.0,3.0,success
1632,1.4806255102157593,-0.19814717769622803,-0.0002476134104654193,0.03300170227885246,0.03300170227885246,1.0,3.0,success
1633,1.4806076288223267,-0.19813618063926697,-0.00025252116029150784,0.0006737005896866322,0.0006560114561580122,0.0,3.0,success
1634,1.4797489643096924,-0.1975584328174591,-0.00024699378991499543,0.03234228119254112,0.03234181925654411,1.0,3.0,success
1635,1.4797309637069702,-0.19754759967327118,-0.00025172566529363394,0.000672978232614696,0.0006565316580235958,0.0,3.0,success
1636,1.4788528680801392,-0.19696202874183655,-0.00024623703211545944,0.03298281878232956,0.03298237547278404,1.0,-3.0,success
1637,1.4788519144058228,-0.19696225225925446,-0.000251314282650128,0.00016158977814484388,3.0609924579039216e-05,0.0,3.0,success
1638,1.4779740571975708,-0.19637639820575714,-0.0002458230883348733,0.03298153355717659,0.03298109024763107,1.0,-3.0,success
1639,1.4779568910598755,-0.1963644176721573,-0.00025087405811063945,0.0006729436572641134,0.0006541704060509801,0.0,-3.0,success
1640,1.4770987033843994,-0.19578588008880615,-0.00024566473439335823,0.032343655824661255,0.03234324976801872,1.0,-3.0,success
1641,1.4770816564559937,-0.195773646235466,-0.00025066238595172763,0.0006740454700775445,0.000655702839139849,0.0,-3.0,success
1642,1.4770816564559937,-0.19577337801456451,-0.0002503823197912425,1.2118372978875414e-05,8.381903171539307e-06,0.0,0.0,success
1643,1.4762258529663086,-0.19519133865833282,-0.00024498807033523917,0.03234334662556648,0.03234291076660156,1.0,3.0,success
1644,1.475351095199585,-0.19459982216358185,-0.00024522352032363415,0.03299936279654503,0.03299936279654503,1.0,3.0,success
1645,1.474475383758545,-0.19400976598262787,-0.00024570117238909006,0.03299853578209877,0.03299853205680847,1.0,-3.0,success
1646,1.47360098361969,-0.19341765344142914,-0.0002461074327584356,0.03300054371356964,0.03300054371356964,1.0,-3.0,success
1647,1.4727275371551514,-0.19282406568527222,-0.00024644381483085454,0.03300176188349724,0.03300176188349724,1.0,3.0,success
1648,1.4718527793884277,-0.19223253428936005,-0.00024670312996022403,0.03299962356686592,0.03299961984157562,1.0,3.0,success
1649,1.4709765911102295,-0.19164304435253143,-0.0002469102619215846,0.03300100937485695,0.03300100564956665,1.0,3.0,success
1650,1.4709587097167969,-0.19163212180137634,-0.0002519590489100665,0.0006735346978530288,0.0006547947996295989,0.0,3.0,success
1651,1.4700807332992554,-0.19104628264904022,-0.00024643848882988095,0.032984375953674316,0.0329839251935482,1.0,-3.0,success
1652,1.469203233718872,-0.190458744764328,-0.0002464988501742482,0.03300103917717934,0.03300103917717934,1.0,3.0,success
1653,1.4683244228363037,-0.18987323343753815,-0.0002467367157805711,0.03299994021654129,0.03299994021654129,1.0,3.0,success
1654,1.4674443006515503,-0.18928973376750946,-0.0002469367755111307,0.032999273389577866,0.03299926966428757,1.0,3.0,success
1655,1.4674261808395386,-0.18927904963493347,-0.0002519803529139608,0.0006759800598956645,0.0006573489517904818,0.0,3.0,success
1656,1.466544270515442,-0.1886991560459137,-0.00024645536905154586,0.03298426419496536,0.03298381343483925,1.0,-3.0,success
1657,1.4656628370285034,-0.18811754882335663,-0.0002465125289745629,0.033000823110342026,0.033000823110342026,1.0,3.0,success
1658,1.4647800922393799,-0.18753795325756073,-0.00024674771702848375,0.03300049528479576,0.03300049528479576,1.0,3.0,success
1659,1.4647796154022217,-0.18753817677497864,-0.0002519185363780707,0.00016242396668531,1.6457024685223587e-05,0.0,0.0,success
1660,1.4639133214950562,-0.186971977353096,-0.0002464261488057673,0.03234151750802994,0.03234105929732323,1.0,3.0,success
1661,1.4630281925201416,-0.18639597296714783,-0.00024637384922243655,0.033001452684402466,0.033001452684402466,1.0,-3.0,success
1662,1.462144136428833,-0.18581843376159668,-0.0002466418663971126,0.032999563962221146,0.032999563962221146,1.0,3.0,success
1663,1.4621260166168213,-0.1858077198266983,-0.0002517441171221435,0.0006768701132386923,0.0006578224711120129,0.0,3.0,success
1664,1.4621256589889526,-0.18580827116966248,-0.0002512563660275191,2.557498555688653e-05,2.0536665033432655e-05,0.0,3.0,success
1665,1.4621254205703735,-0.18580876290798187,-0.00025056712911464274,2.7487521947477944e-05,1.7077773009077646e-05,0.0,3.0,success
1666,1.461249828338623,-0.185246542096138,-0.0002450791944283992,0.03251778334379196,0.03251733258366585,1.0,-3.0,success
1667,1.4603625535964966,-0.18467387557029724,-0.0002453206689096987,0.03300099819898605,0.033000994473695755,1.0,-3.0,success
1668,1.4603532552719116,-0.18466824293136597,-0.0002507305471226573,0.0003794684598688036,0.0003397285472601652,0.0,3.0,success
1669,1.4594833850860596,-0.18410742282867432,-0.0002455157518852502,0.032343681901693344,0.03234327211976051,1.0,3.0,success
1670,1.4585946798324585,-0.1835370659828186,-0.0002456478832755238,0.03299952670931816,0.03299952670931816,1.0,-3.0,success
1671,1.4577069282531738,-0.1829652339220047,-0.0002460611576680094,0.032999392598867416,0.03299938887357712,1.0,3.0,success
1672,1.4568177461624146,-0.18239548802375793,-0.00024639637558721006,0.03300176188349724,0.03300176188349724,1.0,3.0,success
1673,1.4567996263504028,-0.18238486349582672,-0.00025154813192784786,0.0006758593372069299,0.0006564048817381263,0.0,3.0,success
1674,1.455925703048706,-0.18183042109012604,-0.00024621517513878644,0.03234301880002022,0.032342590391635895,1.0,3.0,success
1675,1.455032467842102,-0.18126711249351501,-0.00024621965712867677,0.03300073370337486,0.03300073370337486,1.0,3.0,success
1676,1.454137921333313,-0.18070583045482635,-0.00024650924024172127,0.03300170227885246,0.03300170227885246,1.0,3.0,success
1677,1.4532421827316284,-0.18014654517173767,-0.00024675490567460656,0.03300017490983009,0.03300017490983009,1.0,3.0,success
1678,1.4523451328277588,-0.17958927154541016,-0.00024695214233361185,0.033001720905303955,0.033001720905303955,1.0,3.0,success
1679,1.4514470100402832,-0.17903396487236023,-0.00024711000151000917,0.03299783915281296,0.03299783915281296,1.0,3.0,success
1680,1.4514282941818237,-0.17902415990829468,-0.0002521191199775785,0.0006785726291127503,0.000660270918160677,0.0,3.0,success
1681,1.4505456686019897,-0.17848366498947144,-0.000246672541834414,0.03234325721859932,0.032342806458473206,1.0,3.0,success
1682,1.449643611907959,-0.17793455719947815,-0.00024658587062731385,0.03300132602453232,0.03300132229924202,1.0,3.0,success
1683,1.448740839958191,-0.1773868352174759,-0.00024679090711288154,0.03299793601036072,0.03299793601036072,1.0,-3.0,success
1684,1.4478389024734497,-0.17683745920658112,-0.0002469897153787315,0.03300250321626663,0.03300250321626663,1.0,3.0,success
1685,1.447838306427002,-0.17683780193328857,-0.0002521129499655217,0.00016153640171978623,2.1486117475433275e-05,0.0,0.0,success
1686,1.4478379487991333,-0.17683851718902588,-0.0002514660300221294,3.2143379939952865e-05,2.4990005840663798e-05,0.0,3.0,success
1687,1.4469518661499023,-0.1763036698102951,-0.00024584654602222145,0.03234391286969185,0.032343436032533646,1.0,3.0,success
1688,1.4460468292236328,-0.17575974762439728,-0.00024589922395534813,0.032997146248817444,0.032997146248817444,1.0,-3.0,success
1689,1.4451429843902588,-0.17521363496780396,-0.0002462508564349264,0.03300056979060173,0.03300056979060173,1.0,-3.0,success
1690,1.4442404508590698,-0.17466536164283752,-0.0002465474826749414,0.033000506460666656,0.033000506460666656,1.0,-3.0,success
1691,1.4433388710021973,-0.17411558330059052,-0.00024679568014107645,0.03299950435757637,0.03299950435757637,1.0,3.0,success
1692,1.4424363374710083,-0.17356732487678528,-0.000246974581386894,0.033000264316797256,0.033000264316797256,1.0,-3.0,success
1693,1.4415349960327148,-0.1730169802904129,-0.0002471268526278436,0.03300235792994499,0.03300235792994499,1.0,-3.0,success
1694,1.4415174722671509,-0.17300550639629364,-0.00025213093613274395,0.0006729812012054026,0.0006545607466250658,0.0,-3.0,success
1695,1.4415174722671509,-0.17300555109977722,-0.00025157653726637363,1.7381194993504323e-05,1.39698374823638e-06,0.0,3.0,success
1696,1.4406325817108154,-0.17246189713478088,-0.00024591170949861407,0.032455239444971085,0.032454755157232285,1.0,-3.0,success
1697,1.439733624458313,-0.1719077229499817,-0.0002459883689880371,0.033001434057950974,0.033001434057950974,1.0,3.0,success
1698,1.4388338327407837,-0.17135509848594666,-0.000246314360992983,0.03299826756119728,0.03299826756119728,1.0,-3.0,success
1699,1.4388161897659302,-0.1713436245918274,-0.00025148020358756185,0.0006772032356821001,0.0006576805608347058,0.0,-3.0,success
1700,1.4388164281845093,-0.171343132853508,-0.0002510461781639606,2.180856063205283e-05,1.7077773009077646e-05,0.0,-3.0,success
1701,1.4388164281845093,-0.17134328186511993,-0.00025040903710760176,2.04479401872959e-05,4.656612873077393e-06,0.0,3.0,success
1702,1.4379340410232544,-0.17079555988311768,-0.0002449630410410464,0.0324554406106472,0.032454993575811386,1.0,-3.0,success
1703,1.437037706375122,-0.1702372133731842,-0.0002452288172207773,0.03300045430660248,0.03300045058131218,1.0,3.0,success
1704,1.4361404180526733,-0.1696803867816925,-0.0002457068476360291,0.03300068527460098,0.033000681549310684,1.0,-3.0,success
1705,1.435244083404541,-0.1691221296787262,-0.000246122304815799,0.03299897536635399,0.03299897164106369,1.0,3.0,success
1706,1.4343464374542236,-0.16856597363948822,-0.00024644588120281696,0.03299913927912712,0.03299913555383682,1.0,3.0,success
1707,1.4334473609924316,-0.16801193356513977,-0.0002467044978402555,0.03300241008400917,0.03300241008400917,1.0,3.0,success
1708,1.4325474500656128,-0.1674593836069107,-0.00024690089048817754,0.033000219613313675,0.033000219613313675,1.0,-3.0,success
1709,1.4316484928131104,-0.16690529882907867,-0.00024707819102331996,0.03299997001886368,0.03299997001886368,1.0,3.0,success
1710,1.4307482242584229,-0.1663532555103302,-0.000247210671659559,0.03300146758556366,0.03300146758556366,1.0,3.0,success
1711,1.4298471212387085,-0.1658027023077011,-0.0002473056665621698,0.03299940004944801,0.03299940004944801,1.0,-3.0,success
1712,1.4289473295211792,-0.16524997353553772,-0.0002473911736160517,0.032999973744153976,0.032999973744153976,1.0,-3.0,success
1713,1.4289296865463257,-0.16523870825767517,-0.0002523419389035553,0.0006721955141983926,0.0006541491602547467,0.0,-3.0,success
1714,1.4280505180358887,-0.16469265520572662,-0.000246850133407861,0.03234248608350754,0.032342031598091125,1.0,-3.0,success
1715,1.427154779434204,-0.16413334012031555,-0.0002467283920850605,0.03300066292285919,0.03300066292285919,1.0,-3.0,success
1716,1.4262598752975464,-0.16357257962226868,-0.00024692557053640485,0.03300251066684723,0.03300251066684723,1.0,3.0,success
1717,1.4253637790679932,-0.16301396489143372,-0.0002470873878337443,0.03299856185913086,0.03299856185913086,1.0,3.0,success
1718,1.424466609954834,-0.16245688498020172,-0.00024720729561522603,0.033001694828271866,0.033001694828271866,1.0,-3.0,success
1719,1.4235708713531494,-0.1618977189064026,-0.0002473128552082926,0.03299819678068161,0.03299819678068161,1.0,-3.0,success
1720,1.4226759672164917,-0.16133707761764526,-0.0002474077045917511,0.033000532537698746,0.033000532537698746,1.0,3.0,success
1721,1.421779751777649,-0.16077856719493866,-0.0002474738284945488,0.032999999821186066,0.032999999821186066,1.0,3.0,success
1722,1.420882225036621,-0.1602221578359604,-0.0002475265064276755,0.03300014138221741,0.03300014138221741,1.0,3.0,success
1723,1.4199837446212769,-0.1596672534942627,-0.00024755828781053424,0.03300073742866516,0.03300073742866516,1.0,-3.0,success
1724,1.419086217880249,-0.15911079943180084,-0.0002476038644090295,0.033000875264406204,0.033000875264406204,1.0,3.0,success
1725,1.4181876182556152,-0.15855605900287628,-0.0002476257213857025,0.033001214265823364,0.033001214265823364,1.0,0.0,success
1726,1.417288899421692,-0.15800164639949799,-0.0002476536901667714,0.032999005168676376,0.032999005168676376,1.0,3.0,success
1727,1.4163888692855835,-0.15744929015636444,-0.00024767080321907997,0.03300023078918457,0.03300023078918457,1.0,3.0,success
1728,1.4154876470565796,-0.15689897537231445,-0.0002476843656040728,0.032998695969581604,0.032998695969581604,1.0,3.0,success
1729,1.4145851135253906,-0.15635068714618683,-0.000247695337748155,0.033000748604536057,0.033000748604536057,1.0,3.0,success
1730,1.4136817455291748,-0.1558038294315338,-0.00024769300944171846,0.03299986943602562,0.03299986943602562,1.0,-3.0,success
1731,1.412779688835144,-0.15525475144386292,-0.0002477006637491286,0.03300084173679352,0.03300083801150322,1.0,-3.0,success
1732,1.411879062652588,-0.15470348298549652,-0.0002477075613569468,0.03299834579229355,0.03299834579229355,1.0,-3.0,success
1733,1.411866545677185,-0.1546962410211563,-0.0002526361495256424,0.0004774317785631865,0.00045190643868409097,0.0,3.0,success
1734,1.4109665155410767,-0.15414506196975708,-0.0002469531027600169,0.03298148140311241,0.03298100456595421,1.0,-3.0,success
1735,1.4100672006607056,-0.15359164774417877,-0.00024689847487024963,0.03299849480390549,0.03299849480390549,1.0,-3.0,success
1736,1.4091687202453613,-0.15303678810596466,-0.00024706547264941037,0.033000003546476364,0.033000003546476364,1.0,3.0,success
1737,1.408268928527832,-0.15248407423496246,-0.0002471994375810027,0.03299972787499428,0.03299972787499428,1.0,3.0,success
1738,1.4073681831359863,-0.15193291008472443,-0.00024729693541303277,0.03299982473254204,0.03299982473254204,1.0,-3.0,success
1739,1.4073504209518433,-0.15192162990570068,-0.00025226621073670685,0.0006756299990229309,0.0006575415609404445,0.0,-3.0,success
1740,1.4064524173736572,-0.15136703848838806,-0.0002467051090206951,0.03298337757587433,0.03298291936516762,1.0,3.0,success
1741,1.405552864074707,-0.1508137583732605,-0.00024669308913871646,0.03300264850258827,0.03300264850258827,1.0,-3.0,success
1742,1.4046545028686523,-0.1502586454153061,-0.0002468960010446608,0.033000994473695755,0.033000994473695755,1.0,0.0,success
1743,1.4037562608718872,-0.14970329403877258,-0.0002470597391948104,0.03300173953175545,0.03300173953175545,1.0,-3.0,success
1744,1.402859091758728,-0.1491464525461197,-0.0002472051128279418,0.03299776092171669,0.03299776092171669,1.0,3.0,success
1745,1.4019604921340942,-0.14859174191951752,-0.00024731180747039616,0.033000726252794266,0.033000726252794266,1.0,3.0,success
1746,1.4010605812072754,-0.14803914725780487,-0.0002473969361744821,0.03300095722079277,0.03300095722079277,1.0,3.0,success
1747,1.4001598358154297,-0.14748802781105042,-0.0002474546490702778,0.03299909830093384,0.03299909457564354,1.0,-3.0,success
1748,1.3992600440979004,-0.146935373544693,-0.0002475209766998887,0.03299875557422638,0.03299875557422638,1.0,3.0,success
1749,1.3983592987060547,-0.14638417959213257,-0.00024755438789725304,0.03300030902028084,0.03300030902028084,1.0,-3.0,success
1750,1.3983415365219116,-0.14637304842472076,-0.0002524718875065446,0.0006728407461196184,0.0006550569669343531,0.0,-3.0,success
1751,1.3974435329437256,-0.14581836760044098,-0.00024686974938958883,0.03298485279083252,0.03298438712954521,1.0,3.0,success
1752,1.396544098854065,-0.14526496827602386,-0.00024682466755621135,0.03300142660737038,0.03300142660737038,1.0,-3.0,success
1753,1.3965321779251099,-0.14525820314884186,-0.0002519229892641306,0.00045700743794441223,0.000428336497861892,0.0,3.0,success
1754,1.3956503868103027,-0.14471623301506042,-0.0002464827848598361,0.032345134764909744,0.03234468773007393,1.0,3.0,success
1755,1.394749402999878,-0.14416536688804626,-0.000246426701778546,0.03300131857395172,0.03300131857395172,1.0,0.0,success
1756,1.3947311639785767,-0.14415504038333893,-0.0002515631204005331,0.0006743640988133848,0.0006549828103743494,0.0,3.0,success
1757,1.3938298225402832,-0.14360615611076355,-0.0002461219555698335,0.03297904133796692,0.0329786017537117,1.0,-3.0,success
1758,1.3929287195205688,-0.14305560290813446,-0.0002462450065650046,0.03299940004944801,0.03299940004944801,1.0,3.0,success
1759,1.392910361289978,-0.14304524660110474,-0.0002514167281333357,0.0006782217533327639,0.0006586842355318367,0.0,3.0,success
1760,1.3929104804992676,-0.14304503798484802,-0.00025098369223996997,1.547590181871783e-05,7.508562248403905e-06,0.0,-3.0,success
1761,1.392026424407959,-0.14250695705413818,-0.0002454624918755144,0.03234211355447769,0.03234165161848068,1.0,-3.0,success
1762,1.3911253213882446,-0.14195634424686432,-0.0002456139191053808,0.03300036862492561,0.03300036862492561,1.0,3.0,success
1763,1.3902229070663452,-0.1414078325033188,-0.00024602405028417706,0.03300119563937187,0.033001191914081573,1.0,3.0,success
1764,1.389319658279419,-0.14086082577705383,-0.0002463560667820275,0.03299909457564354,0.03299909457564354,1.0,-3.0,success
1765,1.3884172439575195,-0.1403122991323471,-0.00024664236116223037,0.033001434057950974,0.033001434057950974,1.0,3.0,success
1766,1.3875139951705933,-0.13976524770259857,-0.0002468518214300275,0.03299981728196144,0.03299981728196144,1.0,-3.0,success
1767,1.3866117000579834,-0.13921667635440826,-0.00024703884264454246,0.03299897536635399,0.03299897536635399,1.0,3.0,success
1768,1.3865933418273926,-0.1392064094543457,-0.0002520620182622224,0.0006757996743544936,0.0006573159480467439,0.0,3.0,success
1769,1.3865934610366821,-0.13920624554157257,-0.00025150031433440745,1.8660974092199467e-05,6.333678356895689e-06,0.0,-3.0,success
1770,1.385708212852478,-0.13867008686065674,-0.0002458758535794914,0.03234280273318291,0.032342322170734406,1.0,-3.0,success
1771,1.3848062753677368,-0.13812081515789032,-0.00024593426496721804,0.03300080448389053,0.03300080448389053,1.0,-3.0,success
1772,1.3839056491851807,-0.13756942749023438,-0.0002462800475768745,0.033000294119119644,0.033000294119119644,1.0,-3.0,success
1773,1.38300621509552,-0.13701599836349487,-0.0002465713769197464,0.033001914620399475,0.033001914620399475,1.0,-3.0,success
1774,1.3821077346801758,-0.13646115362644196,-0.00024681451031938195,0.032999757677316666,0.032999757677316666,1.0,3.0,success
1775,1.3812083005905151,-0.1359078735113144,-0.00024698986089788377,0.03299947455525398,0.03299947455525398,1.0,-3.0,success
1776,1.38031005859375,-0.13535256683826447,-0.0002471393090672791,0.03300100564956665,0.03300100564956665,1.0,-3.0,success
1777,1.3794127702713013,-0.13479584455490112,-0.00024726876290515065,0.03299896419048309,0.032998960465192795,1.0,3.0,success
1778,1.378514051437378,-0.1342412829399109,-0.00024736247723922133,0.03300144895911217,0.03300144895911217,1.0,3.0,success
1779,1.3776144981384277,-0.13368827104568481,-0.00024742737878113985,0.032998256385326385,0.032998256385326385,1.0,-3.0,success
1780,1.3767157793045044,-0.13313379883766174,-0.0002474989742040634,0.03299998492002487,0.03299998492002487,1.0,3.0,success
1781,1.3758161067962646,-0.13258081674575806,-0.0002475369838066399,0.03300094231963158,0.03300094231963158,1.0,-3.0,success
1782,1.37491774559021,-0.13202576339244843,-0.0002475765359122306,0.03300001844763756,0.03300001844763756,1.0,-3.0,success
1783,1.3740203380584717,-0.13146920502185822,-0.00024761856184341013,0.0329994261264801,0.0329994261264801,1.0,3.0,success
1784,1.373121976852417,-0.13091419637203217,-0.0002476327063050121,0.032999277114868164,0.032999277114868164,1.0,-3.0,success
1785,1.3722248077392578,-0.13035713136196136,-0.0002476532245054841,0.03300144523382187,0.03300144523382187,1.0,-3.0,success
1786,1.3713289499282837,-0.12979798018932343,-0.00024767022114247084,0.033001113682985306,0.033001113682985306,1.0,-3.0,success
1787,1.370434045791626,-0.12923741340637207,-0.0002476933295838535,0.032999295741319656,0.032999295741319656,1.0,3.0,success
1788,1.3695381879806519,-0.12867841124534607,-0.0002476926310919225,0.032998643815517426,0.032998643815517426,1.0,-3.0,success
1789,1.3686431646347046,-0.12811799347400665,-0.00024771096650511026,0.03299998119473457,0.03299998119473457,1.0,3.0,success
1790,1.367747187614441,-0.127559095621109,-0.00024770660093054175,0.03300008177757263,0.03300008177757263,1.0,-3.0,success
1791,1.3668521642684937,-0.1269984096288681,-0.00024771716562099755,0.03300442919135094,0.03300442919135094,1.0,0.0,success
1792,1.365957498550415,-0.12643751502037048,-0.00024771710741333663,0.032998424023389816,0.032998424023389816,1.0,-3.0,success
1793,1.365957498550415,-0.1264370083808899,-0.0002527038741391152,0.00015663864905945957,1.5832483768463135e-05,0.0,0.0,success
1794,1.3650819063186646,-0.12588506937026978,-0.0002470435865689069,0.03234533965587616,0.03234485536813736,1.0,-3.0,success
1795,1.364189624786377,-0.1253201961517334,-0.00024688386474736035,0.03300165757536888,0.03300165757536888,1.0,0.0,success
1796,1.3632975816726685,-0.12475511431694031,-0.0002470359904691577,0.03299884870648384,0.03299884870648384,1.0,-3.0,success
1797,1.3624067306518555,-0.12418802827596664,-0.00024717574706301093,0.03300097584724426,0.03300097584724426,1.0,-3.0,success
1798,1.3615168333053589,-0.12361954897642136,-0.000247297779424116,0.03299925476312637,0.03299925476312637,1.0,3.0,success
1799,1.3606257438659668,-0.12305289506912231,-0.00024738084175623953,0.03300001472234726,0.03300001472234726,1.0,0.0,success
1800,1.3597344160079956,-0.1224866509437561,-0.00024745738483034074,0.0329994335770607,0.0329994335770607,1.0,3.0,success
1801,1.3588416576385498,-0.12192253023386002,-0.0002475133806001395,0.03300167992711067,0.03300167992711067,1.0,3.0,success
1802,1.3579477071762085,-0.12136050313711166,-0.0002475581713952124,0.03299831226468086,0.03299831226468086,1.0,3.0,success
1803,1.3570528030395508,-0.1207999438047409,-0.0002475835499353707,0.03299917280673981,0.03299917280673981,1.0,-3.0,success
1804,1.3561588525772095,-0.12023784220218658,-0.0002476240915711969,0.03299954906105995,0.03299954906105995,1.0,3.0,success
1805,1.3561406135559082,-0.1202274039387703,-0.00025252997875213623,0.0006743681733496487,0.0006567105883732438,0.0,3.0,success
1806,1.3561407327651978,-0.12022733688354492,-0.0002518744731787592,2.0925715944031253e-05,4.274202183296438e-06,0.0,-3.0,success
1807,1.356140375137329,-0.12022783607244492,-0.00025107129476964474,3.15947036142461e-05,1.9189819795428775e-05,0.0,3.0,success
1808,1.3552618026733398,-0.11968079209327698,-0.0002455200592521578,0.03234302997589111,0.032342564314603806,1.0,3.0,success
1809,1.354364275932312,-0.11912442743778229,-0.00024563775514252484,0.03299940750002861,0.03299940750002861,1.0,-3.0,success
1810,1.3534680604934692,-0.11856593191623688,-0.0002460419200360775,0.03299975395202637,0.03299975022673607,1.0,-3.0,success
1811,1.3525727987289429,-0.1180059164762497,-0.000246390700340271,0.03299963101744652,0.03299962729215622,1.0,3.0,success
1812,1.351676344871521,-0.11744765937328339,-0.0002466555160935968,0.03300213813781738,0.03300213813781738,1.0,0.0,success
1813,1.3507801294326782,-0.11688915640115738,-0.00024686739197932184,0.03299987316131592,0.03299987316131592,1.0,-3.0,success
1814,1.3498848676681519,-0.1163291484117508,-0.00024705141549929976,0.03299950435757637,0.03299950435757637,1.0,3.0,success
1815,1.3489881753921509,-0.11577123403549194,-0.00024718904751352966,0.03300280496478081,0.03300280496478081,1.0,3.0,success
1816,1.3489878177642822,-0.11577130854129791,-0.00025227179867215455,0.0001592456828802824,1.14158256110386e-05,0.0,0.0,success
1817,1.3481082916259766,-0.11522576957941055,-0.00024669707636348903,0.03234352171421051,0.032343052327632904,1.0,-3.0,success
1818,1.347212314605713,-0.11466696858406067,-0.00024660141207277775,0.032998476177453995,0.032998476177453995,1.0,-3.0,success
1819,1.346317172050476,-0.1141066625714302,-0.00024682393996044993,0.033001285046339035,0.033001285046339035,1.0,3.0,success
1820,1.3454208374023438,-0.11354846507310867,-0.00024700627545826137,0.032997991889715195,0.032997991889715195,1.0,3.0,success
1821,1.3454025983810425,-0.11353803426027298,-0.00025203556288033724,0.0006751428009010851,0.0006565949297510087,0.0,3.0,success
1822,1.3445215225219727,-0.1129949763417244,-0.0002466050791554153,0.03234391286969185,0.03234346956014633,1.0,3.0,success
1823,1.3436211347579956,-0.11244329810142517,-0.0002465314173605293,0.03299868106842041,0.03299868106842041,1.0,3.0,success
1824,1.3436026573181152,-0.11243324726819992,-0.000251641555223614,0.0006764368736185133,0.0006573168793693185,0.0,3.0,success
1825,1.3427177667617798,-0.11189647763967514,-0.00024628941901028156,0.03234309330582619,0.032342661172151566,1.0,3.0,success
1826,1.3418138027191162,-0.11135057359933853,-0.00024626823142170906,0.033000387251377106,0.03300038352608681,1.0,-3.0,success
1827,1.340910792350769,-0.11080309003591537,-0.0002465576399117708,0.03300044313073158,0.03300044313073158,1.0,3.0,success
1828,1.3400064706802368,-0.11025764793157578,-0.00024679378839209676,0.033002499490976334,0.033002495765686035,1.0,3.0,success
1829,1.3391014337539673,-0.10971365869045258,-0.0002469721657689661,0.032998226583004,0.032998226583004,1.0,-3.0,success
1830,1.3381972312927246,-0.10916808992624283,-0.0002471352636348456,0.03300135210156441,0.03300135210156441,1.0,3.0,success
1831,1.337292194366455,-0.10862396657466888,-0.00024724582908675075,0.03300038352608681,0.03300038352608681,1.0,-3.0,success
1832,1.3363884687423706,-0.10807769000530243,-0.0002473433851264417,0.03300002962350845,0.03300002962350845,1.0,-3.0,success
1833,1.3354856967926025,-0.10752987116575241,-0.00024743229732848704,0.03299950435757637,0.03299950435757637,1.0,3.0,success
1834,1.334581971168518,-0.10698354989290237,-0.00024748360738158226,0.033000752329826355,0.033000752329826355,1.0,-3.0,success
1835,1.3336795568466187,-0.1064351350069046,-0.0002475338405929506,0.03299961984157562,0.03299961984157562,1.0,-3.0,success
1836,1.3327784538269043,-0.1058846190571785,-0.00024757458595559,0.032998789101839066,0.032998789101839066,1.0,-3.0,success
1837,1.3318785429000854,-0.10533203184604645,-0.00024760738597251475,0.03300083056092262,0.03300083056092262,1.0,-3.0,success
1838,1.330979824066162,-0.10477741807699203,-0.00024763375404290855,0.033002305775880814,0.033002305775880814,1.0,-3.0,success
1839,1.3300820589065552,-0.1042214035987854,-0.00024766408023424447,0.032999973744153976,0.032999973744153976,1.0,3.0,success
1840,1.3300641775131226,-0.10421054810285568,-0.00025256132357753813,0.0006713798502460122,0.0006537048611789942,0.0,3.0,success
1841,1.3291648626327515,-0.10365848988294601,-0.0002469215542078018,0.03297678008675575,0.03297630697488785,1.0,-3.0,success
1842,1.3282660245895386,-0.10310422629117966,-0.00024687437689863145,0.03299972787499428,0.03299972787499428,1.0,-3.0,success
1843,1.3282544612884521,-0.10309702157974243,-0.00025196312344633043,0.0004544840776361525,0.0004257550463080406,0.0,3.0,success
1844,1.3273731470108032,-0.10255435854196548,-0.0002465140132699162,0.032343789935112,0.032343342900276184,1.0,3.0,success
1845,1.3264724016189575,-0.10200320184230804,-0.00024645653320476413,0.03299970552325249,0.03299970552325249,1.0,3.0,success
1846,1.3255703449249268,-0.10145419090986252,-0.000246698094997555,0.03299975022673607,0.03299975022673607,1.0,3.0,success
1847,1.3246673345565796,-0.10090667754411697,-0.0002468950697220862,0.03300092741847038,0.033000923693180084,1.0,-3.0,success
1848,1.3237652778625488,-0.10035762935876846,-0.0002470734470989555,0.03300035372376442,0.03300035372376442,1.0,3.0,success
1849,1.323753833770752,-0.10035069286823273,-0.00025211353204213083,0.0004468690895009786,0.00041819241596385837,0.0,-3.0,success
1850,1.3237534761428833,-0.10035117715597153,-0.00025152898160740733,2.6222669475828297e-05,1.8813234419212677e-05,0.0,3.0,success
1851,1.3228683471679688,-0.09981480240821838,-0.00024589948588982224,0.03234311193227768,0.032342635095119476,1.0,3.0,success
1852,1.3219637870788574,-0.09926994889974594,-0.0002459523966535926,0.03299938142299652,0.03299938142299652,1.0,3.0,success
1853,1.321057915687561,-0.09872715920209885,-0.00024629468680359423,0.03300129622220993,0.03300129249691963,1.0,3.0,success
1854,1.3201508522033691,-0.09818641096353531,-0.0002465832221787423,0.03300054371356964,0.03300054371356964,1.0,3.0,success
1855,1.3192429542541504,-0.09764709323644638,-0.00024680362548679113,0.03300009295344353,0.03300009295344353,1.0,-3.0,success
1856,1.318336009979248,-0.09710615128278732,-0.00024700057110749185,0.03300044313073158,0.03300044313073158,1.0,3.0,success
1857,1.3174282312393188,-0.09656663984060287,-0.000247138028498739,0.03299998119473457,0.03299998119473457,1.0,-3.0,success
1858,1.316521406173706,-0.09602554887533188,-0.00024726788979023695,0.03299963101744652,0.03299963101744652,1.0,3.0,success
1859,1.3156133890151978,-0.09548651427030563,-0.00024736247723922133,0.03299877792596817,0.03299877792596817,1.0,3.0,success
1860,1.3147040605545044,-0.09494955092668533,-0.0002474378270562738,0.03300106152892113,0.03300106152892113,1.0,3.0,success
1861,1.3137935400009155,-0.09441464394330978,-0.0002474981884006411,0.03300054743885994,0.03300054743885994,1.0,3.0,success
1862,1.3128818273544312,-0.0938817635178566,-0.0002475465589668602,0.03300067037343979,0.03300067037343979,1.0,3.0,success
1863,1.31196928024292,-0.09335031360387802,-0.0002475739747751504,0.03300066664814949,0.03300066664814949,1.0,-3.0,success
1864,1.3110581636428833,-0.09281661361455917,-0.0002476054069120437,0.032997529953718185,0.032997529953718185,1.0,-3.0,success
1865,1.3110427856445312,-0.09280841797590256,-0.0002525413001421839,0.0005659739254042506,0.0005445497808977962,0.0,3.0,success
1866,1.3110429048538208,-0.09280819445848465,-0.00025186833227053285,2.2470827389042825e-05,7.916241884231567e-06,0.0,-3.0,success
1867,1.310151219367981,-0.09228290617465973,-0.0002461695985402912,0.032341305166482925,0.03234081342816353,1.0,-3.0,success
1868,1.309242606163025,-0.09174472838640213,-0.00024616922019049525,0.033001139760017395,0.033001139760017395,1.0,-3.0,success
1869,1.3083349466323853,-0.09120506048202515,-0.0002464777498971671,0.032999277114868164,0.032999277114868164,1.0,3.0,success
1870,1.3083165884017944,-0.091194748878479,-0.00025161245139315724,0.0006772812339477241,0.0006579989567399025,0.0,3.0,success
1871,1.307424545288086,-0.09066995978355408,-0.0002462663396727294,0.03234296664595604,0.03234253078699112,1.0,3.0,success
1872,1.3065133094787598,-0.09013639390468597,-0.00024625007063150406,0.03299862891435623,0.03299862891435623,1.0,-3.0,success
1873,1.305602788925171,-0.0896013081073761,-0.00024654288426972926,0.03300338238477707,0.03300337865948677,1.0,3.0,success
1874,1.304691195487976,-0.08906833082437515,-0.00024678173940628767,0.032998982816934586,0.032998982816934586,1.0,3.0,success
1875,1.3037782907485962,-0.08853746950626373,-0.0002469732135068625,0.03300107643008232,0.03300107643008232,1.0,3.0,success
1876,1.3028641939163208,-0.08800870180130005,-0.00024712650338187814,0.03300047665834427,0.03300047665834427,1.0,3.0,success
1877,1.3019492626190186,-0.08748139441013336,-0.0002472381747793406,0.033000241965055466,0.033000241965055466,1.0,-3.0,success
1878,1.3010356426239014,-0.0869518592953682,-0.00024733704049140215,0.03299959748983383,0.03299959748983383,1.0,-3.0,success
1879,1.3001233339309692,-0.08642013370990753,-0.00024741681409068406,0.03299856558442116,0.03299856558442116,1.0,-3.0,success
1880,1.300105333328247,-0.08640918880701065,-0.00025236254441551864,0.0006762378616258502,0.0006583393551409245,0.0,-3.0,success
1881,1.2992137670516968,-0.08588366955518723,-0.00024686672259122133,0.03234172984957695,0.03234127163887024,1.0,-3.0,success
1882,1.2983052730560303,-0.0853453278541565,-0.0002467417507432401,0.03300054743885994,0.03300054743885994,1.0,-3.0,success
1883,1.2973979711532593,-0.08480489999055862,-0.0002469267346896231,0.033001817762851715,0.033001817762851715,1.0,-3.0,success
1884,1.2964919805526733,-0.0842624381184578,-0.00024708869750611484,0.032999228686094284,0.032999228686094284,1.0,-3.0,success
1885,1.2955868244171143,-0.08371856808662415,-0.00024722813395783305,0.03299950063228607,0.03299950063228607,1.0,3.0,success
1886,1.2946802377700806,-0.08317692577838898,-0.00024732985184527934,0.033002063632011414,0.033002063632011414,1.0,3.0,success
1887,1.2937724590301514,-0.0826374739408493,-0.0002474110806360841,0.032999031245708466,0.032999031245708466,1.0,3.0,success
1888,1.2928637266159058,-0.08209957182407379,-0.00024746611597947776,0.03299995884299278,0.03299995884299278,1.0,-3.0,success
1889,1.2919563055038452,-0.08155954629182816,-0.0002475197543390095,0.03299858793616295,0.03299858793616295,1.0,-3.0,success
1890,1.2910500764846802,-0.081017404794693,-0.00024756326456554234,0.03300048038363457,0.03300048038363457,1.0,-3.0,success
1891,1.2901450395584106,-0.08047317713499069,-0.0002475982764735818,0.033002063632011414,0.033002063632011414,1.0,-3.0,success
1892,1.2892413139343262,-0.07992690056562424,-0.00024762641987763345,0.03300002962350845,0.03300002962350845,1.0,-3.0,success
1893,1.288338541984558,-0.07937920838594437,-0.0002476582594681531,0.03299745172262192,0.03299745172262192,1.0,3.0,success
1894,1.2874343395233154,-0.07883372157812119,-0.00024767385912127793,0.03300002962350845,0.03300002962350845,1.0,3.0,success
1895,1.2865288257598877,-0.0782904177904129,-0.00024768622824922204,0.032999973744153976,0.032999973744153976,1.0,3.0,success
1896,1.2856223583221436,-0.07774865627288818,-0.00024768614093773067,0.033000778406858444,0.033000778406858444,1.0,-3.0,success
1897,1.2847172021865845,-0.07720477133989334,-0.00024769565789029,0.03299973905086517,0.03299973905086517,1.0,-3.0,success
1898,1.2838128805160522,-0.07665937393903732,-0.0002477139059919864,0.033001773059368134,0.033001773059368134,1.0,3.0,success
1899,1.2829073667526245,-0.07611610740423203,-0.00024771876633167267,0.032999373972415924,0.032999373972415924,1.0,3.0,success
1900,1.2820008993148804,-0.0755743682384491,-0.000247712159762159,0.03300042077898979,0.03300042077898979,1.0,-3.0,success
1901,1.2810953855514526,-0.0750311091542244,-0.00024772685719653964,0.03299925476312637,0.03299925476312637,1.0,3.0,success
1902,1.2801889181137085,-0.07448934763669968,-0.0002477190864738077,0.033000778406858444,0.033000778406858444,1.0,-3.0,success
1903,1.2792834043502808,-0.07394605875015259,-0.0002477323869243264,0.032999731600284576,0.032999731600284576,1.0,3.0,success
1904,1.2783766984939575,-0.07340487092733383,-0.00024773372570052743,0.0329979844391346,0.0329979844391346,1.0,3.0,success
1905,1.2774690389633179,-0.07286519557237625,-0.0002477240050211549,0.032999396324157715,0.032999396324157715,1.0,-3.0,success
1906,1.276562213897705,-0.07232396304607391,-0.00024773640325292945,0.03300189599394798,0.03300189599394798,1.0,3.0,success
1907,1.2756541967391968,-0.07178480923175812,-0.0002477370435371995,0.033000677824020386,0.033000677824020386,1.0,3.0,success
1908,1.274744987487793,-0.07124774903059006,-0.00024773727636784315,0.032999392598867416,0.032999392598867416,1.0,3.0,success
1909,1.2738345861434937,-0.07071275264024734,-0.0002477375965099782,0.03299875184893608,0.03299875184893608,1.0,3.0,success
1910,1.2738158702850342,-0.0707031711935997,-0.0002526205498725176,0.0006745446007698774,0.0006570586119778454,0.0,3.0,success
1911,1.2729212045669556,-0.07018272578716278,-0.0002470736508257687,0.03234519436955452,0.03234473243355751,1.0,3.0,success
1912,1.2720069885253906,-0.06965410709381104,-0.0002469064202159643,0.0330013707280159,0.0330013707280159,1.0,3.0,success
1913,1.2710920572280884,-0.0691269189119339,-0.0002470473700668663,0.032998379319906235,0.032998379319906235,1.0,-3.0,success
1914,1.2710754871368408,-0.06911852210760117,-0.00025208911392837763,0.0006015063845552504,0.0005805054097436368,0.0,3.0,success
1915,1.2710752487182617,-0.06911907345056534,-0.0002515217929612845,2.582005618023686e-05,1.8771404938888736e-05,0.0,3.0,success
1916,1.2701776027679443,-0.06860382109880447,-0.0002458829549141228,0.03234465792775154,0.03234417364001274,1.0,-3.0,success
1917,1.269262671470642,-0.06807655096054077,-0.0002459499519318342,0.032999660819768906,0.032999660819768906,1.0,3.0,success
1918,1.2683465480804443,-0.06755104660987854,-0.00024628767278045416,0.03300445154309273,0.03300444781780243,1.0,0.0,success
1919,1.2674304246902466,-0.06702588498592377,-0.0002465828147251159,0.03299912065267563,0.03299912065267563,1.0,3.0,success
1920,1.2665131092071533,-0.06650283187627792,-0.00024681430659256876,0.032998763024806976,0.03299875929951668,1.0,3.0,success
1921,1.2655948400497437,-0.06598126888275146,-0.0002469886385370046,0.033001627773046494,0.033001627773046494,1.0,-3.0,success
1922,1.264677882194519,-0.06545750051736832,-0.0002471376210451126,0.03300013020634651,0.03300013020634651,1.0,-3.0,success
1923,1.2637622356414795,-0.06493154168128967,-0.000247257441515103,0.032998599112033844,0.032998599112033844,1.0,-3.0,success
1924,1.2628474235534668,-0.06440405547618866,-0.00024736346676945686,0.03299980238080025,0.03299980238080025,1.0,3.0,success
1925,1.261931300163269,-0.06387872993946075,-0.0002474384964443743,0.033001672476530075,0.033001672476530075,1.0,3.0,success
1926,1.2610143423080444,-0.0633549615740776,-0.0002474880311638117,0.03300013020634651,0.03300013020634651,1.0,-3.0,success
1927,1.2600986957550049,-0.06282903254032135,-0.000247537245741114,0.032998133450746536,0.032998133450746536,1.0,-3.0,success
1928,1.2591838836669922,-0.06230156868696213,-0.00024758721701800823,0.03299945592880249,0.03299945592880249,1.0,3.0,success
1929,1.2582677602767944,-0.06177626550197601,-0.0002476174558978528,0.03300132229924202,0.03300132229924202,1.0,3.0,success
1930,1.2582533359527588,-0.06176798790693283,-0.000252532830927521,0.0005419335793703794,0.0005197089049033821,0.0,-3.0,success
1931,1.2573562860488892,-0.06125229597091675,-0.00024762071552686393,0.032335229218006134,0.03233486786484718,1.0,-3.0,success
1932,1.256441593170166,-0.060724496841430664,-0.00024734257021918893,0.03300146386027336,0.03300146013498306,1.0,3.0,success
1933,1.2555261850357056,-0.06019822135567665,-0.00024739623768255115,0.032997068017721176,0.032997068017721176,1.0,-3.0,success
1934,1.2555081844329834,-0.060187410563230515,-0.0002523449657019228,0.0006741493125446141,0.0006561718182638288,0.0,-3.0,success
1935,1.2545952796936035,-0.059657663106918335,-0.00024676817702129483,0.03298405185341835,0.03298358991742134,1.0,3.0,success
1936,1.253680944442749,-0.0591292679309845,-0.00024674320593476295,0.03300110250711441,0.03300109878182411,1.0,-3.0,success
1937,1.252767562866211,-0.05859936401247978,-0.00024694125750102103,0.032998938113451004,0.032998934388160706,1.0,3.0,success
1938,1.2527539730072021,-0.0585913360118866,-0.000251996360020712,0.000517927692271769,0.0004932484007440507,0.0,-3.0,success
1939,1.2518410682678223,-0.058061640709638596,-0.00024646613746881485,0.03298322856426239,0.03298277407884598,1.0,3.0,success
1940,1.2509267330169678,-0.05753325670957565,-0.00024650050909258425,0.03300092741847038,0.03300092741847038,1.0,-3.0,success
1941,1.2500133514404297,-0.05700332298874855,-0.000246747222263366,0.03299940377473831,0.03299940377473831,1.0,3.0,success
1942,1.2490986585617065,-0.05647549778223038,-0.0002469453611411154,0.03300187364220619,0.03300187364220619,1.0,3.0,success
1943,1.2490800619125366,-0.05646584555506706,-0.00025198704679496586,0.000673449772875756,0.0006547608063556254,0.0,3.0,success
1944,1.2481813430786133,-0.05595254898071289,-0.0002465664583723992,0.03234334662556648,0.03234289959073067,1.0,3.0,success
1945,1.2472633123397827,-0.05543066933751106,-0.00024648988619446754,0.03300003707408905,0.03300003707408905,1.0,-3.0,success
1946,1.246346116065979,-0.054907191544771194,-0.0002467348240315914,0.0330021008849144,0.0330020971596241,1.0,3.0,success
1947,1.2454278469085693,-0.054385796189308167,-0.0002469354076310992,0.03299904242157936,0.03299904242157936,1.0,3.0,success
1948,1.2445086240768433,-0.05386589467525482,-0.0002470854378771037,0.03300195559859276,0.03300195559859276,1.0,-3.0,success
1949,1.2444909811019897,-0.05385679379105568,-0.00025211411411873996,0.000639967794995755,0.0006203739903867245,0.0,3.0,success
1950,1.24357271194458,-0.053336936980485916,-0.00024655889137648046,0.03297578543424606,0.03297533094882965,1.0,-3.0,success
1951,1.2426544427871704,-0.052815377712249756,-0.0002465940488036722,0.03300157189369202,0.03300157189369202,1.0,3.0,success
1952,1.2417349815368652,-0.052295953035354614,-0.00024681261857040226,0.03300110995769501,0.03300110995769501,1.0,3.0,success
1953,1.240814447402954,-0.05177866667509079,-0.00024699734058231115,0.03299751877784729,0.03299751505255699,1.0,3.0,success
1954,1.2398929595947266,-0.051262881606817245,-0.0002471350017003715,0.03300056234002113,0.033000558614730835,1.0,-3.0,success
1955,1.2389726638793945,-0.050744883716106415,-0.0002472546766512096,0.03300192207098007,0.03300192207098007,1.0,-3.0,success
1956,1.2380534410476685,-0.05022495239973068,-0.0002473561035003513,0.03300241008400917,0.03300241008400917,1.0,0.0,success
1957,1.238034963607788,-0.05021504685282707,-0.00025232104235328734,0.0006732806214131415,0.0006551594706252217,0.0,3.0,success
1958,1.2371329069137573,-0.04970782622694969,-0.000246833631535992,0.03234048932790756,0.03234003484249115,1.0,3.0,success
1959,1.2362112998962402,-0.04919221252202988,-0.0002467037411406636,0.03300119563937187,0.03300119563937187,1.0,-3.0,success
1960,1.2352908849716187,-0.048674434423446655,-0.00024689530255272985,0.03300180286169052,0.03300179913640022,1.0,-3.0,success
1961,1.2343714237213135,-0.048155125230550766,-0.00024707309785299003,0.03299933299422264,0.03299933299422264,1.0,3.0,success
1962,1.2334511280059814,-0.04763736575841904,-0.0002471964107826352,0.03299827128648758,0.03299827128648758,1.0,-3.0,success
1963,1.2334330081939697,-0.04762671887874603,-0.0002521859423723072,0.00067501375451684,0.0006567584350705147,0.0,-3.0,success
1964,1.2325334548950195,-0.04711488261818886,-0.00024672545259818435,0.03234340623021126,0.032342955470085144,1.0,-3.0,success
1965,1.231616497039795,-0.04659111797809601,-0.0002466385194566101,0.033000074326992035,0.033000074326992035,1.0,3.0,success
1966,1.2316030263900757,-0.04658310115337372,-0.000251741090323776,0.0005151646328158677,0.0004898659535683692,0.0,-3.0,success
1967,1.2307047843933105,-0.04606908932328224,-0.000246344628976658,0.032341498881578445,0.03234105929732323,1.0,-3.0,success
1968,1.229789137840271,-0.045543063431978226,-0.000246332841925323,0.03299964219331741,0.03299964219331741,1.0,3.0,success
1969,1.2288721799850464,-0.04501919448375702,-0.0002465995494276285,0.033001694828271866,0.03300169110298157,1.0,3.0,success
1970,1.227954387664795,-0.04449687525629997,-0.00024681640206836164,0.03300035372376442,0.03300035372376442,1.0,-3.0,success
1971,1.2279372215270996,-0.044487711042165756,-0.0002519006375223398,0.0006285124109126627,0.0006080988678149879,0.0,3.0,success
1972,1.2270201444625854,-0.04396553337574005,-0.0002463865093886852,0.032979194074869156,0.03297874331474304,1.0,-3.0,success
1973,1.2261033058166504,-0.04344169795513153,-0.0002464560093358159,0.03299793601036072,0.03299793601036072,1.0,3.0,success
1974,1.225185513496399,-0.042919401079416275,-0.00024669221602380276,0.03300001099705696,0.03300001099705696,1.0,-3.0,success
1975,1.2242685556411743,-0.04239560291171074,-0.0002469105529598892,0.03300059586763382,0.03300059586763382,1.0,3.0,success
1976,1.2242546081542969,-0.042387448251247406,-0.00025197071954607964,0.0005290728877298534,0.0005048890016041696,0.0,-3.0,success
1977,1.2242543697357178,-0.04238780960440636,-0.00025142679805867374,2.17242595681455e-05,1.3528741874324623e-05,0.0,3.0,success
1978,1.2233550548553467,-0.04187554493546486,-0.00024580719764344394,0.032343581318855286,0.03234310820698738,1.0,-3.0,success
1979,1.2224386930465698,-0.04135074466466904,-0.00024587911320850253,0.032999973744153976,0.032999973744153976,1.0,-3.0,success
1980,1.2215231657028198,-0.04082444682717323,-0.00024624570505693555,0.033000648021698,0.033000648021698,1.0,3.0,success
1981,1.220606803894043,-0.040299709886312485,-0.00024653406580910087,0.03299899026751518,0.032998986542224884,1.0,-3.0,success
1982,1.219691514968872,-0.0397728756070137,-0.00024677460896782577,0.033002544194459915,0.033002544194459915,1.0,-3.0,success
1983,1.2187771797180176,-0.03924456611275673,-0.0002469772007316351,0.032999761402606964,0.032999757677316666,1.0,3.0,success
1984,1.2187588214874268,-0.03923444449901581,-0.00025201242533512414,0.0006737438379786909,0.0006551118567585945,0.0,3.0,success
1985,1.2187587022781372,-0.039234619587659836,-0.0002514703955966979,1.818586497392971e-05,6.619313808187144e-06,0.0,3.0,success
1986,1.2178595066070557,-0.03872222825884819,-0.0002458425587974489,0.03234230726957321,0.03234182670712471,1.0,-3.0,success
1987,1.2169427871704102,-0.03819796442985535,-0.00024591744295321405,0.03300134465098381,0.03300134465098381,1.0,3.0,success
1988,1.2160248756408691,-0.03767586499452591,-0.0002462666598148644,0.033000197261571884,0.033000193536281586,1.0,3.0,success
1989,1.2151057720184326,-0.03715593367815018,-0.0002465603465680033,0.03299917280673981,0.03299916908144951,1.0,3.0,success
1990,1.2150869369506836,-0.037146445363759995,-0.00025167924468405545,0.0006781977135688066,0.0006590622942894697,0.0,3.0,success
1991,1.2141838073730469,-0.036640897393226624,-0.0002463201235514134,0.03234413266181946,0.032343700528144836,1.0,3.0,success
1992,1.2132610082626343,-0.036127567291259766,-0.00024630362167954445,0.032998960465192795,0.032998960465192795,1.0,3.0,success
1993,1.2123373746871948,-0.0356157086789608,-0.0002465654397383332,0.032999437302351,0.032999437302351,1.0,-3.0,success
1994,1.2114145755767822,-0.035102229565382004,-0.00024680927162989974,0.03300122916698456,0.03300122544169426,1.0,3.0,success
1995,1.2113957405090332,-0.035092901438474655,-0.00025187863502651453,0.000675659510307014,0.0006568253738805652,0.0,3.0,success
1996,1.2104891538619995,-0.03459363430738449,-0.00024647987447679043,0.032343313097953796,0.03234286978840828,1.0,3.0,success
1997,1.2095627784729004,-0.03408670797944069,-0.00024643135839141905,0.03300014138221741,0.03300014138221741,1.0,3.0,success
1998,1.2086352109909058,-0.03358186408877373,-0.00024667856632731855,0.03300166875123978,0.03300166875123978,1.0,3.0,success
1999,1.2077065706253052,-0.03307909145951271,-0.00024689032579772174,0.03300025314092636,0.03300025314092636,1.0,3.0,success
2000,1.2067770957946777,-0.032577767968177795,-0.0002470491745043546,0.03300166502594948,0.03300166502594948,1.0,-3.0,success
2001,1.2058489322662354,-0.03207414969801903,-0.0002471857296768576,0.03299974650144577,0.03299974650144577,1.0,-3.0,success
2002,1.2049219608306885,-0.03156827390193939,-0.00024729574215598404,0.03300074487924576,0.03300074487924576,1.0,-3.0,success
2003,1.2039963006973267,-0.031060190871357918,-0.0002473840140737593,0.03299791365861893,0.03299791365861893,1.0,-3.0,success
2004,1.203996181488037,-0.031059756875038147,-0.0002524377778172493,0.0001585551508469507,1.4064709830563515e-05,0.0,0.0,success
2005,1.203089714050293,-0.03056020848453045,-0.00024684143136255443,0.03234432265162468,0.03234385326504707,1.0,3.0,success
2006,1.202163815498352,-0.03005244955420494,-0.00024670641869306564,0.03299957141280174,0.03299957141280174,1.0,-3.0,success
2007,1.2021455764770508,-0.030042026191949844,-0.00025177933275699615,0.0006753492052666843,0.0006564793875440955,0.0,-3.0,success
2008,1.2012405395507812,-0.02953994646668434,-0.0002463993150740862,0.03234344348311424,0.03234300762414932,1.0,-3.0,success
2009,1.2003183364868164,-0.029025500640273094,-0.0002463678829371929,0.032999660819768906,0.032999660819768906,1.0,-3.0,success
2010,1.1993969678878784,-0.02850957214832306,-0.00024663723888807,0.03299950063228607,0.03299950063228607,1.0,3.0,success
2011,1.1984742879867554,-0.027995862066745758,-0.00024685673997737467,0.033001482486724854,0.033001482486724854,1.0,3.0,success
2012,1.1984556913375854,-0.02798622101545334,-0.00025191582972183824,0.0006734209018759429,0.0006546000367961824,0.0,3.0,success
2013,1.198455810546875,-0.027985963970422745,-0.0002513834333512932,1.8846854800358415e-05,8.854454790707678e-06,0.0,-3.0,success
2014,1.1975500583648682,-0.027484677731990814,-0.00024579247110523283,0.03235101327300072,0.03235054016113281,1.0,3.0,success
2015,1.1966251134872437,-0.02697514183819294,-0.00024585824576206505,0.03300020098686218,0.03300020098686218,1.0,-3.0,success
2016,1.1957013607025146,-0.026463422924280167,-0.00024621846387162805,0.033000584691762924,0.033000580966472626,1.0,-3.0,success
2017,1.1947784423828125,-0.025950156152248383,-0.0002465318248141557,0.033001258969306946,0.033001258969306946,1.0,3.0,success
2018,1.194759726524353,-0.02594050206243992,-0.0002516565436962992,0.0006773018394596875,0.000658096163533628,0.0,3.0,success
2019,1.1938530206680298,-0.025441598147153854,-0.0002463017590343952,0.03234109655022621,0.03234066069126129,1.0,3.0,success
2020,1.1929265260696411,-0.02493475191295147,-0.00024628336541354656,0.033002205193042755,0.033002205193042755,1.0,0.0,success
2021,1.192907691001892,-0.024925367906689644,-0.0002514486259315163,0.0006771228509023786,0.0006576022715307772,0.0,3.0,success
2022,1.1919810771942139,-0.024420524016022682,-0.0002460308896843344,0.0329759307205677,0.03297549486160278,1.0,-3.0,success
2023,1.191969871520996,-0.02441500872373581,-0.0002510944614186883,0.000421151373302564,0.0003902942989952862,0.0,3.0,success
2024,1.1910438537597656,-0.023910336196422577,-0.0002457030350342393,0.03295700624585152,0.032956574112176895,1.0,-3.0,success
2025,1.1901174783706665,-0.023403365164995193,-0.00024589960230514407,0.03300081193447113,0.03300081193447113,1.0,0.0,success
2026,1.1891908645629883,-0.022896783426404,-0.00024626238155178726,0.03300151228904724,0.03300151228904724,1.0,3.0,success
2027,1.1882634162902832,-0.022391773760318756,-0.0002465473080519587,0.033000871539115906,0.033000871539115906,1.0,-3.0,success
2028,1.1873372793197632,-0.02188461646437645,-0.0002467850863467902,0.032997071743011475,0.032997071743011475,1.0,-3.0,success
2029,1.1873188018798828,-0.02187471091747284,-0.0002518687106203288,0.0006741450051777065,0.0006551594706252217,0.0,3.0,success
2030,1.186410665512085,-0.021378206089138985,-0.0002464716089889407,0.03234424069523811,0.03234380483627319,1.0,3.0,success
2031,1.1854829788208008,-0.02087358944118023,-0.00024641433265060186,0.03300154581665993,0.03300154581665993,1.0,-3.0,success
2032,1.1845566034317017,-0.02036682888865471,-0.0002466640726197511,0.03299765661358833,0.03299765661358833,1.0,-3.0,success
2033,1.1836309432983398,-0.019858555868268013,-0.0002468880848027766,0.03300077095627785,0.03300077095627785,1.0,3.0,success
2034,1.1827044486999512,-0.019351864233613014,-0.00024704853422008455,0.03299988806247711,0.03299988806247711,1.0,-3.0,success
2035,1.1817787885665894,-0.01884332485496998,-0.00024719088105484843,0.033004775643348694,0.033004775643348694,1.0,0.0,success
2036,1.1808531284332275,-0.01833517849445343,-0.00024730595760047436,0.032998863607645035,0.032998863607645035,1.0,3.0,success
2037,1.1799262762069702,-0.017829228192567825,-0.0002473923086654395,0.03299858793616295,0.03299858793616295,1.0,3.0,success
2038,1.1789982318878174,-0.017325453460216522,-0.00024746134295128286,0.03299880400300026,0.03299880400300026,1.0,3.0,success
2039,1.1789792776107788,-0.01731632649898529,-0.00025239947717636824,0.0006752829067409039,0.0006574141443707049,0.0,3.0,success
2040,1.1789789199829102,-0.01731691136956215,-0.0002517804969102144,2.8863698389614e-05,2.1423265934572555e-05,0.0,3.0,success
2041,1.1780661344528198,-0.016829127445816994,-0.00024610187392681837,0.03234250843524933,0.03234202042222023,1.0,3.0,success
2042,1.178065538406372,-0.016829073429107666,-0.0002510810736566782,0.00015671996516175568,1.8702781744650565e-05,0.0,-3.0,success
2043,1.1771529912948608,-0.0163409486413002,-0.0002457342925481498,0.03234090656042099,0.03234047442674637,1.0,-3.0,success
2044,1.1762226819992065,-0.015841232612729073,-0.00024584122002124786,0.03300081938505173,0.03300081938505173,1.0,3.0,success
2045,1.1752915382385254,-0.015343021601438522,-0.0002461962285451591,0.03300158306956291,0.03300158306956291,1.0,-3.0,success
2046,1.1743613481521606,-0.014843244105577469,-0.00024651383864693344,0.032998450100421906,0.032998450100421906,1.0,3.0,success
2047,1.1734302043914795,-0.014344992116093636,-0.00024674899759702384,0.03300218656659126,0.03300218656659126,1.0,-3.0,success
2048,1.1725000143051147,-0.013845180161297321,-0.0002469566243235022,0.032998956739902496,0.0329989530146122,1.0,3.0,success
2049,1.1715686321258545,-0.013347523286938667,-0.00024711331934668124,0.03299998492002487,0.03299998492002487,1.0,3.0,success
2050,1.1706364154815674,-0.012851410545408726,-0.0002472279011271894,0.033000290393829346,0.033000290393829346,1.0,-3.0,success
2051,1.1697050333023071,-0.012353701516985893,-0.00024733965983614326,0.03300075605511665,0.03300075605511665,1.0,3.0,success
2052,1.16877281665802,-0.011857510544359684,-0.0002474093926139176,0.03300143778324127,0.03300143778324127,1.0,-3.0,success
2053,1.1687541007995605,-0.011848172172904015,-0.000252367666689679,0.0006717463256791234,0.0006536320433951914,0.0,3.0,success
2054,1.1678402423858643,-0.011362304911017418,-0.0002468711172696203,0.03234389051795006,0.032343436032533646,1.0,3.0,success
2055,1.166906476020813,-0.010869134217500687,-0.0002467439335305244,0.03300001472234726,0.03300001472234726,1.0,3.0,success
2056,1.1659716367721558,-0.010378115810453892,-0.0002469283062964678,0.03299833461642265,0.032998330891132355,1.0,3.0,success
2057,1.1650358438491821,-0.009888608008623123,-0.00024707900593057275,0.0330028161406517,0.0330028161406517,1.0,-3.0,success
2058,1.164101004600525,-0.009397460147738457,-0.00024722065427340567,0.033000215888023376,0.033000215888023376,1.0,3.0,success
2059,1.1631650924682617,-0.008908430114388466,-0.0002473247004672885,0.032999198883771896,0.032999198883771896,1.0,3.0,success
2060,1.163145899772644,-0.00889970175921917,-0.0002522903378121555,0.000676907948218286,0.0006588814430870116,0.0,3.0,success
2061,1.162208914756775,-0.008414472453296185,-0.0002467044978402555,0.03297458961606026,0.03297412768006325,1.0,-3.0,success
2062,1.1612719297409058,-0.00792746152728796,-0.00024671078426763415,0.03299976885318756,0.03299976885318756,1.0,3.0,success
2063,1.1603341102600098,-0.007441964000463486,-0.00024689576821401715,0.033001139760017395,0.033001139760017395,1.0,-3.0,success
2064,1.1593971252441406,-0.006954871118068695,-0.0002470735053066164,0.03300095349550247,0.03300095349550247,1.0,3.0,success
2065,1.1584594249725342,-0.006469310726970434,-0.00024719652719795704,0.03299873694777489,0.03299873694777489,1.0,-3.0,success
2066,1.1584408283233643,-0.006459475960582495,-0.0002521857968531549,0.000675644027069211,0.0006574081489816308,0.0,-3.0,success
2067,1.157505750656128,-0.0059702699072659016,-0.00024664169177412987,0.0329790897667408,0.03297863528132439,1.0,3.0,success
2068,1.1565691232681274,-0.005482446402311325,-0.0002466415462549776,0.033001579344272614,0.033001579344272614,1.0,-3.0,success
2069,1.1556336879730225,-0.004992423113435507,-0.0002468496677465737,0.03300038352608681,0.03300038352608681,1.0,-3.0,success
2070,1.154699444770813,-0.004500209353864193,-0.0002470268518663943,0.03299923986196518,0.03299923986196518,1.0,-3.0,success
2071,1.1537659168243408,-0.004006476607173681,-0.0002471789193805307,0.03300163149833679,0.03300163149833679,1.0,3.0,success
2072,1.1537472009658813,-0.0039970772340893745,-0.00025217366055585444,0.0006728401058353484,0.0006544853677041829,0.0,3.0,success
2073,1.1528301239013672,-0.0035174190998077393,-0.0002467153826728463,0.032342348247766495,0.03234189748764038,1.0,3.0,success
2074,1.1518932580947876,-0.0030299932695925236,-0.0002466091827955097,0.033002447336912155,0.033002447336912155,1.0,-3.0,success
2075,1.1509575843811035,-0.002540375106036663,-0.00024681974900886416,0.033001113682985306,0.033001113682985306,1.0,-3.0,success
2076,1.1509389877319336,-0.0025308828335255384,-0.0002518958935979754,0.0006714793853461742,0.0006524731870740652,0.0,3.0,success
2077,1.1500216722488403,-0.002051534131169319,-0.0002464932622388005,0.03234446048736572,0.032344017177820206,1.0,3.0,success
2078,1.1490846872329712,-0.0015644445084035397,-0.00024643162032589316,0.03300090506672859,0.03300090506672859,1.0,-3.0,success
2079,1.148148536682129,-0.0010758149437606335,-0.00024668799596838653,0.03300001099705696,0.03300001099705696,1.0,3.0,success
2080,1.1472115516662598,-0.000588749535381794,-0.0002468876482453197,0.033000554889440536,0.033000554889440536,1.0,-3.0,success
2081,1.1462757587432861,-9.950944513548166e-05,-0.00024705720716156065,0.032998938113451004,0.032998938113451004,1.0,-3.0,success
2082,1.1453410387039185,0.0003919042646884918,-0.0002471934421919286,0.03300078213214874,0.03300078213214874,1.0,-3.0,success
2083,1.1444075107574463,0.0008854546467773616,-0.0002473025815561414,0.03299896791577339,0.03299896791577339,1.0,-3.0,success
2084,1.144389271736145,0.0008958990802057087,-0.0002522717113606632,0.0006749134045094252,0.0006568063399754465,0.0,-3.0,success
2085,1.1434766054153442,0.0013840319588780403,-0.0002467942249495536,0.032344330102205276,0.03234387934207916,1.0,-3.0,success
2086,1.1425461769104004,0.0018834921065717936,-0.0002466934674885124,0.03300032019615173,0.03300032019615173,1.0,3.0,success
2087,1.1425275802612305,0.0018931458471342921,-0.00025177080533467233,0.0006737324292771518,0.0006547826342284679,0.0,3.0,success
2088,1.1415959596633911,0.0023885585833340883,-0.00024628895334899426,0.032974015921354294,0.03297357261180878,1.0,-3.0,success
2089,1.1406642198562622,0.002885611727833748,-0.00024637754540890455,0.03300096094608307,0.03300096094608307,1.0,3.0,success
2090,1.1406455039978027,0.0028950534760951996,-0.0002515224041417241,0.0006745220744051039,0.0006550807738676667,0.0,3.0,success
2091,1.1397300958633423,0.003377984743565321,-0.0002461937547195703,0.03234371915459633,0.032343290746212006,1.0,3.0,success
2092,1.1387946605682373,0.003868130501359701,-0.0002462021657265723,0.033002160489559174,0.033002160489559174,1.0,3.0,success
2093,1.1378581523895264,0.004356107674539089,-0.0002464950375724584,0.03300049528479576,0.03300049155950546,1.0,3.0,success
2094,1.1369209289550781,0.004842565860599279,-0.0002467325539328158,0.03299842029809952,0.03299842029809952,1.0,-3.0,success
2095,1.1369023323059082,0.004852231126278639,-0.00025181457749567926,0.0006739282398484647,0.0006549485842697322,0.0,-3.0,success
2096,1.1359676122665405,0.005342419724911451,-0.0002463447453919798,0.03298342600464821,0.03298298269510269,1.0,3.0,success
2097,1.1350312232971191,0.005830630660057068,-0.0002464145072735846,0.03300056234002113,0.03300056234002113,1.0,3.0,success
2098,1.1340937614440918,0.006316700018942356,-0.0002466690493747592,0.032999437302351,0.032999437302351,1.0,3.0,success
2099,1.133155107498169,0.0068006510846316814,-0.0002468828170094639,0.03300212696194649,0.03300212696194649,1.0,3.0,success
2100,1.1322154998779297,0.0072825029492378235,-0.00024705438409000635,0.03299863263964653,0.03299863263964653,1.0,3.0,success
2101,1.131274700164795,0.007762271910905838,-0.0002471916959621012,0.03300216421484947,0.03300216421484947,1.0,3.0,success
2102,1.1303329467773438,0.008239969611167908,-0.0002473015629220754,0.03299938514828682,0.03299938514828682,1.0,3.0,success
2103,1.1293904781341553,0.008716218173503876,-0.0002473779895808548,0.03299887105822563,0.03299887105822563,1.0,-3.0,success
2104,1.1284488439559937,0.009194540791213512,-0.00024745415430516005,0.03300490230321884,0.03300490230321884,1.0,0.0,success
2105,1.1275073289871216,0.009672618471086025,-0.00024751704768277705,0.032998114824295044,0.032998114824295044,1.0,3.0,success
2106,1.126564621925354,0.010148576460778713,-0.0002475616929586977,0.03300142660737038,0.03300142660737038,1.0,3.0,success
2107,1.12562096118927,0.010622415691614151,-0.0002475972578395158,0.03299827128648758,0.03299827128648758,1.0,3.0,success
2108,1.1246764659881592,0.011094768531620502,-0.00024761457461863756,0.033000774681568146,0.033000774681568146,1.0,-3.0,success
2109,1.1237329244613647,0.011568818241357803,-0.0002476490626577288,0.032997891306877136,0.032997891306877136,1.0,3.0,success
2110,1.1237143278121948,0.011577876284718513,-0.00025253943749703467,0.0006642365478910506,0.0006464170292019844,0.0,-3.0,success
2111,1.122789978981018,0.012043481692671776,-0.00024700610083527863,0.032343972474336624,0.032343506813049316,1.0,-3.0,success
2112,1.1218479871749878,0.012520869262516499,-0.00024685251992195845,0.033001650124788284,0.033001646399497986,1.0,-3.0,success
2113,1.120906949043274,0.012999866157770157,-0.0002470250765327364,0.03299785032868385,0.03299785032868385,1.0,3.0,success
2114,1.1199647188186646,0.013476663269102573,-0.00024716724874451756,0.03299995884299278,0.03299995884299278,1.0,3.0,success
2115,1.1190216541290283,0.013951885513961315,-0.0002472710330039263,0.03300105035305023,0.03300105035305023,1.0,-3.0,success
2116,1.118079423904419,0.01442871056497097,-0.00024737411877140403,0.03300034999847412,0.03300034999847412,1.0,3.0,success
2117,1.118060827255249,0.014438091777265072,-0.0002523194416426122,0.0006689972942695022,0.0006509026861749589,0.0,-3.0,success
2118,1.1171194314956665,0.014914828352630138,-0.0002467479498591274,0.03297629579901695,0.03297583758831024,1.0,3.0,success
2119,1.1161764860153198,0.015390199609100819,-0.000246726005570963,0.03299982100725174,0.03299982100725174,1.0,-3.0,success
2120,1.115234613418579,0.015867816284298897,-0.000246917043114081,0.03300156444311142,0.03300156071782112,1.0,-3.0,success
2121,1.1142939329147339,0.01634766161441803,-0.00024708060664124787,0.032999929040670395,0.032999929040670395,1.0,-3.0,success
2122,1.1133540868759155,0.016829416155815125,-0.0002472169289831072,0.033003877848386765,0.033003877848386765,1.0,0.0,success
2123,1.1124144792556763,0.017311396077275276,-0.0002473171043675393,0.033000461757183075,0.033000461757183075,1.0,-3.0,success
2124,1.1114757061004639,0.017794882878661156,-0.0002474108769092709,0.032998789101839066,0.032998789101839066,1.0,3.0,success
2125,1.1105360984802246,0.018276752904057503,-0.000247466639848426,0.03299889340996742,0.03299889340996742,1.0,-3.0,success
2126,1.1095975637435913,0.018760766834020615,-0.0002475204528309405,0.03299971669912338,0.03299971669912338,1.0,-3.0,success
2127,1.1086597442626953,0.01924629881978035,-0.00024757362552918494,0.03300163522362709,0.03300163522362709,1.0,3.0,success
2128,1.107721209526062,0.019730206578969955,-0.00024759682128205895,0.03299819305539131,0.03299819305539131,1.0,-3.0,success
2129,1.1077024936676025,0.019739625975489616,-0.0002525174350012094,0.0006725800922140479,0.000654766452498734,0.0,3.0,success
2130,1.106764793395996,0.02022326923906803,-0.0002468876773491502,0.03297170251607895,0.032971229404211044,1.0,-3.0,success
2131,1.1058273315429688,0.020709192380309105,-0.0002468463790137321,0.032997336238622665,0.032997336238622665,1.0,-3.0,success
2132,1.1048904657363892,0.021196605637669563,-0.0002470237959641963,0.03300226479768753,0.03300226479768753,1.0,3.0,success
2133,1.1039525270462036,0.021681753918528557,-0.00024716605548746884,0.0329994335770607,0.0329994335770607,1.0,3.0,success
2134,1.1030137538909912,0.02216527611017227,-0.00024727024720050395,0.032999299466609955,0.032999299466609955,1.0,-3.0,success
2135,1.1020760536193848,0.02265097014605999,-0.0002473632339388132,0.033000655472278595,0.033000655472278595,1.0,-3.0,success
2136,1.1011395454406738,0.023138834163546562,-0.0002474381763022393,0.03299885615706444,0.03299885615706444,1.0,-3.0,success
2137,1.1002039909362793,0.023628834635019302,-0.00024749833391979337,0.03300335258245468,0.03300335258245468,1.0,-3.0,success
2138,1.0992697477340698,0.024120941758155823,-0.0002475465298630297,0.03299769014120102,0.03299769014120102,1.0,-3.0,success
2139,1.0983364582061768,0.024615131318569183,-0.00024758517974987626,0.033001724630594254,0.033001724630594254,1.0,-3.0,success
2140,1.0974040031433105,0.025110749527812004,-0.0002476251684129238,0.032999612390995026,0.032999612390995026,1.0,3.0,success
2141,1.096470594406128,0.025604702532291412,-0.00024763820692896843,0.03300156071782112,0.03300156071782112,1.0,-3.0,success
2142,1.0964523553848267,0.025615107268095016,-0.00025253943749703467,0.0006738288211636245,0.0006561907357536256,0.0,-3.0,success
2143,1.095539927482605,0.02610360085964203,-0.0002470084873493761,0.03234308958053589,0.03234262764453888,1.0,-3.0,success
2144,1.0946097373962402,0.02660345658659935,-0.00024686477263458073,0.03299960494041443,0.03299960494041443,1.0,3.0,success
2145,1.0945911407470703,0.026613084599375725,-0.00025190782616846263,0.0006731211324222386,0.0006544125499203801,0.0,3.0,success
2146,1.0936771631240845,0.02709871716797352,-0.0002465016732458025,0.03234372287988663,0.03234328329563141,1.0,3.0,success
2147,1.0927436351776123,0.02759222686290741,-0.00024643834331072867,0.032998375594615936,0.03299837186932564,1.0,-3.0,success
2148,1.0918108224868774,0.028087275102734566,-0.000246693380177021,0.0330011248588562,0.0330011248588562,1.0,3.0,success
2149,1.090876817703247,0.028580140322446823,-0.0002469019964337349,0.03300214558839798,0.03300214558839798,1.0,3.0,success
2150,1.0899420976638794,0.029071446508169174,-0.00024705889518372715,0.03299922123551369,0.03299921751022339,1.0,-3.0,success
2151,1.0890084505081177,0.029564961791038513,-0.00024719396606087685,0.033001746982336044,0.033001746982336044,1.0,-3.0,success
2152,1.0880757570266724,0.0300600528717041,-0.00024731276789680123,0.0329984650015831,0.0329984650015831,1.0,3.0,success
2153,1.0871421098709106,0.030553575605154037,-0.0002473880595061928,0.033001858741045,0.033001858741045,1.0,-3.0,success
2154,1.086209774017334,0.03104926459491253,-0.00024745744303800166,0.032997362315654755,0.032997362315654755,1.0,-3.0,success
2155,1.0852783918380737,0.03154711425304413,-0.0002475135261192918,0.0330028235912323,0.0330028235912323,1.0,-3.0,success
2156,1.0843480825424194,0.03204682096838951,-0.0002475632063578814,0.033000681549310684,0.033000681549310684,1.0,0.0,success
2157,1.0834178924560547,0.032546717673540115,-0.00024759414372965693,0.03300020843744278,0.03300020843744278,1.0,-3.0,success
2158,1.0824885368347168,0.03304808586835861,-0.0002476323570590466,0.032999053597450256,0.03299904987215996,1.0,3.0,success
2159,1.0815582275390625,0.033547837287187576,-0.0002476437948644161,0.03300134092569351,0.03300134092569351,1.0,-3.0,success
2160,1.0806291103363037,0.03404969349503517,-0.0002476621884852648,0.03299973905086517,0.03299973905086517,1.0,-3.0,success
2161,1.0797011852264404,0.03455366566777229,-0.00024767746799625456,0.032998476177453995,0.032998476177453995,1.0,-3.0,success
2162,1.078774333000183,0.03505972772836685,-0.0002476898080203682,0.033000264316797256,0.033000264316797256,1.0,-3.0,success
2163,1.0778483152389526,0.03556722775101662,-0.0002477088710293174,0.0329989492893219,0.0329989492893219,1.0,3.0,success
2164,1.0778298377990723,0.03557710722088814,-0.00025259709218516946,0.0006723576807416975,0.0006547748926095665,0.0,3.0,success
2165,1.0769025087356567,0.036080531775951385,-0.0002469510363880545,0.03297441080212593,0.032973941415548325,1.0,-3.0,success
2166,1.0759755373001099,0.0365862213075161,-0.0002468971651978791,0.03299795836210251,0.03299795836210251,1.0,-3.0,success
2167,1.0750494003295898,0.03709373250603676,-0.00024705956457182765,0.03300238400697708,0.03300238400697708,1.0,0.0,success
2168,1.0741233825683594,0.03760142996907234,-0.000247190851951018,0.033001914620399475,0.033001914620399475,1.0,-3.0,success
2169,1.0731985569000244,0.03811119869351387,-0.0002473003987688571,0.03300045430660248,0.03300045430660248,1.0,-3.0,success
2170,1.0722745656967163,0.0386224091053009,-0.0002473974891472608,0.03299940750002861,0.03299940377473831,1.0,3.0,success
2171,1.0713497400283813,0.03913198783993721,-0.0002474560751579702,0.03299758583307266,0.03299758583307266,1.0,-3.0,success
2172,1.0704258680343628,0.03964364156126976,-0.0002475121582392603,0.03300285339355469,0.03300285339355469,1.0,-3.0,success
2173,1.0695029497146606,0.04015675559639931,-0.00024756690254434943,0.032998938113451004,0.032998938113451004,1.0,3.0,success
2174,1.068579077720642,0.04066825658082962,-0.00024759152438491583,0.03300053998827934,0.03300053998827934,1.0,-3.0,success
2175,1.067656397819519,0.041181836277246475,-0.00024762042448855937,0.03299950063228607,0.03299950063228607,1.0,-3.0,success
2176,1.0667345523834229,0.04169689118862152,-0.00024765351554378867,0.032999176532030106,0.032999176532030106,1.0,3.0,success
2177,1.0658117532730103,0.04221033304929733,-0.0002476607623975724,0.03300065919756889,0.03300065919756889,1.0,-3.0,success
2178,1.065793514251709,0.04222039133310318,-0.00025256877415813506,0.0006687204586341977,0.0006508940132334828,0.0,3.0,success
2179,1.0648715496063232,0.04273354262113571,-0.00024692824808880687,0.03297393023967743,0.03297346085309982,1.0,-3.0,success
2180,1.0648621320724487,0.04273874685168266,-0.00025181873934343457,0.0003693465259857476,0.00033624470233917236,0.0,3.0,success
2181,1.0639573335647583,0.04324131831526756,-0.0002463760902173817,0.03234439715743065,0.03234395012259483,1.0,3.0,success
2182,1.063033103942871,0.04375211521983147,-0.00024633549037389457,0.0329996719956398,0.0329996719956398,1.0,-3.0,success
2183,1.0630147457122803,0.04376199468970299,-0.000251494551775977,0.0006711438181810081,0.0006514920387417078,0.0,3.0,success
2184,1.0620912313461304,0.04427255317568779,-0.00024606785154901445,0.032976940274238586,0.032976504415273666,1.0,-3.0,success
2185,1.06116783618927,0.04478474333882332,-0.0002462008560542017,0.03299794718623161,0.03299794718623161,1.0,3.0,success
2186,1.0602431297302246,0.045294735580682755,-0.0002464979188516736,0.03300056234002113,0.03300056234002113,1.0,3.0,success
2187,1.0593175888061523,0.04580315575003624,-0.0002467353770043701,0.03299972042441368,0.03299972042441368,1.0,-3.0,success
2188,1.058393120765686,0.04631373658776283,-0.0002469353494234383,0.03300292789936066,0.03300292789936066,1.0,-3.0,success
2189,1.0583750009536743,0.046324312686920166,-0.0002519777335692197,0.0006743103149347007,0.0006556406733579934,0.0,-3.0,success
2190,1.057471513748169,0.04682914540171623,-0.00024655897868797183,0.03234298527240753,0.032342541962862015,1.0,-3.0,success
2191,1.0565508604049683,0.04734637960791588,-0.00024649567785672843,0.03299996629357338,0.03299996629357338,1.0,-3.0,success
2192,1.0556310415267944,0.04786507785320282,-0.0002467393933329731,0.032999683171510696,0.032999683171510696,1.0,3.0,success
2193,1.055612564086914,0.04787508025765419,-0.00025182150420732796,0.000675529008731246,0.0006565949879586697,0.0,3.0,success
2194,1.05470871925354,0.048379216343164444,-0.00024643336655572057,0.032342128455638885,0.032341692596673965,1.0,3.0,success
2195,1.0537853240966797,0.04889164865016937,-0.00024638374452479184,0.0330016165971756,0.0330016165971756,1.0,-3.0,success
2196,1.0537850856781006,0.04889192059636116,-0.0002516230451874435,0.00016411773685831577,1.1301882295811083e-05,0.0,0.0,success
2197,1.0528814792633057,0.049396488815546036,-0.00024617798044346273,0.03234221041202545,0.032341763377189636,1.0,-3.0,success
2198,1.0519605875015259,0.04991341754794121,-0.00024618665338493884,0.03300178796052933,0.03300178796052933,1.0,-3.0,success
2199,1.0510406494140625,0.05043182894587517,-0.00024649209808558226,0.032998524606227875,0.032998524606227875,1.0,3.0,success
2200,1.0501197576522827,0.05094865337014198,-0.0002467311860527843,0.033000193536281586,0.03300018981099129,1.0,-3.0,success
2201,1.0491999387741089,0.051467571407556534,-0.0002469323226250708,0.0330030582845211,0.0330030582845211,1.0,-3.0,success
2202,1.0491820573806763,0.05147847905755043,-0.00025197555078193545,0.0006732581532560289,0.0006545521318912506,0.0,-3.0,success
2203,1.0482648611068726,0.05200079828500748,-0.0002464723656885326,0.032984618097543716,0.0329841710627079,1.0,3.0,success
2204,1.0473458766937256,0.05252109840512276,-0.0002465167490299791,0.0330016054213047,0.0330016054213047,1.0,3.0,success
2205,1.046425700187683,0.05303921550512314,-0.0002467504236847162,0.03300050273537636,0.03300050273537636,1.0,3.0,success
2206,1.0455046892166138,0.05355580151081085,-0.00024693712475709617,0.03299979493021965,0.03299979493021965,1.0,-3.0,success
2207,1.04458487033844,0.05407457426190376,-0.00024709655554033816,0.033000823110342026,0.033000823110342026,1.0,-3.0,success
2208,1.0445672273635864,0.05408409610390663,-0.0002521222922950983,0.0006458989810198545,0.0006265137926675379,0.0,3.0,success
2209,1.043648362159729,0.05460271239280701,-0.0002465667494107038,0.032972924411296844,0.032972466200590134,1.0,-3.0,success
2210,1.0427297353744507,0.055123601108789444,-0.00024659011978656054,0.03300094977021217,0.03300094977021217,1.0,-3.0,success
2211,1.0418119430541992,0.05564596503973007,-0.0002468189341016114,0.033001046627759933,0.033001046627759933,1.0,3.0,success
2212,1.040893316268921,0.056166745722293854,-0.000246992742177099,0.03299928084015846,0.03299928084015846,1.0,-3.0,success
2213,1.0408753156661987,0.05617757886648178,-0.00025202325196005404,0.0006750901811756194,0.0006565316580235958,0.0,-3.0,success
2214,1.0399774312973022,0.05669231340289116,-0.0002465954457875341,0.03234302997589111,0.032342586666345596,1.0,-3.0,success
2215,1.0390625,0.05721963196992874,-0.000246524898102507,0.03300041705369949,0.03300041705369949,1.0,-3.0,success
2216,1.0381486415863037,0.057749029248952866,-0.0002467533922754228,0.03300388529896736,0.03300388529896736,1.0,-3.0,success
2217,1.0372358560562134,0.058279842138290405,-0.0002469593018759042,0.032997094094753265,0.032997094094753265,1.0,3.0,success
2218,1.0363216400146484,0.058808427304029465,-0.00024711486184969544,0.033000845462083817,0.033000845462083817,1.0,3.0,success
2219,1.0354061126708984,0.05933479964733124,-0.0002472391352057457,0.03300180658698082,0.03300180658698082,1.0,3.0,success
2220,1.0344897508621216,0.059859614819288254,-0.00024732862948440015,0.03300020471215248,0.03300020098686218,1.0,-3.0,success
2221,1.0335743427276611,0.060385968536138535,-0.00024742010282352567,0.03299828618764877,0.03299828618764877,1.0,3.0,success
2222,1.0326579809188843,0.06091080233454704,-0.0002474738284945488,0.03300049528479576,0.03300049528479576,1.0,-3.0,success
2223,1.0317425727844238,0.061437513679265976,-0.00024753095931373537,0.03300385922193527,0.03300385922193527,1.0,0.0,success
2224,1.031724214553833,0.06144755333662033,-0.0002524608571548015,0.0006717828218825161,0.0006538791349157691,0.0,3.0,success
2225,1.0308258533477783,0.06196143478155136,-0.0002469453902449459,0.03234272822737694,0.03234227001667023,1.0,3.0,success
2226,1.0299078226089478,0.06248323246836662,-0.00024680327624082565,0.03299877420067787,0.03299877420067787,1.0,3.0,success
2227,1.0289888381958008,0.06300351768732071,-0.00024696518084965646,0.0330013781785965,0.0330013744533062,1.0,-3.0,success
2228,1.0280708074569702,0.06352537870407104,-0.0002471288025844842,0.03299975022673607,0.03299975022673607,1.0,3.0,success
2229,1.0280566215515137,0.06353336572647095,-0.0002521442365832627,0.0005323398509062827,0.0005087442696094513,0.0,-3.0,success
2230,1.0271390676498413,0.06405510008335114,-0.0002465869765728712,0.032985296100378036,0.032984841614961624,1.0,3.0,success
2231,1.0262202024459839,0.06457553058862686,-0.00024659710470587015,0.03300037235021591,0.03300037235021591,1.0,-3.0,success
2232,1.0253026485443115,0.06509815156459808,-0.0002468139282427728,0.032998546957969666,0.03299854323267937,1.0,-3.0,success
2233,1.0243862867355347,0.0656229555606842,-0.00024699815548956394,0.03300002962350845,0.03300002962350845,1.0,-3.0,success
2234,1.024369716644287,0.06563223898410797,-0.000252048164838925,0.0006141658523119986,0.0005935442168265581,0.0,3.0,success
2235,1.0243699550628662,0.06563278287649155,-0.00025148128042928874,2.5655854187789373e-05,1.85579319804674e-05,0.0,-3.0,success
2236,1.0234699249267578,0.06614986062049866,-0.00024585743085481226,0.03243766725063324,0.032437194138765335,1.0,3.0,success
2237,1.0225529670715332,0.06667353212833405,-0.00024593243142589927,0.03299863263964653,0.03299863263964653,1.0,3.0,success
2238,1.0216346979141235,0.06719505786895752,-0.00024627905804663897,0.03300105780363083,0.03300105407834053,1.0,3.0,success
2239,1.020715594291687,0.06771507859230042,-0.000246559880906716,0.03300054743885994,0.03300054743885994,1.0,-3.0,success
2240,1.019797444343567,0.06823669373989105,-0.0002468054590281099,0.0329991951584816,0.0329991951584816,1.0,3.0,success
2241,1.0188783407211304,0.06875681132078171,-0.00024698214838281274,0.033002037554979324,0.033002037554979324,1.0,-3.0,success
2242,1.0188602209091187,0.06876729428768158,-0.00025201443349942565,0.000672814785502851,0.0006541783805005252,0.0,-3.0,success
2243,1.0179436206817627,0.06929139047861099,-0.0002464975113980472,0.03299596160650253,0.03299551457166672,1.0,0.0,success
2244,1.0170267820358276,0.06981527805328369,-0.0002465435827616602,0.032998744398355484,0.032998744398355484,1.0,3.0,success
2245,1.0161089897155762,0.07033766061067581,-0.00024676203611306846,0.033001333475112915,0.033001333475112915,1.0,-3.0,success
2246,1.0160908699035645,0.07034824788570404,-0.000251837947871536,0.0006747270817868412,0.0006558167515322566,0.0,-3.0,success
2247,1.0151939392089844,0.07086464762687683,-0.0002464468707330525,0.03234310820698738,0.03234266862273216,1.0,-3.0,success
2248,1.014280080795288,0.07139374315738678,-0.00024640580522827804,0.03299915790557861,0.03299915790557861,1.0,-3.0,success
2249,1.0133674144744873,0.07192494720220566,-0.00024665798991918564,0.033000022172927856,0.033000022172927856,1.0,-3.0,success
2250,1.012455940246582,0.07245822995901108,-0.0002468737366143614,0.03300058841705322,0.03300058841705322,1.0,-3.0,success
2251,1.0115456581115723,0.07299354672431946,-0.0002470470790285617,0.03300061449408531,0.03300061449408531,1.0,-3.0,success
2252,1.0106362104415894,0.07353026419878006,-0.000247194868279621,0.033000361174345016,0.033000361174345016,1.0,3.0,success
2253,1.00972580909729,0.07406537234783173,-0.00024729411234147847,0.03300052136182785,0.03300052136182785,1.0,-3.0,success
2254,1.0088162422180176,0.07460189610719681,-0.0002473921631462872,0.03300049528479576,0.03300049528479576,1.0,3.0,success
2255,1.0079054832458496,0.0751362219452858,-0.0002474611974321306,0.03299777954816818,0.03299777954816818,1.0,3.0,success
2256,1.006993293762207,0.07566837221384048,-0.00024751623277552426,0.033002033829689026,0.033002033829689026,1.0,3.0,success
2257,1.006079912185669,0.07619837671518326,-0.0002475604705978185,0.033000510185956955,0.033000510185956955,1.0,3.0,success
2258,1.005165696144104,0.07672689110040665,-0.00024758538347668946,0.032999735325574875,0.032999735325574875,1.0,-3.0,success
2259,1.0042524337768555,0.07725697755813599,-0.0002476255758665502,0.03299857676029205,0.03299857676029205,1.0,3.0,success
2260,1.0033382177352905,0.07778558880090714,-0.00024763800320215523,0.03300125524401665,0.03300125524401665,1.0,-3.0,success
2261,1.0024253129959106,0.07831636816263199,-0.0002476571244187653,0.03299978747963905,0.03299978747963905,1.0,-3.0,success
2262,1.0024096965789795,0.0783250480890274,-0.00025258027017116547,0.0005791384028270841,0.0005583296879194677,0.0,3.0,success
2263,1.0014976263046265,0.07885568588972092,-0.0002469235914759338,0.03297549858689308,0.03297502547502518,1.0,-3.0,success
2264,1.0005855560302734,0.07938796281814575,-0.00024688499979674816,0.03300080820918083,0.03300080820918083,1.0,3.0,success
2265,0.9996722936630249,0.07991808652877808,-0.0002470450708642602,0.03299915790557861,0.03299915790557861,1.0,3.0,success
2266,0.99875807762146,0.08044665306806564,-0.00024717289488762617,0.033000554889440536,0.033000554889440536,1.0,-3.0,success
2267,0.9978447556495667,0.08097675442695618,-0.00024729553842917085,0.03300042077898979,0.03300042077898979,1.0,3.0,success
2268,0.9969302415847778,0.08150473237037659,-0.00024738433421589434,0.03299941495060921,0.03299941495060921,1.0,3.0,success
2269,0.9960144758224487,0.08203058689832687,-0.0002474551147315651,0.03300020471215248,0.03300020098686218,1.0,3.0,success
2270,0.9960004091262817,0.08203834295272827,-0.000252405705396086,0.0005252757691778243,0.0005019768723286688,0.0,-3.0,success
2271,0.9951034188270569,0.08255456387996674,-0.00024687833501957357,0.03234195336699486,0.03234149143099785,1.0,-3.0,success
2272,0.9941890835762024,0.08308293670415878,-0.0002467600570525974,0.033000752329826355,0.033000752329826355,1.0,3.0,success
2273,0.993273913860321,0.08360983431339264,-0.000246931187575683,0.03300030529499054,0.03300030529499054,1.0,-3.0,success
2274,0.99235999584198,0.0841389000415802,-0.0002470911422278732,0.03300030529499054,0.03300030529499054,1.0,-3.0,success
2275,0.9914473295211792,0.08467011153697968,-0.000247220421442762,0.03300013765692711,0.03300013765692711,1.0,-3.0,success
2276,0.9914295077323914,0.0846811980009079,-0.00025220573297701776,0.0006741452380083501,0.0006558970781043172,0.0,-3.0,success
2277,0.9905194044113159,0.08521582931280136,-0.00024665670935064554,0.03298540040850639,0.03298494592308998,1.0,3.0,success
2278,0.9896079301834106,0.0857490822672844,-0.00024665441014803946,0.03300011530518532,0.03300011530518532,1.0,-3.0,success
2279,0.9886972904205322,0.08628382533788681,-0.00024687021505087614,0.033001165837049484,0.033001165837049484,1.0,3.0,success
2280,0.9877854585647583,0.08681641519069672,-0.00024704349925741553,0.03299930691719055,0.03299930691719055,1.0,3.0,success
2281,0.9877669215202332,0.08682630956172943,-0.000252065306995064,0.0006751295295543969,0.0006566371885128319,0.0,3.0,success
2282,0.9868714809417725,0.0873449444770813,-0.0002472408232279122,0.032337624579668045,0.03233727067708969,1.0,-3.0,success
2283,0.9859586358070374,0.08787574619054794,-0.00024703843519091606,0.03299852833151817,0.03299852833151817,1.0,3.0,success
2284,0.985044538974762,0.08840441703796387,-0.00024716288316994905,0.032998960465192795,0.032998960465192795,1.0,3.0,success
2285,0.9841291904449463,0.08893093466758728,-0.00024727702839300036,0.032999228686094284,0.032999224960803986,1.0,3.0,success
2286,0.983212947845459,0.08945595473051071,-0.0002473586646374315,0.0330001562833786,0.0330001562833786,1.0,-3.0,success
2287,0.9822975993156433,0.08998255431652069,-0.0002474442298989743,0.03300050273537636,0.03300050273537636,1.0,3.0,success
2288,0.9813814759254456,0.09050767123699188,-0.00024749297881498933,0.032998427748680115,0.032998427748680115,1.0,-3.0,success
2289,0.9804661870002747,0.09103434532880783,-0.00024755162303335965,0.033000048249959946,0.033000048249959946,1.0,3.0,success
2290,0.9795500636100769,0.0915595218539238,-0.00024757892242632806,0.03299935534596443,0.03299935534596443,1.0,-3.0,success
2291,0.978634774684906,0.09208624809980392,-0.00024762030807323754,0.03300086036324501,0.03300086036324501,1.0,3.0,success
2292,0.9777186512947083,0.09261146187782288,-0.0002476338704582304,0.03299993276596069,0.03299993276596069,1.0,-3.0,success
2293,0.9768037796020508,0.09313882887363434,-0.0002476538938935846,0.03299956023693085,0.03299956023693085,1.0,-3.0,success
2294,0.9758901000022888,0.09366834163665771,-0.00024767054128460586,0.03300086036324501,0.03300086036324501,1.0,-3.0,success
2295,0.9749776721000671,0.09419994801282883,-0.00024768407456576824,0.032999906688928604,0.032999906688928604,1.0,-3.0,success
2296,0.974066436290741,0.09473363310098648,-0.00024769501760602,0.033000506460666656,0.033000506460666656,1.0,-3.0,success
2297,0.9740487933158875,0.0947449654340744,-0.0002525854797568172,0.0006728647858835757,0.0006552792619913816,0.0,-3.0,success
2298,0.974048912525177,0.09474512189626694,-0.0002519398694857955,2.1090945665491745e-05,6.146904979686951e-06,0.0,3.0,success
2299,0.973156750202179,0.09526972472667694,-0.00024622908676974475,0.03234328702092171,0.03234279528260231,1.0,3.0,success
2300,0.9731384515762329,0.09527995437383652,-0.00025109900161623955,0.0006725660641677678,0.0006551221013069153,0.0,3.0,success
2301,0.9731383323669434,0.0952797532081604,-0.0002507244353182614,1.3798860891256481e-05,7.307321993721416e-06,0.0,3.0,success
2302,0.9731382131576538,0.09527952969074249,-0.00025014052516780794,1.9890370822395198e-05,7.916241884231567e-06,0.0,3.0,success
2303,0.972241222858429,0.09579572826623917,-0.0002447746810503304,0.03234158083796501,0.03234114497900009,1.0,3.0,success
2304,0.9713248014450073,0.09632053971290588,-0.0002450417377986014,0.03300176188349724,0.03300176188349724,1.0,-3.0,success
2305,0.9704093337059021,0.09684687107801437,-0.0002455758221913129,0.03299956023693085,0.03299955278635025,1.0,3.0,success
2306,0.9694929718971252,0.09737169742584229,-0.0002459981187712401,0.03300037980079651,0.03300037607550621,1.0,-3.0,success
2307,0.9685774445533752,0.09789805114269257,-0.0002463561249896884,0.03300151601433754,0.03300151601433754,1.0,3.0,success
2308,0.9676607251167297,0.09842227399349213,-0.00024663310614414513,0.03300071135163307,0.03300071135163307,1.0,3.0,success
2309,0.9667428135871887,0.09894436597824097,-0.0002468543534632772,0.03300008177757263,0.03300008177757263,1.0,3.0,success
2310,0.9658240675926208,0.09946496039628983,-0.000247020652750507,0.03299965336918831,0.03299965336918831,1.0,-3.0,success
2311,0.9649062156677246,0.09998715668916702,-0.0002471740008331835,0.033000074326992035,0.033000074326992035,1.0,3.0,success
2312,0.9639871716499329,0.10050726681947708,-0.00024728738935664296,0.03300030156970024,0.03300030156970024,1.0,3.0,success
2313,0.9630669355392456,0.1010252833366394,-0.0002473777858540416,0.033000584691762924,0.033000584691762924,1.0,3.0,success
2314,0.9621455073356628,0.10154121369123459,-0.000247450137976557,0.03300115466117859,0.03300115466117859,1.0,3.0,success
2315,0.9612230062484741,0.10205508768558502,-0.0002475081419106573,0.03299909457564354,0.03299909457564354,1.0,3.0,success
2316,0.9612223505973816,0.10205455124378204,-0.00025252695195376873,0.00015905636246316135,2.6473160687601194e-05,0.0,0.0,success
2317,0.9603171944618225,0.10255643725395203,-0.0002469131723046303,0.03234380483627319,0.03234332799911499,1.0,3.0,success
2318,0.9593923687934875,0.1030661091208458,-0.0002467744052410126,0.03299899026751518,0.03299899026751518,1.0,3.0,success
2319,0.9584667086601257,0.10357434302568436,-0.00024694151943549514,0.03300018236041069,0.03300018236041069,1.0,-3.0,success
2320,0.9575420022010803,0.10408426076173782,-0.000247110117925331,0.032999437302351,0.032999437302351,1.0,3.0,success
2321,0.9566164612770081,0.10459272563457489,-0.0002472255437169224,0.033000390976667404,0.033000390976667404,1.0,-3.0,success
2322,0.9556918144226074,0.10510282218456268,-0.00024733791360631585,0.033000506460666656,0.033000506460666656,1.0,3.0,success
2323,0.954766035079956,0.10561082512140274,-0.0002474184730090201,0.032999973744153976,0.032999973744153976,1.0,3.0,success
2324,0.9547470808029175,0.10561992973089218,-0.0002523653383832425,0.0006750506581738591,0.0006571114063262939,0.0,3.0,success
2325,0.9538200497627258,0.10612417012453079,-0.00024676413158886135,0.03297839313745499,0.03297792747616768,1.0,-3.0,success
2326,0.9528931379318237,0.10663018375635147,-0.00024675880558788776,0.03300117328763008,0.03300117328763008,1.0,3.0,success
2327,0.9519651532173157,0.10713408142328262,-0.000246944633545354,0.03299899771809578,0.03299899771809578,1.0,3.0,success
2328,0.9510359168052673,0.10763584822416306,-0.00024710307479836047,0.03300169110298157,0.03300169110298157,1.0,3.0,success
2329,0.9501059651374817,0.1081361249089241,-0.00024721946101635695,0.03299926966428757,0.03299926966428757,1.0,-3.0,success
2330,0.9491772055625916,0.10863865911960602,-0.0002473220811225474,0.03299998492002487,0.03299998492002487,1.0,-3.0,success
2331,0.948249340057373,0.10914281010627747,-0.00024741532979533076,0.03299950435757637,0.03299950435757637,1.0,3.0,success
2332,0.947320282459259,0.1096448227763176,-0.0002474802313372493,0.03300042450428009,0.03300042450428009,1.0,3.0,success
2333,0.9473019242286682,0.10965457558631897,-0.00025240384275093675,0.0006675981567241251,0.0006496257265098393,0.0,-3.0,success
2334,0.9463735818862915,0.11015650629997253,-0.00024681517970748246,0.03298000618815422,0.03297954052686691,1.0,3.0,success
2335,0.9454434514045715,0.1106564998626709,-0.000246790616074577,0.033000003546476364,0.033000003546476364,1.0,3.0,success
2336,0.9445121884346008,0.11115439236164093,-0.00024696989567019045,0.03300017490983009,0.033000171184539795,1.0,3.0,success
2337,0.9435797929763794,0.11165020614862442,-0.0002471235056873411,0.03300083428621292,0.03300083428621292,1.0,3.0,success
2338,0.9426466226577759,0.11214455217123032,-0.0002472356427460909,0.03300072252750397,0.03300072252750397,1.0,-3.0,success
2339,0.9417147040367126,0.11264119297266006,-0.0002473348577041179,0.032999828457832336,0.032999828457832336,1.0,-3.0,success
2340,0.940783679485321,0.11313948035240173,-0.00024742563255131245,0.032999418675899506,0.032999418675899506,1.0,3.0,success
2341,0.9398515224456787,0.11363564431667328,-0.0002474885550327599,0.03299940004944801,0.03299940004944801,1.0,3.0,success
2342,0.9389182925224304,0.11413000524044037,-0.00024753311299718916,0.0330025851726532,0.0330025851726532,1.0,0.0,success
2343,0.9379850029945374,0.11462407559156418,-0.00024757973733358085,0.03299998119473457,0.03299998119473457,1.0,3.0,success
2344,0.9370505809783936,0.11511604487895966,-0.0002476117806509137,0.03300062566995621,0.03300062566995621,1.0,3.0,success
2345,0.9361150860786438,0.1156059056520462,-0.00024763730471022427,0.0329996794462204,0.0329996794462204,1.0,3.0,success
2346,0.9351785182952881,0.11609368026256561,-0.00024765776470303535,0.03299921751022339,0.03299921751022339,1.0,3.0,success
2347,0.9342408180236816,0.11657937616109848,-0.00024767423747107387,0.033000681549310684,0.033000681549310684,1.0,3.0,success
2348,0.9342222213745117,0.11658836156129837,-0.0002525591116864234,0.0006632326985709369,0.0006454261601902544,0.0,-3.0,success
2349,0.9332854747772217,0.11707417666912079,-0.00024693962768651545,0.032976407557725906,0.0329759381711483,1.0,3.0,success
2350,0.9323472380638123,0.11755871772766113,-0.00024687862605787814,0.03299899399280548,0.03299899399280548,1.0,-3.0,success
2351,0.9314101934432983,0.11804557591676712,-0.00024703869712539017,0.032999224960803986,0.03299922123551369,1.0,-3.0,success
2352,0.9304739236831665,0.11853408068418503,-0.00024718823260627687,0.03300150856375694,0.03300150856375694,1.0,3.0,success
2353,0.9295366406440735,0.11902044713497162,-0.0002472986525390297,0.03299875557422638,0.03299875557422638,1.0,3.0,success
2354,0.928598165512085,0.1195046603679657,-0.0002473867207299918,0.03300091624259949,0.03300091624259949,1.0,3.0,success
2355,0.9276586174964905,0.11998674273490906,-0.00024745723931118846,0.033000264316797256,0.033000264316797256,1.0,3.0,success
2356,0.92671799659729,0.12046672403812408,-0.00024751375894993544,0.03300020098686218,0.03300020098686218,1.0,3.0,success
2357,0.9257763028144836,0.12094461917877197,-0.0002475590445101261,0.03300051391124725,0.03300051391124725,1.0,3.0,success
2358,0.9248335361480713,0.12142042815685272,-0.0002475953078828752,0.03300099074840546,0.03300099074840546,1.0,3.0,success
2359,0.9238897562026978,0.12189417332410812,-0.000247624353505671,0.03300028294324875,0.03300028294324875,1.0,3.0,success
2360,0.9229453206062317,0.12236647307872772,-0.00024763611145317554,0.03299836441874504,0.03299836441874504,1.0,-3.0,success
2361,0.9220016598701477,0.1228405013680458,-0.00024766637943685055,0.033000923693180084,0.033000923693180084,1.0,3.0,success
2362,0.9210569858551025,0.12331245839595795,-0.0002476814261171967,0.033000241965055466,0.033000241965055466,1.0,3.0,success
2363,0.9201112389564514,0.12378229945898056,-0.00024769309675320983,0.03300076723098755,0.03300076723098755,1.0,3.0,success
2364,0.9191644787788391,0.12425004690885544,-0.0002477024681866169,0.03300009295344353,0.03300009295344353,1.0,3.0,success
2365,0.9182167053222656,0.12471571564674377,-0.00024771003518253565,0.03299979120492935,0.03299979120492935,1.0,3.0,success
2366,0.917267918586731,0.12517932057380676,-0.0002477161178831011,0.03299984708428383,0.03299984708428383,1.0,3.0,success
2367,0.9163180589675903,0.1256408393383026,-0.0002477210364304483,0.033001430332660675,0.033001430332660675,1.0,3.0,success
2368,0.915367603302002,0.12610092759132385,-0.00024771338212303817,0.03299868479371071,0.03299868106842041,1.0,-3.0,success
2369,0.9144179224967957,0.12656275928020477,-0.00024772819597274065,0.033000681549310684,0.033000681549310684,1.0,3.0,success
2370,0.913467288017273,0.12702250480651855,-0.00024773087352514267,0.03299904987215996,0.03299904987215996,1.0,3.0,success
2371,0.9125155806541443,0.127480149269104,-0.00024773264885880053,0.033000729978084564,0.033000729978084564,1.0,3.0,success
2372,0.9115632176399231,0.12793630361557007,-0.0002477227826602757,0.032999053597450256,0.032999053597450256,1.0,-3.0,success
2373,0.9115437865257263,0.12794433534145355,-0.00025261848350055516,0.0006746270810253918,0.0006570506375283003,0.0,3.0,success
2374,0.9105940461158752,0.12839969992637634,-0.0002469764731358737,0.03291495144367218,0.032914482057094574,1.0,-3.0,success
2375,0.9096425771713257,0.12885773181915283,-0.00024691957514733076,0.03299926221370697,0.03299926221370697,1.0,3.0,success
2376,0.908690333366394,0.12931419909000397,-0.0002470623585395515,0.0329999178647995,0.0329999178647995,1.0,-3.0,success
2377,0.9077388644218445,0.12977229058742523,-0.00024720668443478644,0.033000070601701736,0.033000070601701736,1.0,3.0,success
2378,0.906786322593689,0.1302281767129898,-0.0002473133208695799,0.03300047665834427,0.03300047293305397,1.0,3.0,success
2379,0.9058327078819275,0.1306818723678589,-0.0002473983622621745,0.03300125524401665,0.03300125524401665,1.0,3.0,success
2380,0.9048784375190735,0.1311340034008026,-0.00024745569680817425,0.032998789101839066,0.032998789101839066,1.0,-3.0,success
2381,0.9039252400398254,0.13158844411373138,-0.0002475110813975334,0.032999493181705475,0.032999493181705475,1.0,-3.0,success
2382,0.9029731154441833,0.132045179605484,-0.0002475560759194195,0.03300018608570099,0.03300018608570099,1.0,-3.0,success
2383,0.9020217657089233,0.13250349462032318,-0.0002476023219060153,0.03299974650144577,0.03299974650144577,1.0,3.0,success
2384,0.9010695815086365,0.13296020030975342,-0.0002476196677889675,0.03300146013498306,0.03300146013498306,1.0,-3.0,success
2385,0.9001182317733765,0.133418470621109,-0.00024765278794802725,0.03299913927912712,0.03299913927912712,1.0,3.0,success
2386,0.8991661071777344,0.13387514650821686,-0.00024765997659415007,0.03299937769770622,0.03299937769770622,1.0,-3.0,success
2387,0.8982149958610535,0.1343340128660202,-0.00024767490685917437,0.03300051763653755,0.03300051763653755,1.0,-3.0,success
2388,0.8972646594047546,0.1347944587469101,-0.0002476972294971347,0.03300020098686218,0.03300020098686218,1.0,3.0,success
2389,0.8963132500648499,0.13525263965129852,-0.0002477053494658321,0.03299960494041443,0.03299960494041443,1.0,3.0,success
2390,0.8953607678413391,0.13570857048034668,-0.0002477116067893803,0.032999396324157715,0.032999396324157715,1.0,3.0,success
2391,0.8953418731689453,0.13571742177009583,-0.00025258847745135427,0.0006696094060316682,0.0006520355236716568,0.0,-3.0,success
2392,0.8944088220596313,0.13616517186164856,-0.00024704617680981755,0.032341789454221725,0.03234132379293442,1.0,-3.0,success
2393,0.89345782995224,0.13662433624267578,-0.0002468846505507827,0.033001210540533066,0.033001210540533066,1.0,-3.0,success
2394,0.8934388160705566,0.13663311302661896,-0.00025193378678523004,0.0006731842877343297,0.0006544317002408206,0.0,3.0,success
2395,0.8934390544891357,0.13663361966609955,-0.00025139766512438655,2.4225368179031648e-05,1.7497961380286142e-05,0.0,-3.0,success
2396,0.8925075531005859,0.13708506524562836,-0.00024580437457188964,0.03234834223985672,0.032347869127988815,1.0,3.0,success
2397,0.8915560245513916,0.13754308223724365,-0.0002458772505633533,0.03300074115395546,0.03300074115395546,1.0,3.0,success
2398,0.8906037211418152,0.1379995048046112,-0.0002462239935994148,0.033000994473695755,0.033000994473695755,1.0,-3.0,success
2399,0.8896522521972656,0.1384575515985489,-0.0002465360448695719,0.032999467104673386,0.032999467104673386,1.0,3.0,success
2400,0.8886997103691101,0.13891339302062988,-0.0002467770245857537,0.03299987316131592,0.03299987316131592,1.0,3.0,success
2401,0.8877463936805725,0.13936768472194672,-0.00024695892352610826,0.033000849187374115,0.033000849187374115,1.0,-3.0,success
2402,0.886793851852417,0.13982361555099487,-0.000247124582529068,0.03300107643008232,0.03300107643008232,1.0,3.0,success
2403,0.885840654373169,0.14027801156044006,-0.0002472373889759183,0.03299889340996742,0.03299889340996742,1.0,-3.0,success
2404,0.8848881721496582,0.1407340168952942,-0.000247347226832062,0.0330004021525383,0.0330004021525383,1.0,3.0,success
2405,0.8839349746704102,0.14118845760822296,-0.00024741547531448305,0.032999493181705475,0.032999493181705475,1.0,-3.0,success
2406,0.8829824924468994,0.14164452254772186,-0.0002474896318744868,0.03300120681524277,0.03300120681524277,1.0,3.0,success
2407,0.8820289969444275,0.14209838211536407,-0.000247539603151381,0.03300008922815323,0.03300008922815323,1.0,3.0,success
2408,0.8820096254348755,0.14210650324821472,-0.0002524619339965284,0.0006741875549778342,0.0006564048817381263,0.0,3.0,success
2409,0.881057620048523,0.1425553262233734,-0.0002468545571900904,0.03289109095931053,0.032890625298023224,1.0,-3.0,success
2410,0.8801034092903137,0.14300771057605743,-0.00024680813658051193,0.03300049528479576,0.03300049528479576,1.0,-3.0,success
2411,0.8800842761993408,0.14301633834838867,-0.0002518760156817734,0.0006747373845428228,0.0006558879977092147,0.0,3.0,success
2412,0.8791330456733704,0.14346760511398315,-0.00024638441391289234,0.032901830971241,0.03290138393640518,1.0,-3.0,success
2413,0.8781796097755432,0.14392155408859253,-0.0002464437857270241,0.03299960866570473,0.03299960866570473,1.0,3.0,success
2414,0.8772250413894653,0.14437322318553925,-0.0002466917794663459,0.03300103172659874,0.03300103172659874,1.0,3.0,success
2415,0.8762694597244263,0.1448226422071457,-0.00024690048303455114,0.0329996719956398,0.0329996682703495,1.0,3.0,success
2416,0.8753131031990051,0.1452704668045044,-0.0002470576437190175,0.03300042450428009,0.03300042077898979,1.0,-3.0,success
2417,0.8743578195571899,0.14572057127952576,-0.0002471929183229804,0.033000364899635315,0.033000364899635315,1.0,-3.0,success
2418,0.8734033107757568,0.14617229998111725,-0.00024731195298954844,0.033000145107507706,0.033000145107507706,1.0,3.0,success
2419,0.8724480867385864,0.1466224193572998,-0.0002473873901180923,0.03299887850880623,0.03299887850880623,1.0,-3.0,success
2420,0.8714935779571533,0.1470741331577301,-0.00024746707640588284,0.03299994394183159,0.03299994394183159,1.0,3.0,success
2421,0.8705382943153381,0.14752425253391266,-0.0002475114306434989,0.03300056606531143,0.03300056606531143,1.0,-3.0,success
2422,0.869583785533905,0.14797595143318176,-0.0002475662622600794,0.03299974650144577,0.03299974650144577,1.0,3.0,success
2423,0.868628203868866,0.1484254151582718,-0.00024760077940300107,0.033000264316797256,0.033000264316797256,1.0,3.0,success
2424,0.8676719069480896,0.14887329936027527,-0.0002476177760399878,0.03299952670931816,0.03299952670931816,1.0,-3.0,success
2425,0.8676525950431824,0.14888161420822144,-0.000252534169703722,0.000674780982080847,0.0006570577388629317,0.0,3.0,success
2426,0.8676527738571167,0.1488819122314453,-0.0002518784604035318,2.319135091966018e-05,1.0860992915695533e-05,0.0,-3.0,success
2427,0.8667160868644714,0.14932240545749664,-0.00024618927272967994,0.03234713524580002,0.03234664350748062,1.0,3.0,success
2428,0.8657592535018921,0.14976926147937775,-0.0002461851399857551,0.03300110250711441,0.03300109878182411,1.0,3.0,success
2429,0.8657397627830505,0.14977718889713287,-0.0002513638464733958,0.000677160220220685,0.0006575374864041805,0.0,3.0,success
2430,0.8647858500480652,0.15021845698356628,-0.00024598182062618434,0.032845161855220795,0.03284472972154617,1.0,-3.0,success
2431,0.8638283610343933,0.15066388249397278,-0.00024610376567579806,0.03300078585743904,0.03300078585743904,1.0,-3.0,success
2432,0.8628715872764587,0.15111090242862701,-0.00024642940843477845,0.03300158306956291,0.03300158306956291,1.0,3.0,success
2433,0.8619141578674316,0.1515563428401947,-0.00024668106925673783,0.03299929201602936,0.03299929201602936,1.0,-3.0,success
2434,0.8609573841094971,0.15200334787368774,-0.00024690217105671763,0.033001381903886795,0.033001381903886795,1.0,3.0,success
2435,0.8599996566772461,0.1524481177330017,-0.0002470696927048266,0.03299890458583832,0.03299890458583832,1.0,3.0,success
2436,0.8599806427955627,0.15245680510997772,-0.0002520753478165716,0.000671733112540096,0.0006532656843774021,0.0,-3.0,success
2437,0.8590237498283386,0.15290142595767975,-0.0002465536817908287,0.032973743975162506,0.03297329321503639,1.0,3.0,success
2438,0.8580653071403503,0.15334470570087433,-0.00024656992172822356,0.03299960121512413,0.03299960121512413,1.0,-3.0,success
2439,0.8571078777313232,0.15379028022289276,-0.0002467921585775912,0.03300106152892113,0.03300106152892113,1.0,-3.0,success
2440,0.856151282787323,0.15423749387264252,-0.0002469909086357802,0.032999079674482346,0.032999079674482346,1.0,3.0,success
2441,0.855193555355072,0.154682457447052,-0.0002471406478434801,0.033001452684402466,0.033001452684402466,1.0,3.0,success
2442,0.8542348742485046,0.1551252007484436,-0.0002472601772751659,0.03299933299422264,0.03299933299422264,1.0,3.0,success
2443,0.8532751202583313,0.15556573867797852,-0.0002473558997735381,0.03300096467137337,0.03300096467137337,1.0,3.0,success
2444,0.8523144125938416,0.15600410103797913,-0.0002474325883667916,0.03299977257847786,0.03299977257847786,1.0,3.0,success
2445,0.8513529896736145,0.15644094347953796,-0.00024748293799348176,0.03300043195486069,0.03300043195486069,1.0,-3.0,success
2446,0.8503923416137695,0.1568794995546341,-0.00024754376499913633,0.03300059214234352,0.03300059214234352,1.0,3.0,success
2447,0.849431037902832,0.15731653571128845,-0.0002475724904797971,0.03299954906105995,0.03299954906105995,1.0,-3.0,success
2448,0.8494116067886353,0.15732447803020477,-0.00025249808095395565,0.0006738053634762764,0.0006559884641319513,0.0,3.0,success
2449,0.8484503626823425,0.15776123106479645,-0.00024687385302968323,0.03299465775489807,0.032994188368320465,1.0,0.0,success
2450,0.8474888205528259,0.15819773077964783,-0.00024684416712261736,0.032999396324157715,0.032999396324157715,1.0,3.0,success
2451,0.8465262651443481,0.15863201022148132,-0.0002470127074047923,0.032999638468027115,0.032999638468027115,1.0,3.0,success
2452,0.8455629944801331,0.15906472504138947,-0.0002471467887517065,0.03299994766712189,0.03299994766712189,1.0,-3.0,success
2453,0.8446004390716553,0.15949910879135132,-0.0002472747873980552,0.03300097584724426,0.03300097584724426,1.0,3.0,success
2454,0.8436369299888611,0.15993130207061768,-0.00024736791965551674,0.03300006687641144,0.03300006687641144,1.0,3.0,success
2455,0.8426727652549744,0.16036193072795868,-0.00024743142421357334,0.032998792827129364,0.032998792827129364,1.0,-3.0,success
2456,0.841709315776825,0.1607942283153534,-0.0002475024666637182,0.03299970552325249,0.03299970552325249,1.0,3.0,success
2457,0.8407448530197144,0.1612243354320526,-0.00024754999321885407,0.033000655472278595,0.033000655472278595,1.0,3.0,success
2458,0.8397794365882874,0.16165225207805634,-0.00024758774088695645,0.03300008177757263,0.03300008177757263,1.0,3.0,success
2459,0.838813066482544,0.16207797825336456,-0.00024761800887063146,0.0329996719956398,0.0329996719956398,1.0,3.0,success
2460,0.8378456830978394,0.16250155866146088,-0.00024764231056906283,0.033001698553562164,0.033001698553562164,1.0,3.0,success
2461,0.8368774056434631,0.16292299330234528,-0.00024766181013546884,0.03300048038363457,0.03300048038363457,1.0,3.0,success
2462,0.8359085321426392,0.1633429229259491,-0.0002476661466062069,0.03299882635474205,0.03299882635474205,1.0,-3.0,success
2463,0.8349403738975525,0.1637646108865738,-0.0002476903609931469,0.033000219613313675,0.033000219613313675,1.0,3.0,success
2464,0.833971381187439,0.16418451070785522,-0.0002476949302945286,0.03300187364220619,0.03300187364220619,1.0,0.0,success
2465,0.8330023288726807,0.16460414230823517,-0.00024770922027528286,0.03300024941563606,0.03300024941563606,1.0,3.0,success
2466,0.8320323824882507,0.1650215983390808,-0.00024771536118350923,0.0329989530146122,0.0329989530146122,1.0,3.0,success
2467,0.8320125341415405,0.16502860188484192,-0.00025260273832827806,0.0006752407643944025,0.0006577412132173777,0.0,3.0,success
2468,0.8310601711273193,0.16543374955654144,-0.0002470593899488449,0.032342929393053055,0.03234246373176575,1.0,3.0,success
2469,0.8300872445106506,0.16584442555904388,-0.00024689495330676436,0.033001553267240524,0.033001553267240524,1.0,3.0,success
2470,0.8291134834289551,0.1662529557943344,-0.00024704940733499825,0.03299957513809204,0.03299957513809204,1.0,3.0,success
2471,0.8281387686729431,0.16665934026241302,-0.0002471869520377368,0.03300119936466217,0.03300119936466217,1.0,3.0,success
2472,0.8271632790565491,0.16706392168998718,-0.0002472918713465333,0.03300192207098007,0.03300192207098007,1.0,0.0,success
2473,0.826187789440155,0.16746830940246582,-0.0002473870699759573,0.03299960494041443,0.03299960494041443,1.0,3.0,success
2474,0.8252117037773132,0.16787119209766388,-0.0002474467328283936,0.032998837530612946,0.032998837530612946,1.0,-3.0,success
2475,0.8251922130584717,0.16787894070148468,-0.0002523853036109358,0.0006733765476383269,0.000655452604405582,0.0,-3.0,success
2476,0.8242260813713074,0.16828280687332153,-0.00024683985975570977,0.03272382542490959,0.03272336348891258,1.0,3.0,success
2477,0.8232507109642029,0.16868755221366882,-0.00024677382316440344,0.03300044685602188,0.03300044685602188,1.0,3.0,success
2478,0.8232314586639404,0.1686951071023941,-0.0002518271212466061,0.0006653118180111051,0.0006462990422733128,0.0,-3.0,success
2479,0.8222654461860657,0.1690964549779892,-0.0002463959972374141,0.03269009292125702,0.0326896533370018,1.0,3.0,success
2480,0.8212892413139343,0.16949911415576935,-0.0002464141580276191,0.032999616116285324,0.032999616116285324,1.0,3.0,success
2481,0.8203120827674866,0.1698995977640152,-0.00024666707031428814,0.03300132974982262,0.03300132974982262,1.0,3.0,success
2482,0.8193340301513672,0.17029790580272675,-0.00024688124540261924,0.033001482486724854,0.033001482486724854,1.0,3.0,success
2483,0.818355143070221,0.17069405317306519,-0.0002470532199367881,0.033000245690345764,0.033000245690345764,1.0,3.0,success
2484,0.8173754215240479,0.1710880696773529,-0.0002471908228471875,0.032999515533447266,0.032999515533447266,1.0,3.0,success
2485,0.816395103931427,0.17148059606552124,-0.00024728942662477493,0.03299945965409279,0.03299945965409279,1.0,-3.0,success
2486,0.8154154419898987,0.17187491059303284,-0.00024738910724408925,0.033001262694597244,0.033001262694597244,1.0,3.0,success
2487,0.8153954148292542,0.17188149690628052,-0.00025234228814952075,0.0006767632439732552,0.0006588242831639946,0.0,3.0,success
2488,0.8144309520721436,0.17226575314998627,-0.00024682446382939816,0.03244393691420555,0.03244347870349884,1.0,-3.0,success
2489,0.8134508728981018,0.17265892028808594,-0.00024672108702361584,0.03299999609589577,0.03299999609589577,1.0,-3.0,success
2490,0.8124714493751526,0.1730537861585617,-0.0002469206228852272,0.03300079330801964,0.03300078958272934,1.0,3.0,success
2491,0.8114911317825317,0.17344637215137482,-0.0002470838080625981,0.0330001525580883,0.0330001525580883,1.0,3.0,success
2492,0.8105101585388184,0.1738373339176178,-0.000247204297920689,0.03300034627318382,0.03300034627318382,1.0,-3.0,success
2493,0.8095299005508423,0.1742299646139145,-0.0002473207423463464,0.0329989418387413,0.0329989418387413,1.0,3.0,success
2494,0.8085486888885498,0.1746203452348709,-0.00024740459048189223,0.03300055116415024,0.03300055116415024,1.0,3.0,success
2495,0.80852872133255,0.17462705075740814,-0.0002523540169931948,0.0006761594559065998,0.0006582315545529127,0.0,3.0,success
2496,0.807565450668335,0.1750054806470871,-0.00024686031974852085,0.03234231099486351,0.0323418565094471,1.0,3.0,success
2497,0.8065817356109619,0.17538949847221375,-0.0002467248123139143,0.03300042822957039,0.03300042822957039,1.0,-3.0,success
2498,0.8055989742279053,0.1757759004831314,-0.0002469118917360902,0.032999858260154724,0.032999858260154724,1.0,-3.0,success
2499,0.8046171069145203,0.1761646419763565,-0.00024707618285901845,0.033000700175762177,0.033000700175762177,1.0,-3.0,success
2500,0.8045977354049683,0.17617273330688477,-0.00025209016166627407,0.0006744970451109111,0.0006560453330166638,0.0,-3.0,success
2501,0.8036373257637024,0.1765585094690323,-0.00024664911325089633,0.032343968749046326,0.03234352171421051,1.0,-3.0,success
2502,0.8026580810546875,0.17695367336273193,-0.00024657734320499003,0.03299909457564354,0.03299909085035324,1.0,3.0,success
2503,0.8016781210899353,0.17734716832637787,-0.0002467854064889252,0.03300034999847412,0.03300034999847412,1.0,-3.0,success
2504,0.8016585111618042,0.17735470831394196,-0.00025186777929775417,0.0006754852947779,0.0006565480725839734,0.0,3.0,success
2505,0.8006943464279175,0.1777421534061432,-0.0002464416902512312,0.03247229382395744,0.032471850514411926,1.0,-3.0,success
2506,0.7997150421142578,0.17813728749752045,-0.00024642914650030434,0.03300046920776367,0.03300046920776367,1.0,3.0,success
2507,0.7987347841262817,0.17853008210659027,-0.00024667728575877845,0.033000845462083817,0.033000845462083817,1.0,3.0,success
2508,0.797753632068634,0.17892055213451385,-0.0002468887250870466,0.032999854534864426,0.032999854534864426,1.0,3.0,success
2509,0.7967715859413147,0.17930874228477478,-0.0002470586623530835,0.03299956023693085,0.03299955651164055,1.0,3.0,success
2510,0.795788586139679,0.17969466745853424,-0.0002471947518642992,0.03300134092569351,0.03300134092569351,1.0,3.0,success
2511,0.7948047518730164,0.18007837235927582,-0.0002473037166055292,0.033000342547893524,0.033000342547893524,1.0,3.0,success
2512,0.7938200235366821,0.1804598718881607,-0.0002473909698892385,0.03300141915678978,0.03300141915678978,1.0,3.0,success
2513,0.7928348183631897,0.18083982169628143,-0.0002474496141076088,0.03299785405397415,0.03299785405397415,1.0,-3.0,success
2514,0.791850209236145,0.18122155964374542,-0.0002475171640980989,0.0330006368458271,0.0330006368458271,1.0,3.0,success
2515,0.7908647656440735,0.18160110712051392,-0.0002475619548931718,0.03300028666853905,0.03300028666853905,1.0,3.0,success
2516,0.7908446192741394,0.18160735070705414,-0.0002524800365790725,0.0006767960148863494,0.0006591146811842918,0.0,3.0,success
2517,0.7898772954940796,0.18197526037693024,-0.00024696128093637526,0.032341908663511276,0.032341450452804565,1.0,3.0,success
2518,0.788889467716217,0.18234853446483612,-0.00024680548813194036,0.03300001844763756,0.03300001844763756,1.0,-3.0,success
2519,0.787902295589447,0.18272358179092407,-0.0002469872706569731,0.03300049155950546,0.03300049155950546,1.0,3.0,success
2520,0.7869142889976501,0.18309639394283295,-0.0002471373591106385,0.033000145107507706,0.033000145107507706,1.0,3.0,success
2521,0.7859256863594055,0.18346762657165527,-0.0002472469350323081,0.03300018608570099,0.03300018608570099,1.0,-3.0,success
2522,0.7849377393722534,0.18384060263633728,-0.00024735499755479395,0.03300021216273308,0.03300021216273308,1.0,3.0,success
2523,0.7839491963386536,0.18421199917793274,-0.0002474215580150485,0.033000245690345764,0.033000245690345764,1.0,-3.0,success
2524,0.7829615473747253,0.18458575010299683,-0.0002474839275237173,0.03300005942583084,0.03300005942583084,1.0,-3.0,success
2525,0.7819745540618896,0.184961199760437,-0.00024754469632171094,0.032999735325574875,0.032999735325574875,1.0,3.0,success
2526,0.7819549441337585,0.18496862053871155,-0.00025245535653084517,0.0006729509914293885,0.0006552202976308763,0.0,-3.0,success
2527,0.7809852361679077,0.18533775210380554,-0.00024693936575204134,0.03242512419819832,0.03242466226220131,1.0,3.0,success
2528,0.7799972891807556,0.18571072816848755,-0.0002468109305482358,0.03300021216273308,0.03300021216273308,1.0,3.0,success
2529,0.7790084481239319,0.18608145415782928,-0.00024698246852494776,0.033001601696014404,0.033001601696014404,1.0,3.0,success
2530,0.7780190706253052,0.18645060062408447,-0.0002471223415341228,0.03300001472234726,0.03300001472234726,1.0,-3.0,success
2531,0.777030348777771,0.18682147562503815,-0.00024725531693547964,0.03299975022673607,0.03299974650144577,1.0,3.0,success
2532,0.7770107388496399,0.18682850897312164,-0.0002522242139093578,0.0006692953174933791,0.0006510337116196752,0.0,-3.0,success
2533,0.7770105004310608,0.1868278533220291,-0.000251650606514886,2.822460010065697e-05,2.180170122301206e-05,0.0,3.0,success
2534,0.7760409116744995,0.1871897578239441,-0.0002459985262248665,0.03234200179576874,0.03234151750802994,1.0,3.0,success
2535,0.7750507593154907,0.1875569075345993,-0.00024602096527814865,0.03300095722079277,0.03300095722079277,1.0,-3.0,success
2536,0.775030791759491,0.1875634342432022,-0.0002512422506697476,0.0006764473509974778,0.0006564740324392915,0.0,3.0,success
2537,0.7740603089332581,0.18792292475700378,-0.0002459703537169844,0.03234183415770531,0.03234141319990158,1.0,3.0,success
2538,0.7730692625045776,0.1882876306772232,-0.0002460130781400949,0.033000700175762177,0.033000700175762177,1.0,-3.0,success
2539,0.7720790505409241,0.18865467607975006,-0.0002463428827468306,0.03300157189369202,0.03300156816840172,1.0,-3.0,success
2540,0.771089494228363,0.18902339041233063,-0.00024663141812197864,0.033000532537698746,0.03300052881240845,1.0,3.0,success
2541,0.7700991034507751,0.18938978016376495,-0.00024685313110239804,0.03299969434738159,0.03299969434738159,1.0,3.0,success
2542,0.7691078186035156,0.18975386023521423,-0.00024703022791072726,0.033000946044921875,0.033000946044921875,1.0,3.0,success
2543,0.7690876722335815,0.18976005911827087,-0.0002520546840969473,0.0006771576008759439,0.0006587025127373636,0.0,3.0,success
2544,0.7681146860122681,0.1901126503944397,-0.0002466210280545056,0.03234114125370979,0.03234069421887398,1.0,3.0,success
2545,0.7671208381652832,0.1904696524143219,-0.000246544077526778,0.03300070762634277,0.03300070762634277,1.0,3.0,success
2546,0.7661262154579163,0.19082441926002502,-0.00024676870089024305,0.03299996629357338,0.03299996629357338,1.0,3.0,success
2547,0.7651309967041016,0.1911776214838028,-0.00024695126921869814,0.0330011248588562,0.0330011248588562,1.0,-3.0,success
2548,0.7641364336013794,0.19153261184692383,-0.00024711855803616345,0.033000558614730835,0.033000558614730835,1.0,3.0,success
2549,0.7631410956382751,0.19188536703586578,-0.0002472431806381792,0.03299997001886368,0.03299997001886368,1.0,3.0,success
2550,0.7621452212333679,0.1922365427017212,-0.0002473315689712763,0.032999321818351746,0.03299931809306145,1.0,-3.0,success
2551,0.7611501812934875,0.19259013235569,-0.0002474117500241846,0.0329999104142189,0.0329999104142189,1.0,-3.0,success
2552,0.7601557374000549,0.1929454654455185,-0.00024748704163357615,0.033000651746988297,0.033000651746988297,1.0,3.0,success
2553,0.7601360082626343,0.19295237958431244,-0.0002524091978557408,0.0006711636669933796,0.000653300026897341,0.0,-3.0,success
2554,0.7591617703437805,0.19330163300037384,-0.00024690330610610545,0.0323425829410553,0.03234212473034859,1.0,-3.0,success
2555,0.7581683397293091,0.19365964829921722,-0.0002467807207722217,0.03299916163086891,0.03299916163086891,1.0,3.0,success
2556,0.757174015045166,0.19401536881923676,-0.0002469579630997032,0.03300122171640396,0.03300122171640396,1.0,3.0,success
2557,0.7561789155006409,0.19436876475811005,-0.0002471133484505117,0.03299964219331741,0.03299964219331741,1.0,3.0,success
2558,0.7551829814910889,0.19471988081932068,-0.0002472384658176452,0.033000458031892776,0.033000458031892776,1.0,3.0,success
2559,0.75418621301651,0.19506874680519104,-0.0002473386994097382,0.03300175443291664,0.03300175443291664,1.0,3.0,success
2560,0.7531887292861938,0.19541539251804352,-0.0002474189386703074,0.03300001472234726,0.03300001472234726,1.0,3.0,success
2561,0.7521904706954956,0.1957598179578781,-0.0002474831708241254,0.03300018981099129,0.03300018981099129,1.0,3.0,success
2562,0.7511916756629944,0.19610269367694855,-0.00024752330500632524,0.03300028666853905,0.03300028666853905,1.0,-3.0,success
2563,0.7511714100837708,0.19610834121704102,-0.0002524588489905,0.0006752805784344673,0.0006574307917617261,0.0,3.0,success
2564,0.7511712312698364,0.1961076855659485,-0.0002518284891266376,2.8966682293685153e-05,2.123742160620168e-05,0.0,3.0,success
2565,0.7501916289329529,0.19644159078598022,-0.000246140465606004,0.03234255313873291,0.03234206140041351,1.0,3.0,success
2566,0.7491913437843323,0.19678010046482086,-0.000246134412009269,0.033000338822603226,0.033000338822603226,1.0,-3.0,success
2567,0.7481916546821594,0.19712033867835999,-0.00024644978111609817,0.03300006315112114,0.03300006315112114,1.0,3.0,success
2568,0.7471911907196045,0.19745829701423645,-0.0002467073791194707,0.033000119030475616,0.03300011530518532,1.0,3.0,success
2569,0.7461899518966675,0.19779396057128906,-0.00024691387079656124,0.033000193536281586,0.033000193536281586,1.0,3.0,success
2570,0.7461695671081543,0.19779932498931885,-0.00025196184287779033,0.0006773386267013848,0.0006587130483239889,0.0,3.0,success
2571,0.7451869249343872,0.19812418520450592,-0.00024654684239067137,0.03234260156750679,0.03234216198325157,1.0,3.0,success
2572,0.744183361530304,0.1984531730413437,-0.0002464792924001813,0.03300349786877632,0.03300349786877632,1.0,0.0,success
2573,0.7431800961494446,0.1987825632095337,-0.00024671133724041283,0.032998569309711456,0.032998569309711456,1.0,-3.0,success
2574,0.7421775460243225,0.19911439716815948,-0.0002469152968842536,0.03300124779343605,0.03300124779343605,1.0,-3.0,success
2575,0.7411758303642273,0.1994486302137375,-0.00024707961711101234,0.033000148832798004,0.033000148832798004,1.0,-3.0,success
2576,0.7401747107505798,0.1997845321893692,-0.00024722126545384526,0.032999031245708466,0.032999031245708466,1.0,3.0,success
2577,0.7401545643806458,0.1997905671596527,-0.0002522073918953538,0.000675432791467756,0.0006572143756784499,0.0,3.0,success
2578,0.7391719222068787,0.200115367770195,-0.0002467429731041193,0.03234202787280083,0.03234157711267471,1.0,3.0,success
2579,0.7381683588027954,0.20044392347335815,-0.00024664122611284256,0.03299929201602936,0.03299929201602936,1.0,3.0,success
2580,0.7371641993522644,0.2007708102464676,-0.00024683558149263263,0.03300081565976143,0.03300081193447113,1.0,-3.0,success
2581,0.7361606359481812,0.2010994404554367,-0.00024702519294805825,0.03300001844763756,0.03300001844763756,1.0,3.0,success
2582,0.7351562976837158,0.20142577588558197,-0.00024716826737858355,0.033000800758600235,0.033000800758600235,1.0,3.0,success
2583,0.7351359128952026,0.20143115520477295,-0.0002521650167182088,0.0006770831532776356,0.0006588316755369306,0.0,3.0,success
2584,0.7341502904891968,0.20174671709537506,-0.0002467094163876027,0.03234126791357994,0.03234081715345383,1.0,3.0,success
2585,0.7331438660621643,0.202066570520401,-0.0002466040023136884,0.0330008901655674,0.0330008901655674,1.0,-3.0,success
2586,0.7321380376815796,0.20238816738128662,-0.00024682609364390373,0.03299969434738159,0.03299969434738159,1.0,3.0,success
2587,0.7311316728591919,0.2027081698179245,-0.0002469978644512594,0.03300052508711815,0.03300052508711815,1.0,-3.0,success
2588,0.7301258444786072,0.20302988588809967,-0.00024715569452382624,0.033000826835632324,0.033000823110342026,1.0,3.0,success
2589,0.7291193008422852,0.203349307179451,-0.00024727266281843185,0.03300035372376442,0.03300035372376442,1.0,3.0,success
2590,0.7281120419502258,0.20366641879081726,-0.00024736588238738477,0.0329999104142189,0.0329999104142189,1.0,3.0,success
2591,0.7271043062210083,0.2039819061756134,-0.0002474297070875764,0.03299892693758011,0.03299892693758011,1.0,-3.0,success
2592,0.726097047328949,0.2042991667985916,-0.00024750115699134767,0.033001311123371124,0.033001311123371124,1.0,3.0,success
2593,0.7260966300964355,0.20429886877536774,-0.00025252177147194743,0.00015771026664879173,1.6023079297156073e-05,0.0,0.0,success
2594,0.7251089811325073,0.20460788905620575,-0.0002469090686645359,0.03233998268842697,0.03233950585126877,1.0,3.0,success
2595,0.7241002917289734,0.20492038130760193,-0.00024677053443156183,0.03299955278635025,0.03299955278635025,1.0,3.0,success
2596,0.7230908870697021,0.20523060858249664,-0.0002469495520927012,0.03300003707408905,0.03300003707408905,1.0,3.0,success
2597,0.7220807671546936,0.2055385857820511,-0.0002471069456078112,0.033000826835632324,0.033000826835632324,1.0,3.0,success
2598,0.7210699915885925,0.20584431290626526,-0.0002472336345817894,0.033000003546476364,0.033000003546476364,1.0,3.0,success
2599,0.7200585007667542,0.20614783465862274,-0.00024733503232710063,0.03300152346491814,0.03300152346491814,1.0,3.0,success
2600,0.7190466523170471,0.20644979178905487,-0.0002474047942087054,0.032998211681842804,0.032998211681842804,1.0,-3.0,success
2601,0.7180355191230774,0.20675426721572876,-0.0002474700449965894,0.03299940004944801,0.03299940004944801,1.0,-3.0,success
2602,0.7180150747299194,0.20675943791866302,-0.00025241635739803314,0.0006768892635591328,0.0006590041448362172,0.0,3.0,success
2603,0.7170240879058838,0.2070576250553131,-0.00024691084399819374,0.032340362668037415,0.032339904457330704,1.0,3.0,success
2604,0.716012179851532,0.2073596566915512,-0.0002467651211190969,0.03300066292285919,0.03300066292285919,1.0,-3.0,success
2605,0.7150008082389832,0.2076634168624878,-0.00024695481988601387,0.033000100404024124,0.033000100404024124,1.0,3.0,success
2606,0.7139889597892761,0.20796553790569305,-0.00024710092111490667,0.0329996794462204,0.0329996794462204,1.0,-3.0,success
2607,0.7129778265953064,0.20827004313468933,-0.0002472275809850544,0.0329996682703495,0.0329996682703495,1.0,-3.0,success
2608,0.7119671702384949,0.2085762619972229,-0.0002473396307323128,0.0330008901655674,0.0330008901655674,1.0,3.0,success
2609,0.7109560370445251,0.20888076722621918,-0.00024740956723690033,0.0329996682703495,0.0329996682703495,1.0,-3.0,success
2610,0.709945559501648,0.2091876119375229,-0.0002474746434018016,0.03300122171640396,0.03300122171640396,1.0,-3.0,success
2611,0.7089358568191528,0.20949681103229523,-0.00024752726312726736,0.032999519258737564,0.032999519258737564,1.0,-3.0,success
2612,0.7079268097877502,0.20980830490589142,-0.00024756952188909054,0.03300100937485695,0.03300100937485695,1.0,-3.0,success
2613,0.7069182991981506,0.21012139320373535,-0.00024761282838881016,0.03299972787499428,0.03299972787499428,1.0,3.0,success
2614,0.705909252166748,0.21043270826339722,-0.0002476282534189522,0.03299936279654503,0.03299936279654503,1.0,-3.0,success
2615,0.704900860786438,0.21074628829956055,-0.0002476497902534902,0.03300073370337486,0.03300073370337486,1.0,-3.0,success
2616,0.7038930058479309,0.2110614776611328,-0.0002476770314387977,0.03299970179796219,0.03299970179796219,1.0,3.0,success
2617,0.703872799873352,0.2110673040151596,-0.00025257153902202845,0.0006747279549017549,0.0006571628618985415,0.0,3.0,success
2618,0.7028836607933044,0.21137170493602753,-0.0002470340405125171,0.03234165906906128,0.03234119713306427,1.0,3.0,success
2619,0.702863335609436,0.2113771140575409,-0.00025175680639222264,0.0006736359209753573,0.0006572697893716395,0.0,3.0,success
2620,0.701872706413269,0.21167653799057007,-0.0002463677665218711,0.03234080225229263,0.032340362668037415,1.0,3.0,success
2621,0.7008611559867859,0.21197985112667084,-0.00024633013526909053,0.033001434057950974,0.033001434057950974,1.0,-3.0,success
2622,0.6998501420021057,0.2122848778963089,-0.00024660694180056453,0.03300080448389053,0.03300080448389053,1.0,3.0,success
2623,0.6988386511802673,0.21258825063705444,-0.00024682271759957075,0.03300018608570099,0.03300018608570099,1.0,-3.0,success
2624,0.6988183259963989,0.212593674659729,-0.00025189833831973374,0.0006762539269402623,0.0006573896971531212,0.0,3.0,success
2625,0.6978269219398499,0.212890625,-0.0002464961726218462,0.03234172239899635,0.032341279089450836,1.0,3.0,success
2626,0.6968144178390503,0.2131906896829605,-0.00024644381483085454,0.033000994473695755,0.033000994473695755,1.0,3.0,success
2627,0.6958012580871582,0.21348842978477478,-0.00024668825790286064,0.03300008550286293,0.03300008550286293,1.0,3.0,success
2628,0.6947876214981079,0.21378453075885773,-0.00024688709527254105,0.03299998492002487,0.03299998119473457,1.0,-3.0,success
2629,0.6937747001647949,0.21408306062221527,-0.00024705633404664695,0.032999906688928604,0.032999902963638306,1.0,-3.0,success
2630,0.6927624940872192,0.2143840342760086,-0.00024719242355786264,0.0330001525580883,0.0330001525580883,1.0,-3.0,success
2631,0.6917509436607361,0.21468737721443176,-0.000247301475610584,0.03300170600414276,0.03300170600414276,1.0,-3.0,success
2632,0.6907399892807007,0.21499237418174744,-0.0002473986241966486,0.03299875557422638,0.03299875557422638,1.0,3.0,success
2633,0.6897282600402832,0.2152949571609497,-0.0002474664943292737,0.033000241965055466,0.033000241965055466,1.0,3.0,success
2634,0.6887159943580627,0.2155957967042923,-0.0002475104993209243,0.03300074115395546,0.03300074115395546,1.0,-3.0,success
2635,0.6877044439315796,0.21589899063110352,-0.0002475552901159972,0.033000364899635315,0.033000364899635315,1.0,-3.0,success
2636,0.6866934299468994,0.21620388329029083,-0.00024760165251791477,0.03299959376454353,0.03299959376454353,1.0,3.0,success
2637,0.6856817007064819,0.21650637686252594,-0.0002476289519108832,0.032999441027641296,0.032999441027641296,1.0,3.0,success
2638,0.6846692562103271,0.21680647134780884,-0.0002476505469530821,0.03299947455525398,0.03299947455525398,1.0,3.0,success
2639,0.6836562752723694,0.21710489690303802,-0.00024765750276856124,0.03300077095627785,0.03300077095627785,1.0,-3.0,success
2640,0.6836358904838562,0.21711011230945587,-0.00025256568915210664,0.0006751955370418727,0.0006575433653779328,0.0,3.0,success
2641,0.6826430559158325,0.21740224957466125,-0.0002470301988068968,0.032341789454221725,0.032341327518224716,1.0,3.0,success
2642,0.6816293597221375,0.2176981270313263,-0.00024686066899448633,0.03299981355667114,0.03299981355667114,1.0,-3.0,success
2643,0.6806161403656006,0.21799571812152863,-0.0002470312174409628,0.033000558614730835,0.033000558614730835,1.0,3.0,success
2644,0.6796024441719055,0.21829164028167725,-0.00024716201005503535,0.03300020098686218,0.03300020098686218,1.0,-3.0,success
2645,0.6785892844200134,0.21858927607536316,-0.0002472868945915252,0.03299916535615921,0.03299916535615921,1.0,3.0,success
2646,0.6775755882263184,0.21888524293899536,-0.0002473672793712467,0.03300059586763382,0.03300059586763382,1.0,-3.0,success
2647,0.6765624284744263,0.21918290853500366,-0.0002474510401953012,0.0329994261264801,0.0329994261264801,1.0,3.0,success
2648,0.6765419840812683,0.21918798983097076,-0.00025239118258468807,0.0006761836702935398,0.0006583246286027133,0.0,3.0,success
2649,0.6755479574203491,0.21947616338729858,-0.00024687909171916544,0.0323428213596344,0.03234236314892769,1.0,-3.0,success
2650,0.6745341420173645,0.21977171301841736,-0.0002467609301675111,0.03300051763653755,0.03300051763653755,1.0,3.0,success
2651,0.6735198497772217,0.22006559371948242,-0.00024693203158676624,0.03300027549266815,0.03300027549266815,1.0,-3.0,success
2652,0.6725060343742371,0.2203611582517624,-0.00024710220168344676,0.033000651746988297,0.033000651746988297,1.0,3.0,success
2653,0.6714915633201599,0.22065435349941254,-0.0002472296473570168,0.032999686896800995,0.032999686896800995,1.0,3.0,success
2654,0.6704763770103455,0.22094517946243286,-0.00024733133614063263,0.03300069272518158,0.03300069272518158,1.0,3.0,success
2655,0.6694607734680176,0.22123435139656067,-0.0002474021748639643,0.032999034970998764,0.032999034970998764,1.0,-3.0,success
2656,0.6684456467628479,0.22152528166770935,-0.000247479067184031,0.03299980238080025,0.03299980238080025,1.0,3.0,success
2657,0.66743004322052,0.2218145877122879,-0.0002475208602845669,0.03300018608570099,0.03300018608570099,1.0,-3.0,success
2658,0.6664150953292847,0.22210629284381866,-0.0002475634100846946,0.03300110995769501,0.03300110995769501,1.0,-3.0,success
2659,0.6654006838798523,0.2223997265100479,-0.000247608229983598,0.03299997001886368,0.03299997001886368,1.0,3.0,success
2660,0.6643857955932617,0.22269146144390106,-0.000247624353505671,0.03299957513809204,0.03299957513809204,1.0,-3.0,success
2661,0.6633715629577637,0.22298555076122284,-0.00024764638510532677,0.03300030156970024,0.03300030156970024,1.0,-3.0,success
2662,0.6623578667640686,0.22328168153762817,-0.00024766940623521805,0.033002033829689026,0.033002033829689026,1.0,0.0,success
2663,0.6613441109657288,0.22357739508152008,-0.0002476886147633195,0.033000167459249496,0.033000167459249496,1.0,3.0,success
2664,0.6603296995162964,0.22387069463729858,-0.0002476983063388616,0.03299880400300026,0.03299880400300026,1.0,3.0,success
2665,0.6593145728111267,0.22416162490844727,-0.00024770598975010216,0.03299980238080025,0.03299980238080025,1.0,3.0,success
2666,0.6592940092086792,0.22416631877422333,-0.000252594705671072,0.0006766138249076903,0.0006591409910470247,0.0,3.0,success
2667,0.6582981944084167,0.22444786131381989,-0.0002470418985467404,0.03233950957655907,0.03233904391527176,1.0,-3.0,success
2668,0.6572824716567993,0.2247367650270462,-0.0002468911116011441,0.03300032764673233,0.03300032764673233,1.0,3.0,success
2669,0.6562662720680237,0.2250239998102188,-0.0002470360486768186,0.033000435680150986,0.033000435680150986,1.0,-3.0,success
2670,0.6552507281303406,0.22531361877918243,-0.00024717504857107997,0.03300107270479202,0.03300107270479202,1.0,-3.0,success
2671,0.6552305817604065,0.22531969845294952,-0.00025216891663149,0.0006758800591342151,0.0006576165906153619,0.0,-3.0,success
2672,0.6542367935180664,0.22560854256153107,-0.00024671247228980064,0.03234149515628815,0.03234104439616203,1.0,-3.0,success
2673,0.6532232165336609,0.22590483725070953,-0.0002466278674546629,0.03299989178776741,0.03299989178776741,1.0,3.0,success
2674,0.6522089242935181,0.2261987179517746,-0.00024683543597348034,0.03300027549266815,0.03300027549266815,1.0,3.0,success
2675,0.6511939764022827,0.22649018466472626,-0.0002470151521265507,0.032999053597450256,0.032999053597450256,1.0,3.0,success
2676,0.6501784920692444,0.226779967546463,-0.00024714937899261713,0.03300068527460098,0.03300068527460098,1.0,-3.0,success
2677,0.6501580476760864,0.22678497433662415,-0.0002521595743019134,0.0006761442637071013,0.0006577669410035014,0.0,3.0,success
2678,0.6491629481315613,0.2270694077014923,-0.00024669425329193473,0.03234269469976425,0.032342247664928436,1.0,-3.0,success
2679,0.648148238658905,0.22736185789108276,-0.00024660289636813104,0.033000390976667404,0.033000387251377106,1.0,-3.0,success
2680,0.6471340656280518,0.22765597701072693,-0.00024682527873665094,0.03299877420067787,0.03299877047538757,1.0,3.0,success
2681,0.6461192965507507,0.2279483526945114,-0.0002469975734129548,0.03300153464078903,0.03300153464078903,1.0,-3.0,success
2682,0.645105242729187,0.22824305295944214,-0.00024714527535252273,0.03300025686621666,0.03300025686621666,1.0,-3.0,success
2683,0.6440918445587158,0.2285400778055191,-0.0002472639607731253,0.03300093859434128,0.03300093859434128,1.0,-3.0,success
2684,0.6430791616439819,0.22883939743041992,-0.00024735904298722744,0.03299974650144577,0.03299974650144577,1.0,-3.0,success
2685,0.6420671343803406,0.2291409969329834,-0.00024743517860770226,0.03300037607550621,0.03300037607550621,1.0,-3.0,success
2686,0.6420470476150513,0.2291470766067505,-0.00025238809757865965,0.0006738502415828407,0.0006558335735462606,0.0,3.0,success
2687,0.6410552263259888,0.22944292426109314,-0.00024687708355486393,0.03234436362981796,0.03234390541911125,1.0,-3.0,success
2688,0.6400438547134399,0.2297467291355133,-0.0002467498416081071,0.03300049901008606,0.03300049901008606,1.0,-3.0,success
2689,0.6390329599380493,0.23005208373069763,-0.00024694250896573067,0.03300020098686218,0.033000197261571884,1.0,3.0,success
2690,0.6380213499069214,0.23035494983196259,-0.0002471006300766021,0.03299921005964279,0.03299921005964279,1.0,3.0,success
2691,0.6370089650154114,0.23065535724163055,-0.00024722766829654574,0.03300046920776367,0.03300046920776367,1.0,3.0,success
2692,0.6369887590408325,0.23066124320030212,-0.00025220090174116194,0.0006757944938726723,0.0006576813757419586,0.0,-3.0,success
2693,0.63599693775177,0.23095661401748657,-0.0002467374433763325,0.032340098172426224,0.03233964741230011,1.0,-3.0,success
2694,0.6349853277206421,0.23125964403152466,-0.00024664789089001715,0.033000677824020386,0.033000677824020386,1.0,3.0,success
2695,0.633973240852356,0.23156099021434784,-0.0002468416641931981,0.03299989923834801,0.03299989923834801,1.0,-3.0,success
2696,0.6329618096351624,0.23186469078063965,-0.0002470197214279324,0.03300134837627411,0.03300134837627411,1.0,-3.0,success
2697,0.631951093673706,0.23217074573040009,-0.00024716343614272773,0.033001188188791275,0.033001188188791275,1.0,-3.0,success
2698,0.6309409141540527,0.23247842490673065,-0.0002472881751600653,0.03299989551305771,0.03299989551305771,1.0,3.0,success
2699,0.6299301981925964,0.23278436064720154,-0.0002473685599397868,0.03300010785460472,0.03300010785460472,1.0,-3.0,success
2700,0.6289200186729431,0.23309190571308136,-0.0002474518842063844,0.03299867361783981,0.03299867361783981,1.0,3.0,success
2701,0.627909243106842,0.2333977371454239,-0.0002474993816576898,0.03300094977021217,0.03300094977021217,1.0,-3.0,success
2702,0.6278891563415527,0.23340411484241486,-0.000252427882514894,0.0006763609126210213,0.000658591918181628,0.0,-3.0,success
2703,0.6268996000289917,0.23370802402496338,-0.0002469292958267033,0.0323496013879776,0.03234914690256119,1.0,3.0,success
2704,0.625889241695404,0.23401521146297455,-0.0002467919257469475,0.03300077095627785,0.03300077095627785,1.0,3.0,success
2705,0.6248784065246582,0.2343207150697708,-0.00024695630418136716,0.03299976512789726,0.03299976512789726,1.0,-3.0,success
2706,0.6238680481910706,0.23462791740894318,-0.00024712164304219186,0.03300090506672859,0.03300090506672859,1.0,3.0,success
2707,0.6228572130203247,0.23493348062038422,-0.0002472350897733122,0.03300030529499054,0.03300030529499054,1.0,-3.0,success
2708,0.6218469142913818,0.23524072766304016,-0.0002473453350830823,0.03299953043460846,0.03299953043460846,1.0,3.0,success
2709,0.620836079120636,0.2355463206768036,-0.00024741404922679067,0.03300057351589203,0.03300057351589203,1.0,-3.0,success
2710,0.6198257803916931,0.23585359752178192,-0.0002474884386174381,0.03299979865550995,0.03299979865550995,1.0,3.0,success
2711,0.6188147664070129,0.23615853488445282,-0.0002475385554134846,0.032999999821186066,0.032999999821186066,1.0,3.0,success
2712,0.6178030371665955,0.23646113276481628,-0.00024757839855737984,0.03300037607550621,0.03300037607550621,1.0,3.0,success
2713,0.6167905926704407,0.2367614060640335,-0.00024761041277088225,0.03300106152892113,0.03300106152892113,1.0,3.0,success
2714,0.6167704463005066,0.23676680028438568,-0.00025250727776438,0.0006694747135043144,0.0006517508300021291,0.0,-3.0,success
2715,0.615778386592865,0.2370615452528,-0.00024699349887669086,0.032341670244932175,0.032341212034225464,1.0,3.0,success
2716,0.6147652864456177,0.23735952377319336,-0.0002468424791004509,0.033000398427248,0.033000398427248,1.0,3.0,success
2717,0.6147450804710388,0.2373647689819336,-0.0002518787805456668,0.0006710808374918997,0.0006523646879941225,0.0,-3.0,success
2718,0.6137526035308838,0.23765802383422852,-0.0002464775461703539,0.03234092891216278,0.03234048932790756,1.0,-3.0,success
2719,0.6127403974533081,0.23795898258686066,-0.00024644023505970836,0.03300001844763756,0.03300001844763756,1.0,3.0,success
2720,0.6117277145385742,0.23825833201408386,-0.0002466754231136292,0.03300001099705696,0.03300001099705696,1.0,-3.0,success
2721,0.6117072701454163,0.23826347291469574,-0.00025178000214509666,0.0006778144161216915,0.0006587764364667237,0.0,3.0,success
2722,0.6106946468353271,0.23856252431869507,-0.00024629945983178914,0.032996028661727905,0.03299558535218239,1.0,0.0,success
2723,0.6096818447113037,0.23886126279830933,-0.0002463847631588578,0.03299817442893982,0.03299817442893982,1.0,3.0,success
2724,0.6086684465408325,0.23915833234786987,-0.0002466349978931248,0.033001333475112915,0.033001333475112915,1.0,-3.0,success
2725,0.6076558232307434,0.23945780098438263,-0.0002468544989824295,0.032999277114868164,0.032999277114868164,1.0,-3.0,success
2726,0.6066438555717468,0.2397596389055252,-0.0002470311592333019,0.03300071880221367,0.03300071880221367,1.0,-3.0,success
2727,0.6056326031684875,0.2400638312101364,-0.000247172691160813,0.03300042077898979,0.03300042077898979,1.0,-3.0,success
2728,0.6046218872070312,0.24036963284015656,-0.00024729553842917085,0.03299889713525772,0.03299889340996742,1.0,3.0,success
2729,0.6036105751991272,0.24067369103431702,-0.0002473744680173695,0.033000994473695755,0.033000994473695755,1.0,-3.0,success
2730,0.6025997996330261,0.24097934365272522,-0.00024745656992308795,0.03299932926893234,0.03299932926893234,1.0,3.0,success
2731,0.6015884876251221,0.24128326773643494,-0.0002475031651556492,0.03299979120492935,0.03299979120492935,1.0,-3.0,success
2732,0.6005776524543762,0.24158920347690582,-0.00024755444610491395,0.03300367295742035,0.03300367295742035,1.0,0.0,success
2733,0.5995670557022095,0.2418954074382782,-0.0002475869550835341,0.03299897164106369,0.03299897164106369,1.0,-3.0,success
2734,0.5985569357872009,0.2422032356262207,-0.0002476267400197685,0.032999470829963684,0.032999470829963684,1.0,3.0,success
2735,0.5975461006164551,0.242508664727211,-0.00024764888803474605,0.03299909457564354,0.03299909457564354,1.0,3.0,success
2736,0.5965347290039062,0.2428123652935028,-0.00024765636771917343,0.032999563962221146,0.032999563962221146,1.0,-3.0,success
2737,0.5955238342285156,0.24311774969100952,-0.0002476821537129581,0.03300046920776367,0.03300046920776367,1.0,3.0,success
2738,0.5945124626159668,0.24342145025730133,-0.00024768340517766774,0.032999563962221146,0.032999563962221146,1.0,-3.0,success
2739,0.5935015678405762,0.24372683465480804,-0.00024770383606664836,0.03300046920776367,0.03300046920776367,1.0,3.0,success
2740,0.592490017414093,0.24402987957000732,-0.0002477107918821275,0.032999031245708466,0.032999031245708466,1.0,3.0,success
2741,0.5914776921272278,0.24433055520057678,-0.0002477161178831011,0.033001068979501724,0.033001068979501724,1.0,3.0,success
2742,0.59046471118927,0.24462890625,-0.00024772051256150007,0.03300011157989502,0.03300011157989502,1.0,3.0,success
2743,0.5894510746002197,0.24492497742176056,-0.00024772415054030716,0.03299972042441368,0.03299972042441368,1.0,3.0,success
2744,0.5884367823600769,0.24521878361701965,-0.0002477271482348442,0.03299962729215622,0.03299962729215622,1.0,3.0,success
2745,0.5874220132827759,0.2455110102891922,-0.0002477184752933681,0.033000245690345764,0.033000245690345764,1.0,-3.0,success
2746,0.5864077806472778,0.2458050549030304,-0.00024773215409368277,0.0329999104142189,0.0329999104142189,1.0,3.0,success
2747,0.5853928923606873,0.24609683454036713,-0.0002477338712196797,0.03299996256828308,0.03299996256828308,1.0,3.0,success
2748,0.5843773484230042,0.2463863492012024,-0.0002477348898537457,0.03300017863512039,0.03300017863512039,1.0,3.0,success
2749,0.5833613872528076,0.24667426943778992,-0.00024772470351308584,0.03299909830093384,0.03299909830093384,1.0,-3.0,success
2750,0.5823459029197693,0.2469639927148819,-0.0002477371017448604,0.03300017490983009,0.03300017490983009,1.0,3.0,success
2751,0.5813297629356384,0.2472514659166336,-0.00024773780023679137,0.03300066664814949,0.03300066664814949,1.0,3.0,success
2752,0.5803132057189941,0.24753731489181519,-0.0002477271482348442,0.032999437302351,0.032999437302351,1.0,-3.0,success
2753,0.5802928805351257,0.24754278361797333,-0.00025260940310545266,0.0006752143963240087,0.0006577512831427157,0.0,-3.0,success
2754,0.5792979001998901,0.24782739579677582,-0.00024707618285901845,0.03234066069126129,0.03234019875526428,1.0,3.0,success
2755,0.578281819820404,0.2481149584054947,-0.0002469083701726049,0.032999638468027115,0.032999638468027115,1.0,3.0,success
2756,0.5772652626037598,0.24840088188648224,-0.0002470491745043546,0.03300006687641144,0.03300006687641144,1.0,-3.0,success
2757,0.576249361038208,0.24868926405906677,-0.0002471852349117398,0.03300124779343605,0.03300124779343605,1.0,-3.0,success
2758,0.5752342343330383,0.2489800751209259,-0.0002472954511176795,0.03299877792596817,0.03299877792596817,1.0,-3.0,success
2759,0.5742197036743164,0.24927327036857605,-0.0002473838976584375,0.03300147503614426,0.03300147503614426,1.0,-3.0,success
2760,0.5732057094573975,0.2495681345462799,-0.00024746451526880264,0.03299989551305771,0.03299989551305771,1.0,3.0,success
2761,0.5731855630874634,0.24957415461540222,-0.00025239092065021396,0.0006748747546225786,0.0006570809055119753,0.0,-3.0,success
2762,0.5721917152404785,0.24986332654953003,-0.0002469000464770943,0.032346148043870926,0.032345693558454514,1.0,3.0,success
2763,0.5711771249771118,0.2501561641693115,-0.00024675793247297406,0.033000167459249496,0.033000167459249496,1.0,-3.0,success
2764,0.5701631903648376,0.25045135617256165,-0.00024693875457160175,0.033000968396663666,0.033000968396663666,1.0,-3.0,success
2765,0.5691499710083008,0.25074896216392517,-0.00024709789431653917,0.03300068899989128,0.03300068899989128,1.0,-3.0,success
2766,0.5681374073028564,0.25104886293411255,-0.0002472260675858706,0.03300132602453232,0.03300132602453232,1.0,-3.0,success
2767,0.5681172609329224,0.2510547339916229,-0.0002522209833841771,0.0006740840617567301,0.0006557627930305898,0.0,3.0,success
2768,0.5671248435974121,0.251348078250885,-0.00024675371241755784,0.03233994171023369,0.032339490950107574,1.0,3.0,success
2769,0.5661112666130066,0.25164440274238586,-0.00024664937518537045,0.0330001525580883,0.0330001525580883,1.0,3.0,success
2770,0.5650969743728638,0.2519383132457733,-0.0002468523452989757,0.033000532537698746,0.033000532537698746,1.0,3.0,success
2771,0.5650764107704163,0.2519431710243225,-0.00025191152235493064,0.0006789632607251406,0.00066029978916049,0.0,3.0,success
2772,0.565076470375061,0.2519432604312897,-0.0002513801446184516,1.6941667126957327e-05,3.3579310638742754e-06,0.0,-3.0,success
2773,0.5640820860862732,0.25222986936569214,-0.0002457798982504755,0.03233999386429787,0.032339517027139664,1.0,-3.0,success
2774,0.5630680322647095,0.25252458453178406,-0.00024585716892033815,0.033000387251377106,0.03300038352608681,1.0,-3.0,success
2775,0.5620546340942383,0.2528217136859894,-0.00024621826014481485,0.033001858741045,0.0330018550157547,1.0,-3.0,success
2776,0.5610419511795044,0.25312113761901855,-0.0002465218713041395,0.03300067037343979,0.03300066664814949,1.0,-3.0,success
2777,0.5600297451019287,0.25342217087745667,-0.00024677501642145216,0.033000681549310684,0.033000681549310684,1.0,3.0,success
2778,0.5600094795227051,0.2534277141094208,-0.0002518504625186324,0.0006754492060281336,0.0006565632065758109,0.0,3.0,success
2779,0.5590164065361023,0.2537190914154053,-0.000246446521487087,0.03234222158789635,0.03234178200364113,1.0,-3.0,success
2780,0.5580036640167236,0.25401848554611206,-0.0002464050776325166,0.03300219401717186,0.03300219401717186,1.0,-3.0,success
2781,0.5569915175437927,0.2543194890022278,-0.00024666698300279677,0.03299863263964653,0.03299863263964653,1.0,3.0,success
2782,0.5559785962104797,0.2546180486679077,-0.00024688057601451874,0.033000171184539795,0.033000171184539795,1.0,3.0,success
2783,0.5549649000167847,0.25491416454315186,-0.00024705191026441753,0.03300189971923828,0.03300189971923828,1.0,3.0,success
2784,0.554944634437561,0.2549198269844055,-0.0002520603302400559,0.0006759261596016586,0.0006575559382326901,0.0,-3.0,success
2785,0.5549446940422058,0.2549199163913727,-0.0002515094820410013,1.7538462998345494e-05,3.3579310638742754e-06,0.0,-3.0,success
2786,0.5539520382881165,0.25521260499954224,-0.00024589552776888013,0.032341308891773224,0.03234083577990532,1.0,3.0,success
2787,0.5529383420944214,0.25550878047943115,-0.00024594416026957333,0.033002424985170364,0.033002424985170364,1.0,0.0,success
2788,0.5519248247146606,0.2558053433895111,-0.00024628284154459834,0.033000461757183075,0.033000458031892776,1.0,-3.0,success
2789,0.5509120225906372,0.2561042904853821,-0.0002465728030074388,0.033000022172927856,0.033000022172927856,1.0,-3.0,success
2790,0.5498999357223511,0.25640565156936646,-0.00024680583737790585,0.03300002962350845,0.03300002962350845,1.0,-3.0,success
2791,0.5488885045051575,0.25670933723449707,-0.0002469924511387944,0.033001214265823364,0.033001214265823364,1.0,-3.0,success
2792,0.5478776693344116,0.257014662027359,-0.0002471514162607491,0.03299814835190773,0.03299814835190773,1.0,3.0,success
2793,0.5468661785125732,0.2573182284832001,-0.00024725921684876084,0.03300192579627037,0.03300192579627037,1.0,-3.0,success
2794,0.5458552837371826,0.2576234042644501,-0.00024736442719586194,0.03299858793616295,0.03299858793616295,1.0,3.0,success
2795,0.5448436141014099,0.25792619585990906,-0.00024743916583247483,0.03300032764673233,0.03300032764673233,1.0,3.0,success
2796,0.5438312292098999,0.25822657346725464,-0.00024749874137341976,0.03300020471215248,0.03300020098686218,1.0,3.0,success
2797,0.5428183674812317,0.2585252523422241,-0.0002475361106917262,0.0329994335770607,0.0329994335770607,1.0,-3.0,success
2798,0.5418059825897217,0.2588256597518921,-0.00024758614017628133,0.03300046920776367,0.03300046920776367,1.0,3.0,success
2799,0.5407931208610535,0.2591244578361511,-0.00024760651285760105,0.03300049155950546,0.03300049155950546,1.0,-3.0,success
2800,0.5407727956771851,0.25912976264953613,-0.00025252491468563676,0.0006741927936673164,0.0006564390496350825,0.0,3.0,success
2801,0.5397802591323853,0.25942301750183105,-0.0002469865430612117,0.032342735677957535,0.03234227001667023,1.0,-3.0,success
2802,0.5387679934501648,0.2597237527370453,-0.00024684687377884984,0.03299981728196144,0.03299981355667114,1.0,3.0,success
2803,0.5377551913261414,0.26002275943756104,-0.0002470008039381355,0.03300054743885994,0.03300054743885994,1.0,-3.0,success
2804,0.5367429256439209,0.2603234350681305,-0.0002471571497153491,0.03299928084015846,0.03299928084015846,1.0,3.0,success
2805,0.5357298851013184,0.26062172651290894,-0.00024727353593334556,0.0330013744533062,0.0330013744533062,1.0,3.0,success
2806,0.5357094407081604,0.26062673330307007,-0.000252248952165246,0.0006758933886885643,0.0006577669410035014,0.0,3.0,success
2807,0.5347154140472412,0.26091471314430237,-0.000246776471612975,0.0323411263525486,0.03234067186713219,1.0,3.0,success
2808,0.5337002277374268,0.2612057030200958,-0.00024666820536367595,0.0330021046102047,0.0330021046102047,1.0,3.0,success
2809,0.5326844453811646,0.26149433851242065,-0.00024686785764060915,0.03299982473254204,0.03299982473254204,1.0,3.0,success
2810,0.5316680073738098,0.2617807388305664,-0.0002470415784046054,0.03300052136182785,0.03300052136182785,1.0,3.0,success
2811,0.5306511521339417,0.26206550002098083,-0.00024717021733522415,0.03299922123551369,0.03299922123551369,1.0,-3.0,success
2812,0.5306305289268494,0.26207005977630615,-0.0002521763672120869,0.0006783262360841036,0.0006600396591238678,0.0,3.0,success
2813,0.5306304097175598,0.2620694637298584,-0.00025160270160995424,2.6118988898815587e-05,1.8995326172444038e-05,0.0,3.0,success
2814,0.5296334028244019,0.2623470425605774,-0.0002459486131556332,0.03234193101525307,0.032341450452804565,1.0,-3.0,success
2815,0.528616726398468,0.2626325786113739,-0.0002459916868247092,0.03300037980079651,0.03300037980079651,1.0,-3.0,success
2816,0.5276005268096924,0.2629198133945465,-0.00024633583961986005,0.033000435680150986,0.033000435680150986,1.0,3.0,success
2817,0.5265836715698242,0.2632046639919281,-0.0002466159639880061,0.032999973744153976,0.032999973744153976,1.0,3.0,success
2818,0.5255661606788635,0.2634871006011963,-0.00024684047093614936,0.03299944847822189,0.03299944847822189,1.0,3.0,success
2819,0.5245479345321655,0.26376718282699585,-0.00024702021619305015,0.03300140053033829,0.03300140053033829,1.0,3.0,success
2820,0.5235291123390198,0.26404497027397156,-0.0002471640764269978,0.03300042077898979,0.03300042077898979,1.0,3.0,success
2821,0.5225098729133606,0.26432111859321594,-0.0002472682681400329,0.032999567687511444,0.032999567687511444,1.0,-3.0,success
2822,0.5214911103248596,0.264599084854126,-0.00024737208150327206,0.03300009295344353,0.03300009295344353,1.0,3.0,success
2823,0.5204719305038452,0.2648754417896271,-0.0002474352077115327,0.03299947455525398,0.03299947455525398,1.0,-3.0,success
2824,0.5194531679153442,0.26515355706214905,-0.0002475055225659162,0.03300131857395172,0.03300131857395172,1.0,3.0,success
2825,0.5184340476989746,0.2654300332069397,-0.0002475420187693089,0.03299865126609802,0.03299865126609802,1.0,-3.0,success
2826,0.5174155235290527,0.26570892333984375,-0.00024758031941019,0.03300051763653755,0.03300051763653755,1.0,-3.0,success
2827,0.5163976550102234,0.2659902274608612,-0.0002476115769241005,0.033000774681568146,0.033000774681568146,1.0,-3.0,success
2828,0.5153805017471313,0.2662738859653473,-0.00024763678084127605,0.03299891948699951,0.03299891948699951,1.0,-3.0,success
2829,0.5143639445304871,0.2665598690509796,-0.00024765709531493485,0.03300057351589203,0.03300057351589203,1.0,-3.0,success
2830,0.513347864151001,0.2668474614620209,-0.00024768285220488906,0.03299989178776741,0.03299988806247711,1.0,3.0,success
2831,0.5123310685157776,0.26713258028030396,-0.0002476936497259885,0.03300044313073158,0.03300044313073158,1.0,3.0,success
2832,0.5113136172294617,0.26741525530815125,-0.0002477020607329905,0.03299964591860771,0.03299964591860771,1.0,3.0,success
2833,0.511313259601593,0.2674151659011841,-0.0002526818716432899,0.00015604488726239651,1.1519823601702228e-05,0.0,0.0,success
2834,0.5103158354759216,0.26769086718559265,-0.000247025687713176,0.032338812947273254,0.032338328659534454,1.0,-3.0,success
2835,0.5092986226081848,0.26797449588775635,-0.0002468638413120061,0.033000461757183075,0.033000461757183075,1.0,-3.0,success
2836,0.5082821249961853,0.26826050877571106,-0.0002470238250680268,0.032999034970998764,0.032999034970998764,1.0,-3.0,success
2837,0.5072660446166992,0.2685481607913971,-0.0002471757761668414,0.033000398427248,0.033000398427248,1.0,3.0,success
2838,0.5062493085861206,0.2688333988189697,-0.0002472882333677262,0.03299965709447861,0.03299965709447861,1.0,3.0,success
2839,0.5052318572998047,0.26911619305610657,-0.0002473779604770243,0.0330006442964077,0.0330006442964077,1.0,3.0,success
2840,0.504213809967041,0.2693966329097748,-0.0002474499342497438,0.03299897536635399,0.03299897536635399,1.0,3.0,success
2841,0.50319504737854,0.26967471837997437,-0.0002475076471455395,0.03300107270479202,0.03300107270479202,1.0,3.0,success
2842,0.5021756887435913,0.2699505090713501,-0.00024755389313213527,0.033000241965055466,0.033000241965055466,1.0,3.0,success
2843,0.5011557340621948,0.270224004983902,-0.0002475910005159676,0.03299957513809204,0.03299957513809204,1.0,3.0,success
2844,0.5001353621482849,0.2704959213733673,-0.00024760959786362946,0.0329994261264801,0.0329994261264801,1.0,-3.0,success
2845,0.49911561608314514,0.2707703411579132,-0.00024763395776972175,0.033000774681568146,0.033000774681568146,1.0,-3.0,success
2846,0.49809640645980835,0.27104654908180237,-0.0002476648078300059,0.032999154180288315,0.032999154180288315,1.0,3.0,success
2847,0.49707671999931335,0.2713211178779602,-0.00024766946444287896,0.03300018608570099,0.03300018608570099,1.0,-3.0,success
2848,0.49705618619918823,0.27132585644721985,-0.00025257523520849645,0.0006761546246707439,0.0006585458177141845,0.0,3.0,success
2849,0.49705612659454346,0.27132555842399597,-0.00025192141765728593,2.25313997361809e-05,9.497663086222019e-06,0.0,3.0,success
2850,0.49605637788772583,0.271592915058136,-0.0002462037664372474,0.03234050050377846,0.03234000504016876,1.0,-3.0,success
2851,0.49503663182258606,0.2718672752380371,-0.000246206036536023,0.03300028666853905,0.03300028666853905,1.0,3.0,success
2852,0.4940164089202881,0.27213990688323975,-0.00024648758699186146,0.03300068899989128,0.03300068899989128,1.0,-3.0,success
2853,0.4929966628551483,0.2724142372608185,-0.00024674669839441776,0.03300004452466965,0.03300004452466965,1.0,3.0,success
2854,0.49197646975517273,0.2726868689060211,-0.00024693532031960785,0.03299979120492935,0.03299979120492935,1.0,-3.0,success
2855,0.49095669388771057,0.27296116948127747,-0.0002471055486239493,0.033000703901052475,0.033000703901052475,1.0,3.0,success
2856,0.48993629217147827,0.2732330858707428,-0.0002472323249094188,0.03300032764673233,0.03300032764673233,1.0,3.0,success
2857,0.48891526460647583,0.2735026180744171,-0.00024733346072025597,0.03300013020634651,0.03300013020634651,1.0,3.0,success
2858,0.48791465163230896,0.27376589179039,-0.00024339131778106093,0.032333631068468094,0.03233339637517929,1.0,-3.0,success
2859,0.4868938624858856,0.27403610944747925,-0.00024395700893364847,0.032998405396938324,0.032998401671648026,1.0,3.0,success
2860,0.48587238788604736,0.2743039131164551,-0.00024469863274134696,0.032999906688928604,0.03299989551305771,1.0,3.0,success
2861,0.48485031723976135,0.2745693325996399,-0.0002453064080327749,0.03299911320209503,0.03299910947680473,1.0,3.0,success
2862,0.4838277995586395,0.2748331129550934,-0.00024578283773735166,0.03299980238080025,0.03299979865550995,1.0,-3.0,success
2863,0.48380741477012634,0.27483829855918884,-0.0002510553749743849,0.0006776493974030018,0.00065731315407902,0.0,-3.0,success
2864,0.4838075041770935,0.27483850717544556,-0.00025070630363188684,1.301160500588594e-05,7.092741270753322e-06,0.0,-3.0,success
2865,0.48280733823776245,0.2751043140888214,-0.0002452413900755346,0.032340578734874725,0.03234012797474861,1.0,-3.0,success
2866,0.48178720474243164,0.27537715435028076,-0.0002454367349855602,0.0329996757209301,0.0329996757209301,1.0,3.0,success
2867,0.48176684975624084,0.27538254857063293,-0.00025075447047129273,0.0006787089514546096,0.0006580503541044891,0.0,-3.0,success
2868,0.4807673692703247,0.2756509780883789,-0.0002455793437547982,0.032340992242097855,0.03234058618545532,1.0,-3.0,success
2869,0.4797481298446655,0.27592718601226807,-0.00024571153335273266,0.033000051975250244,0.033000051975250244,1.0,-3.0,success
2870,0.4797278940677643,0.2759331166744232,-0.0002509845362510532,0.0006792573258280754,0.0006589671247638762,0.0,-3.0,success
2871,0.4797280430793762,0.27593374252319336,-0.0002506494056433439,2.2668715246254578e-05,2.010448952205479e-05,0.0,-3.0,success
2872,0.4787309169769287,0.2762107253074646,-0.00024520716397091746,0.03234049677848816,0.032340049743652344,1.0,3.0,success
2873,0.4777127802371979,0.27649110555648804,-0.000245388742769137,0.03300117328763008,0.03300117328763008,1.0,-3.0,success
2874,0.47769251465797424,0.27649685740470886,-0.0002507251629140228,0.0006791069754399359,0.0006583132781088352,0.0,-3.0,success
2875,0.47669562697410583,0.27677589654922485,-0.00024556624703109264,0.032350536435842514,0.03235013037919998,1.0,3.0,success
2876,0.4756779074668884,0.2770577073097229,-0.000245701870881021,0.033000506460666656,0.033000506460666656,1.0,3.0,success
2877,0.4746595025062561,0.27733713388442993,-0.0002460949181113392,0.033001359552145004,0.033001359552145004,1.0,3.0,success
2878,0.47364068031311035,0.27761489152908325,-0.00024641267373226583,0.03300017863512039,0.03300017863512039,1.0,-3.0,success
2879,0.4726223349571228,0.27789443731307983,-0.0002466877340339124,0.03300054743885994,0.03300054743885994,1.0,3.0,success
2880,0.4716033637523651,0.2781716585159302,-0.00024689844576641917,0.033000264316797256,0.033000264316797256,1.0,3.0,success
2881,0.4705837368965149,0.2784465253353119,-0.0002470666659064591,0.03300080820918083,0.03300080448389053,1.0,3.0,success
2882,0.4695635139942169,0.27871912717819214,-0.0002472012711223215,0.03300045058131218,0.03300045058131218,1.0,3.0,success
2883,0.4685429036617279,0.27899011969566345,-0.0002472979831509292,0.03299920633435249,0.03299920633435249,1.0,-3.0,success
2884,0.46752291917800903,0.27926358580589294,-0.0002473848289810121,0.03300023823976517,0.03300023823976517,1.0,-3.0,success
2885,0.4665036201477051,0.279539555311203,-0.00024745502742007375,0.032999902963638306,0.032999902963638306,1.0,-3.0,success
2886,0.46548476815223694,0.27981722354888916,-0.00024752155877649784,0.033000338822603226,0.033000338822603226,1.0,3.0,success
2887,0.46546444296836853,0.2798226773738861,-0.00025243640993721783,0.0006753276102244854,0.0006576304440386593,0.0,-3.0,success
2888,0.46446627378463745,0.2800958454608917,-0.0002469258033670485,0.032340243458747864,0.03233978524804115,1.0,-3.0,success
2889,0.463448166847229,0.2803761959075928,-0.00024679856142029166,0.03300002962350845,0.03300002962350845,1.0,3.0,success
2890,0.46242958307266235,0.2806548774242401,-0.0002469621831551194,0.03300059586763382,0.03300059586763382,1.0,-3.0,success
2891,0.46141162514686584,0.2809358835220337,-0.0002471161133144051,0.03300098702311516,0.03300098329782486,1.0,-3.0,success
2892,0.4603941738605499,0.28121858835220337,-0.000247250369284302,0.03299989551305771,0.03299989551305771,1.0,3.0,success
2893,0.4593762457370758,0.2814995348453522,-0.00024733826285228133,0.032999590039253235,0.032999590039253235,1.0,-3.0,success
2894,0.4583587646484375,0.2817821502685547,-0.0002474276989232749,0.03300004452466965,0.03300004452466965,1.0,3.0,success
2895,0.4573407769203186,0.2820630371570587,-0.0002474800276104361,0.0330008938908577,0.0330008938908577,1.0,-3.0,success
2896,0.4563234746456146,0.28234627842903137,-0.00024753104662522674,0.032999902963638306,0.032999902963638306,1.0,-3.0,success
2897,0.45530664920806885,0.28263118863105774,-0.0002475821820553392,0.03299957886338234,0.03299957886338234,1.0,3.0,success
2898,0.4552862048149109,0.28263625502586365,-0.00025249578175134957,0.000675885530654341,0.0006582124624401331,0.0,3.0,success
2899,0.45428863167762756,0.28291183710098267,-0.00024696291075088084,0.03234228864312172,0.03234182670712471,1.0,-3.0,success
2900,0.45327118039131165,0.2831944525241852,-0.00024682783987373114,0.03299914672970772,0.03299914672970772,1.0,3.0,success
2901,0.4522530138492584,0.28347471356391907,-0.00024699544883333147,0.03300108388066292,0.03300108388066292,1.0,3.0,success
2902,0.4512344002723694,0.2837532162666321,-0.00024713299353607,0.03300001844763756,0.03300001844763756,1.0,-3.0,success
2903,0.45021626353263855,0.2840334475040436,-0.00024726364063099027,0.03299993649125099,0.03299993649125099,1.0,3.0,success
2904,0.4491974711418152,0.28431129455566406,-0.00024735883926041424,0.03300001472234726,0.03300001472234726,1.0,3.0,success
2905,0.4481780230998993,0.2845868170261383,-0.0002474346838425845,0.03300075605511665,0.03300075605511665,1.0,3.0,success
2906,0.44715794920921326,0.2848599851131439,-0.0002474954817444086,0.03300052508711815,0.03300052136182785,1.0,3.0,success
2907,0.4461374878883362,0.2851315140724182,-0.0002475333458278328,0.03299901261925697,0.03299901261925697,1.0,-3.0,success
2908,0.4461168646812439,0.2851358950138092,-0.00025246659060940146,0.0006766517763026059,0.0006588558899238706,0.0,3.0,success
2909,0.44611692428588867,0.28513601422309875,-0.000251824501901865,2.04929820029065e-05,4.165000973443966e-06,0.0,-3.0,success
2910,0.445117324590683,0.2854040265083313,-0.0002461472467985004,0.03234129026532173,0.03234080597758293,1.0,3.0,success
2911,0.44409677386283875,0.2856753468513489,-0.00024614023277536035,0.03300003334879875,0.03300003334879875,1.0,-3.0,success
2912,0.4430766701698303,0.28594842553138733,-0.00024645437952131033,0.033000703901052475,0.033000700175762177,1.0,3.0,success
2913,0.44205594062805176,0.28621914982795715,-0.00024671098799444735,0.033000655472278595,0.033000655472278595,1.0,3.0,success
2914,0.44103461503982544,0.28648751974105835,-0.00024691663566045463,0.03299988433718681,0.03299988433718681,1.0,3.0,success
2915,0.440012663602829,0.2867535948753357,-0.0002470812469255179,0.03300065919756889,0.03300065919756889,1.0,3.0,success
2916,0.4389903247356415,0.2870180308818817,-0.0002472020569257438,0.03299951180815697,0.03299951180815697,1.0,-3.0,success
2917,0.4379684329032898,0.28728431463241577,-0.0002473191125318408,0.03300049901008606,0.03300049901008606,1.0,3.0,success
2918,0.43794795870780945,0.2872891426086426,-0.0002522743307054043,0.0006753588677383959,0.0006573665887117386,0.0,-3.0,success
2919,0.4369466006755829,0.28755056858062744,-0.0002468078164383769,0.03234173357486725,0.032341279089450836,1.0,3.0,success
2920,0.4359242916107178,0.2878151535987854,-0.0002466831647325307,0.03299977630376816,0.03299977630376816,1.0,-3.0,success
2921,0.4349024295806885,0.2880815267562866,-0.00024688936537131667,0.03300030529499054,0.03300030529499054,1.0,3.0,success
2922,0.4338799715042114,0.288345605134964,-0.0002470589824952185,0.03300032392144203,0.03300032392144203,1.0,3.0,success
2923,0.43285688757896423,0.28860732913017273,-0.0002471950137987733,0.03300094977021217,0.03300094977021217,1.0,3.0,success
2924,0.4318332374095917,0.2888667583465576,-0.0002473039203323424,0.033000398427248,0.033000398427248,1.0,3.0,success
2925,0.43080902099609375,0.28912392258644104,-0.0002473910863045603,0.033000245690345764,0.033000245690345764,1.0,3.0,success
2926,0.42978423833847046,0.2893787920475006,-0.00024746087728999555,0.03300002962350845,0.03300002962350845,1.0,3.0,success
2927,0.4287588894367218,0.28963178396224976,-0.0002475109649822116,0.03300309553742409,0.03300309553742409,1.0,0.0,success
2928,0.4277336001396179,0.2898845672607422,-0.0002475622168276459,0.03299972414970398,0.03299972414970398,1.0,3.0,success
2929,0.4267079532146454,0.29013577103614807,-0.00024758686777204275,0.03299879655241966,0.03299879655241966,1.0,-3.0,success
2930,0.4256827235221863,0.2903888523578644,-0.00024762688553892076,0.033000148832798004,0.033000148832798004,1.0,3.0,success
2931,0.4246569275856018,0.29063960909843445,-0.00024764961563050747,0.033000003546476364,0.033000003546476364,1.0,3.0,success
2932,0.42363056540489197,0.29088807106018066,-0.0002476674853824079,0.033000241965055466,0.033000241965055466,1.0,3.0,success
2933,0.4236097037792206,0.2908914387226105,-0.0002525641757529229,0.0006778629613108933,0.0006603655056096613,0.0,3.0,success
2934,0.422603040933609,0.29113152623176575,-0.00024701733491383493,0.03234099969267845,0.032340534031391144,1.0,-3.0,success
2935,0.42157626152038574,0.2913781702518463,-0.00024687161203473806,0.03299960121512413,0.03299960121512413,1.0,3.0,success
2936,0.4205488860607147,0.29162245988845825,-0.00024703083909116685,0.03300061821937561,0.03300061821937561,1.0,3.0,success
2937,0.4195209741592407,0.29186442494392395,-0.0002471717889420688,0.03300020471215248,0.03300020471215248,1.0,3.0,success
2938,0.41950076818466187,0.2918685972690582,-0.000252157828072086,0.0006633177399635315,0.0006447577616199851,0.0,-3.0,success
2939,0.41847315430641174,0.2921110987663269,-0.0002466101723257452,0.03299544006586075,0.032994985580444336,1.0,0.0,success
2940,0.4174453318119049,0.29235339164733887,-0.00024663389194756746,0.03299983590841293,0.03299983590841293,1.0,3.0,success
2941,0.4164171516895294,0.2925940454006195,-0.0002468340680934489,0.03299900144338608,0.03299900144338608,1.0,-3.0,success
2942,0.4153895378112793,0.2928372025489807,-0.0002470134641043842,0.03299970179796219,0.03299970179796219,1.0,-3.0,success
2943,0.41436249017715454,0.2930828332901001,-0.00024715811014175415,0.03300037235021591,0.03300037235021591,1.0,-3.0,success
2944,0.41434189677238464,0.2930872440338135,-0.00025216664653271437,0.0006764945574104786,0.0006581393536180258,0.0,3.0,success
2945,0.41333532333374023,0.29332756996154785,-0.0002467108715791255,0.032339997589588165,0.03233954682946205,1.0,3.0,success
2946,0.41230762004852295,0.2935704290866852,-0.0002466052828822285,0.03300027549266815,0.03300027176737785,1.0,-3.0,success
2947,0.41128048300743103,0.2938157021999359,-0.0002468166931066662,0.03300049528479576,0.03300049528479576,1.0,-3.0,success
2948,0.41025376319885254,0.29406264424324036,-0.00024701020447537303,0.03299997001886368,0.03299997001886368,1.0,3.0,success
2949,0.4092266261577606,0.2943078279495239,-0.00024714614846743643,0.03299984708428383,0.03299984708428383,1.0,-3.0,success
2950,0.40920618176460266,0.294312983751297,-0.0002521454298403114,0.000677158241160214,0.0006588901160284877,0.0,-3.0,success
2951,0.4082004427909851,0.2945575714111328,-0.00024670411949045956,0.032345838844776154,0.03234539553523064,1.0,3.0,success
2952,0.4071738123893738,0.2948048412799835,-0.00024660126655362546,0.03299964964389801,0.03299964964389801,1.0,-3.0,success
2953,0.40614771842956543,0.29505449533462524,-0.0002468135498929769,0.0330008864402771,0.0330008864402771,1.0,-3.0,success
2954,0.40512222051620483,0.295306533575058,-0.0002469978353474289,0.03300049155950546,0.03300049155950546,1.0,-3.0,success
2955,0.40409713983535767,0.29556024074554443,-0.00024715569452382624,0.03300032019615173,0.03300032019615173,1.0,3.0,success
2956,0.40307146310806274,0.2958114445209503,-0.00024727213894948363,0.03299970552325249,0.03299970552325249,1.0,3.0,success
2957,0.4030711352825165,0.2958114743232727,-0.0002523382136132568,0.00015864867600612342,1.0286793440172914e-05,0.0,0.0,success
2958,0.4020654559135437,0.2960555851459503,-0.000246762007009238,0.032340534031391144,0.03234006464481354,1.0,3.0,success
2959,0.4010385572910309,0.2963016927242279,-0.0002466525766067207,0.03299931436777115,0.03299931436777115,1.0,3.0,success
2960,0.4000110626220703,0.29654544591903687,-0.00024685499374754727,0.03300036862492561,0.033000364899635315,1.0,3.0,success
2961,0.39898303151130676,0.296786904335022,-0.00024703118833713233,0.03300020843744278,0.03300020471215248,1.0,3.0,success
2962,0.39795464277267456,0.29702672362327576,-0.00024716195184737444,0.03299941495060921,0.03299941495060921,1.0,-3.0,success
2963,0.3969268202781677,0.2972690463066101,-0.00024727609707042575,0.03300004452466965,0.03300004452466965,1.0,-3.0,success
2964,0.3958994150161743,0.2975131571292877,-0.0002473785716574639,0.03300023078918457,0.03300023078918457,1.0,3.0,success
2965,0.39487162232398987,0.297755628824234,-0.0002474405919201672,0.03300021216273308,0.03300020843744278,1.0,-3.0,success
2966,0.3948509693145752,0.2977597713470459,-0.00025239214301109314,0.0006762034026905894,0.0006582612404599786,0.0,3.0,success
2967,0.3938436508178711,0.29799705743789673,-0.00024689148995094,0.03234073519706726,0.03234027698636055,1.0,3.0,success
2968,0.3928152620792389,0.2982368469238281,-0.00024674966698512435,0.03299920633435249,0.03299920633435249,1.0,-3.0,success
2969,0.3917873799800873,0.2984790503978729,-0.0002469320024829358,0.03300100564956665,0.03300100564956665,1.0,-3.0,success
2970,0.3907600939273834,0.29872366786003113,-0.00024709245190024376,0.033000268042087555,0.033000268042087555,1.0,-3.0,success
2971,0.38973337411880493,0.29897066950798035,-0.00024722167290747166,0.0330004021525383,0.0330004021525383,1.0,-3.0,success
2972,0.38870707154273987,0.2992193102836609,-0.0002473347121849656,0.03299975022673607,0.03299975022673607,1.0,3.0,success
2973,0.38768017292022705,0.29946547746658325,-0.00024741527158766985,0.03299974650144577,0.03299974650144577,1.0,3.0,success
2974,0.3866526782512665,0.29970917105674744,-0.00024747950374148786,0.03299993649125099,0.03299993649125099,1.0,3.0,success
2975,0.3856247663497925,0.29995113611221313,-0.00024752080207690597,0.03300020471215248,0.03300020471215248,1.0,-3.0,success
2976,0.3845972716808319,0.3001948595046997,-0.00024757382925599813,0.0330001525580883,0.0330001525580883,1.0,3.0,success
2977,0.3835693597793579,0.3004368543624878,-0.00024759676307439804,0.03300042077898979,0.03300042077898979,1.0,-3.0,success
2978,0.38254204392433167,0.30068129301071167,-0.00024762420798651874,0.032999880611896515,0.032999880611896515,1.0,-3.0,success
2979,0.3815152943134308,0.30092811584472656,-0.0002476467634551227,0.033000003546476364,0.033000003546476364,1.0,-3.0,success
2980,0.38149476051330566,0.30093276500701904,-0.00025255721993744373,0.0006755815120413899,0.0006579231703653932,0.0,3.0,success
2981,0.3804886043071747,0.3011751174926758,-0.0002470126491971314,0.032342102378606796,0.03234163671731949,1.0,-3.0,success
2982,0.37946242094039917,0.30142438411712646,-0.00024685790413059294,0.03300074115395546,0.03300074115395546,1.0,-3.0,success
2983,0.3784366846084595,0.30167528986930847,-0.000247029063757509,0.032999299466609955,0.032999299466609955,1.0,3.0,success
2984,0.3774104416370392,0.3019244074821472,-0.0002471606421750039,0.03300144895911217,0.03300144895911217,1.0,-3.0,success
2985,0.37738993763923645,0.3019291162490845,-0.0002521681890357286,0.0006757965893484652,0.0006574292783625424,0.0,3.0,success
2986,0.37638428807258606,0.3021736145019531,-0.00024670138373039663,0.032342471182346344,0.03234202042222023,1.0,-3.0,success
2987,0.375358521938324,0.3024244010448456,-0.0002466185833327472,0.03299931809306145,0.03299931809306145,1.0,3.0,success
2988,0.37433212995529175,0.30267274379730225,-0.0002468279271852225,0.03300027549266815,0.03300027176737785,1.0,3.0,success
2989,0.37330514192581177,0.30291861295700073,-0.0002470090694259852,0.03300029784440994,0.033000294119119644,1.0,3.0,success
2990,0.3722775876522064,0.3031620979309082,-0.000247154850512743,0.033000245690345764,0.033000245690345764,1.0,3.0,success
2991,0.37124961614608765,0.3034038841724396,-0.0002472610503900796,0.03300073742866516,0.03300073742866516,1.0,-3.0,success
2992,0.3702220916748047,0.30364781618118286,-0.0002473607601132244,0.03300256282091141,0.03300256282091141,1.0,0.0,success
2993,0.36919474601745605,0.3038921058177948,-0.0002474317734595388,0.032999709248542786,0.032999709248542786,1.0,-3.0,success
2994,0.3681679964065552,0.30413880944252014,-0.00024749257136136293,0.032999131828546524,0.032999131828546524,1.0,-3.0,success
2995,0.36714163422584534,0.3043872117996216,-0.00024755147751420736,0.032999806106090546,0.032999806106090546,1.0,3.0,success
2996,0.36611485481262207,0.30463385581970215,-0.0002475790388416499,0.03299960121512413,0.03299960121512413,1.0,-3.0,success
2997,0.36611461639404297,0.3046341836452484,-0.00025259325047954917,0.00015720530063845217,1.2667356713791378e-05,0.0,0.0,success
2998,0.36510902643203735,0.3048786520957947,-0.0002469554601702839,0.03234047070145607,0.03233999013900757,1.0,-3.0,success
2999,0.3650885224342346,0.30488330125808716,-0.00025170083972625434,0.0006735424394719303,0.0006570148980244994,0.0,3.0,success
3000,0.364082932472229,0.30512794852256775,-0.00024631264386698604,0.03234174847602844,0.032341308891773224,1.0,-3.0,success
3001,0.36305734515190125,0.3053796589374542,-0.00024629721883684397,0.03300075978040695,0.03300075978040695,1.0,-3.0,success
3002,0.3620321750640869,0.30563297867774963,-0.00024658063193783164,0.03300013020634651,0.03300012648105621,1.0,3.0,success
3003,0.36100640892982483,0.30588382482528687,-0.00024681142531335354,0.032999761402606964,0.032999757677316666,1.0,3.0,success
3004,0.36098578572273254,0.3058880865573883,-0.00025187921710312366,0.0006768792518414557,0.0006580919143743813,0.0,3.0,success
3005,0.35997942090034485,0.30612942576408386,-0.00024648054386489093,0.03234101086854935,0.03234057500958443,1.0,3.0,success
3006,0.35895198583602905,0.30637335777282715,-0.00024642105563543737,0.03299984335899353,0.03299984335899353,1.0,-3.0,success
3007,0.3579251170158386,0.3066197335720062,-0.0002466691948939115,0.033000361174345016,0.033000361174345016,1.0,-3.0,success
3008,0.35689881443977356,0.3068684935569763,-0.00024688223493285477,0.033000629395246506,0.033000629395246506,1.0,-3.0,success
3009,0.3558937907218933,0.3071146011352539,-0.00024302145175170153,0.03233516588807106,0.032334938645362854,1.0,-3.0,success
3010,0.35486850142478943,0.3073672950267792,-0.00024366112484131008,0.03299906477332115,0.032999057322740555,1.0,3.0,success
3011,0.3538427948951721,0.30761829018592834,-0.0002444521232973784,0.03299906849861145,0.032999057322740555,1.0,-3.0,success
3012,0.3528176546096802,0.30787163972854614,-0.00024510876392014325,0.03299945220351219,0.032999444752931595,1.0,-3.0,success
3013,0.35179293155670166,0.30812668800354004,-0.00024564508930779994,0.03299957141280174,0.032999567687511444,1.0,3.0,success
3014,0.35177233815193176,0.3081311285495758,-0.0002509474288672209,0.0006788673344999552,0.0006583350477740169,0.0,3.0,success
3015,0.35076698660850525,0.30837658047676086,-0.00024573487462475896,0.032340433448553085,0.03234002739191055,1.0,3.0,success
3016,0.3497404158115387,0.3086240291595459,-0.0002458348753862083,0.03299914672970772,0.03299914672970772,1.0,3.0,success
3017,0.348713219165802,0.3088690936565399,-0.00024620123440399766,0.033000797033309937,0.03300079330801964,1.0,3.0,success
3018,0.34768548607826233,0.3091118335723877,-0.0002465083380229771,0.03300032764673233,0.03300032392144203,1.0,3.0,success
3019,0.3466572165489197,0.3093522787094116,-0.0002467547601554543,0.03300023823976517,0.03300023451447487,1.0,3.0,success
3020,0.34562838077545166,0.3095903992652893,-0.00024695193860679865,0.03300100937485695,0.03300100937485695,1.0,3.0,success
3021,0.34459903836250305,0.3098262548446655,-0.0002471097104717046,0.033000554889440536,0.033000554889440536,1.0,3.0,success
3022,0.34356918931007385,0.3100598454475403,-0.000247235904680565,0.03300026059150696,0.03300026059150696,1.0,3.0,success
3023,0.34253883361816406,0.3102911710739136,-0.0002473368658684194,0.033000122755765915,0.033000122755765915,1.0,3.0,success
3024,0.341508150100708,0.3105209469795227,-0.0002474062785040587,0.03299954906105995,0.03299954906105995,1.0,-3.0,success
3025,0.3404778838157654,0.31075263023376465,-0.00024748253053985536,0.03299984708428383,0.03299984708428383,1.0,3.0,success
3026,0.3394472599029541,0.31098270416259766,-0.00024752342142164707,0.032999757677316666,0.03299975395202637,1.0,-3.0,success
3027,0.33841702342033386,0.3112145960330963,-0.0002475761284586042,0.03300036862492561,0.03300036862492561,1.0,3.0,success
3028,0.33839619159698486,0.3112179636955261,-0.0002524913288652897,0.0006770982290618122,0.0006594460573978722,0.0,3.0,success
3029,0.3373856246471405,0.311441034078598,-0.0002469707396812737,0.03234090283513069,0.03234044089913368,1.0,3.0,success
3030,0.33635377883911133,0.3116656541824341,-0.000246823561610654,0.03300034999847412,0.03300034999847412,1.0,3.0,success
3031,0.3353215754032135,0.3118886351585388,-0.0002469812461640686,0.03300042077898979,0.03300042077898979,1.0,-3.0,success
3032,0.33428993821144104,0.3121141195297241,-0.0002471308398526162,0.03299973905086517,0.03299973905086517,1.0,-3.0,success
3033,0.3332586884498596,0.3123413920402527,-0.00024726238916628063,0.03299989178776741,0.03299989178776741,1.0,3.0,success
3034,0.3322480320930481,0.31256306171417236,-0.00024332929751835763,0.03233399614691734,0.03233376517891884,1.0,-3.0,success
3035,0.3312169313430786,0.31279081106185913,-0.00024390732869505882,0.03299856185913086,0.03299855440855026,1.0,3.0,success
3036,0.3301854431629181,0.3130168616771698,-0.0002446490107104182,0.03299897909164429,0.03299897164106369,1.0,-3.0,success
3037,0.33016476035118103,0.31302082538604736,-0.0002501599956303835,0.0006802605930715799,0.0006580998306162655,0.0,3.0,success
3038,0.32915395498275757,0.31324276328086853,-0.00024509450304321945,0.03234049677848816,0.03234010934829712,1.0,-3.0,success
3039,0.3291333019733429,0.31324687600135803,-0.000250217184657231,0.0006772698252461851,0.000658078701235354,0.0,3.0,success
3040,0.3281225264072418,0.31346896290779114,-0.0002451257314532995,0.03234058991074562,0.032340195029973984,1.0,-3.0,success
3041,0.32709142565727234,0.313696950674057,-0.0002453576889820397,0.033000167459249496,0.0330001637339592,1.0,3.0,success
3042,0.32707086205482483,0.31370165944099426,-0.0002506919845473021,0.0006799937691539526,0.0006592448335140944,0.0,-3.0,success
3043,0.3260604441165924,0.3139253258705139,-0.0002455409266985953,0.03234031796455383,0.0323399119079113,1.0,3.0,success
3044,0.3250288665294647,0.31415125727653503,-0.00024567017680965364,0.03300090879201889,0.03300090879201889,1.0,-3.0,success
3045,0.32399770617485046,0.31437891721725464,-0.00024607914383523166,0.03299977257847786,0.03299977257847786,1.0,3.0,success
3046,0.3229661285877228,0.31460484862327576,-0.0002464007120579481,0.03300090879201889,0.03300090879201889,1.0,-3.0,success
3047,0.32193508744239807,0.3148331940174103,-0.00024666773970238864,0.03300075978040695,0.03300075978040695,1.0,-3.0,success
3048,0.32090461254119873,0.3150639235973358,-0.00024688191479071975,0.032999683171510696,0.032999683171510696,1.0,-3.0,success
3049,0.31987464427948,0.31529703736305237,-0.00024705336545594037,0.03300059959292412,0.03300059959292412,1.0,-3.0,success
3050,0.31884506344795227,0.3155321478843689,-0.0002471952175255865,0.03300262615084648,0.03300262615084648,1.0,0.0,success
3051,0.31882449984550476,0.31553658843040466,-0.0002521918504498899,0.0006757132359780371,0.0006574246217496693,0.0,3.0,success
3052,0.3178151547908783,0.3157653212547302,-0.0002467201848048717,0.03234225511550903,0.03234180063009262,1.0,-3.0,success
3053,0.316785603761673,0.31599998474121094,-0.00024663357180543244,0.03299861401319504,0.03299861401319504,1.0,3.0,success
3054,0.31575557589530945,0.3162328898906708,-0.00024683037190698087,0.03300097957253456,0.03300097584724426,1.0,-3.0,success
3055,0.31472596526145935,0.31646743416786194,-0.00024702074006199837,0.03299959748983383,0.03299959748983383,1.0,3.0,success
3056,0.3147052824497223,0.3164714574813843,-0.0002520468842703849,0.0006769270985387266,0.0006584529182873666,0.0,3.0,success
3057,0.31369540095329285,0.3166976571083069,-0.00024660391500219703,0.03234120458364487,0.03234075754880905,1.0,-3.0,success
3058,0.31266525387763977,0.3169299066066742,-0.0002465406432747841,0.033000100404024124,0.033000100404024124,1.0,3.0,success
3059,0.31163471937179565,0.31716039776802063,-0.00024675592430867255,0.03299987316131592,0.03299987316131592,1.0,-3.0,success
3060,0.3106045424938202,0.31739258766174316,-0.0002469613100402057,0.03300059959292412,0.03300059959292412,1.0,3.0,success
3061,0.31058382987976074,0.3173964321613312,-0.0002519994741305709,0.0006768894381821156,0.0006583244539797306,0.0,3.0,success
3062,0.3095734417438507,0.31762033700942993,-0.00024656602181494236,0.032341063022613525,0.03234061598777771,1.0,-3.0,success
3063,0.3085429072380066,0.3178509771823883,-0.00024650018895044923,0.0330008901655674,0.0330008901655674,1.0,-3.0,success
3064,0.3075127899646759,0.3180833160877228,-0.00024674314772710204,0.032999806106090546,0.032999806106090546,1.0,3.0,success
3065,0.30648210644721985,0.31831321120262146,-0.0002469416067469865,0.03300035372376442,0.03300035372376442,1.0,3.0,success
3066,0.3054508864879608,0.31854066252708435,-0.00024710080469958484,0.03300018608570099,0.03300018608570099,1.0,3.0,success
3067,0.30543023347854614,0.31854483485221863,-0.0002520993002690375,0.0006767194718122482,0.0006584450020454824,0.0,-3.0,success
3068,0.30441969633102417,0.31876814365386963,-0.00024666785611771047,0.03234158456325531,0.032341137528419495,1.0,3.0,success
3069,0.30338791012763977,0.31899306178092957,-0.00024658182519488037,0.03300051391124725,0.03300051391124725,1.0,3.0,success
3070,0.3023556172847748,0.31921565532684326,-0.0002467987942509353,0.03300059959292412,0.03300059959292412,1.0,3.0,success
3071,0.30233487486839294,0.3192193806171417,-0.00025185695267282426,0.0006772751803509891,0.0006585714290849864,0.0,-3.0,success
3072,0.3013235628604889,0.31943878531455994,-0.00024646183010190725,0.03233913704752922,0.032338697463274,1.0,-3.0,success
3073,0.30029192566871643,0.3196644186973572,-0.00024642760399729013,0.03300073370337486,0.03300073370337486,1.0,3.0,success
3074,0.2992597818374634,0.3198876976966858,-0.00024667580146342516,0.03300056979060173,0.03300056606531143,1.0,3.0,success
3075,0.29822713136672974,0.3201086223125458,-0.0002468878810759634,0.03300056979060173,0.03300056979060173,1.0,3.0,success
3076,0.29719415307044983,0.32032790780067444,-0.00024704739917069674,0.0329999141395092,0.0329999141395092,1.0,-3.0,success
3077,0.29717329144477844,0.3203311264514923,-0.00025207805447280407,0.0006781138945370913,0.0006596393650397658,0.0,3.0,success
3078,0.29616108536720276,0.32054659724235535,-0.000246629148023203,0.032340630888938904,0.03234018385410309,1.0,-3.0,success
3079,0.29512855410575867,0.3207680583000183,-0.0002465609577484429,0.033000439405441284,0.033000439405441284,1.0,3.0,success
3080,0.2940956652164459,0.3209878206253052,-0.00024677207693457603,0.03300027921795845,0.03300027921795845,1.0,-3.0,success
3081,0.29306313395500183,0.32120928168296814,-0.0002469743194524199,0.03300044313073158,0.033000439405441284,1.0,3.0,success
3082,0.29203009605407715,0.3214283585548401,-0.0002471274056006223,0.03300038352608681,0.03300038352608681,1.0,3.0,success
3083,0.2909967005252838,0.32164573669433594,-0.00024723922251723707,0.03300034627318382,0.03300034627318382,1.0,-3.0,success
3084,0.2899636924266815,0.32186487317085266,-0.00024734868202358484,0.032999858260154724,0.032999858260154724,1.0,3.0,success
3085,0.28893032670021057,0.3220823109149933,-0.00024741666857153177,0.03299982100725174,0.03299982100725174,1.0,-3.0,success
3086,0.2878973186016083,0.3223015069961548,-0.0002474905923008919,0.033000241965055466,0.033000241965055466,1.0,3.0,success
3087,0.2878764867782593,0.3223048746585846,-0.0002524227020330727,0.0006772183696739376,0.0006594460573978722,0.0,3.0,success
3088,0.2878763973712921,0.3223043978214264,-0.000251799268880859,2.4686238248250447e-05,1.5160831935645547e-05,0.0,3.0,success
3089,0.2878764867782593,0.3223046064376831,-0.0002509911428205669,2.6231056835968047e-05,7.092741270753322e-06,0.0,-3.0,success
3090,0.2868632376194,0.3225150406360626,-0.00024546580971218646,0.0323401540517807,0.03233969584107399,1.0,3.0,success
3091,0.28684234619140625,0.3225182294845581,-0.0002504881122149527,0.0006788115715608001,0.0006604187074117362,0.0,3.0,success
3092,0.28684237599372864,0.32251831889152527,-0.00025022641057148576,8.692306437296793e-06,2.945100504803122e-06,0.0,-3.0,success
3093,0.28582870960235596,0.3227267861366272,-0.0002448562008794397,0.032340459525585175,0.032340023666620255,1.0,-3.0,success
3094,0.28479480743408203,0.3229418396949768,-0.0002451182808727026,0.033000972121953964,0.033000968396663666,1.0,-3.0,success
3095,0.28376129269599915,0.3231585919857025,-0.00024563740589655936,0.032999977469444275,0.032999973744153976,1.0,3.0,success
3096,0.28374049067497253,0.32316216826438904,-0.00025094038574025035,0.0006800989503972232,0.0006595999002456665,0.0,3.0,success
3097,0.28272685408592224,0.32337096333503723,-0.00024571866379119456,0.03234158456325531,0.03234117478132248,1.0,-3.0,success
3098,0.28270626068115234,0.3233754634857178,-0.0002507045865058899,0.0006769063766114414,0.0006587301613762975,0.0,-3.0,success
3099,0.2816934883594513,0.32358837127685547,-0.00024553757975809276,0.03234132006764412,0.032340917736291885,1.0,3.0,success
3100,0.28065943717956543,0.3238026201725006,-0.00024567675427533686,0.03300042077898979,0.03300042077898979,1.0,3.0,success
3101,0.2796250283718109,0.32401514053344727,-0.00024606441729702055,0.03300045058131218,0.03300045058131218,1.0,-3.0,success
3102,0.2785910964012146,0.3242300748825073,-0.0002463979471940547,0.0330011248588562,0.0330011211335659,1.0,-3.0,success
3103,0.2775575816631317,0.32444679737091064,-0.0002466761798132211,0.032999783754348755,0.032999783754348755,1.0,3.0,success
3104,0.27652353048324585,0.3246610462665558,-0.0002468889288138598,0.03300042077898979,0.03300042077898979,1.0,3.0,success
3105,0.2754889726638794,0.3248729109764099,-0.0002470588078722358,0.0330008938908577,0.0330008938908577,1.0,3.0,success
3106,0.27445393800735474,0.32508236169815063,-0.0002471948100719601,0.03300044685602188,0.03300044685602188,1.0,3.0,success
3107,0.2734184265136719,0.3252894878387451,-0.00024730368750169873,0.033000726252794266,0.033000726252794266,1.0,3.0,success
3108,0.2723824679851532,0.32549425959587097,-0.00024739085347391665,0.03300008177757263,0.03300008177757263,1.0,3.0,success
3109,0.2713460624217987,0.32569676637649536,-0.00024746061535552144,0.03300013765692711,0.03300013765692711,1.0,3.0,success
3110,0.270309180021286,0.3258969485759735,-0.00024751649470999837,0.03300091624259949,0.03300091624259949,1.0,3.0,success
3111,0.2692718803882599,0.3260948956012726,-0.0002475611981935799,0.033000554889440536,0.033000554889440536,1.0,3.0,success
3112,0.26823416352272034,0.3262905478477478,-0.0002475969959050417,0.032999999821186066,0.032999999821186066,1.0,3.0,success
3113,0.2671961784362793,0.32648465037345886,-0.00024761431268416345,0.032999299466609955,0.032999299466609955,1.0,-3.0,success
3114,0.26615867018699646,0.32668131589889526,-0.00024763759574852884,0.03299947455525398,0.03299947455525398,1.0,-3.0,success
3115,0.2651216387748718,0.326880544424057,-0.000247656978899613,0.032999854534864426,0.032999854534864426,1.0,-3.0,success
3116,0.2640850841999054,0.3270822763442993,-0.00024767278227955103,0.033000074326992035,0.033000074326992035,1.0,-3.0,success
3117,0.2640644311904907,0.32708656787872314,-0.00025256676599383354,0.000676701485645026,0.0006591927958652377,0.0,-3.0,success
3118,0.26304951310157776,0.3272886574268341,-0.000247042189585045,0.03233928605914116,0.03233882412314415,1.0,3.0,success
3119,0.26201337575912476,0.32749250531196594,-0.0002468707680236548,0.032999977469444275,0.032999977469444275,1.0,-3.0,success
3120,0.26097768545150757,0.32769879698753357,-0.0002470290055498481,0.03300110623240471,0.03300110623240471,1.0,-3.0,success
3121,0.26095694303512573,0.32770252227783203,-0.0002520625712350011,0.0006770962500013411,0.0006585714290849864,0.0,3.0,success
3122,0.25994205474853516,0.32790514826774597,-0.000246617040829733,0.03234163671731949,0.03234118968248367,1.0,-3.0,success
3123,0.2589067816734314,0.32811322808265686,-0.00024655109154991806,0.03299928084015846,0.03299928084015846,1.0,3.0,success
3124,0.25787097215652466,0.32831883430480957,-0.0002467739977873862,0.033000580966472626,0.03300057724118233,1.0,3.0,success
3125,0.25683480501174927,0.3285226821899414,-0.00024695598403923213,0.0330008901655674,0.0330008901655674,1.0,-3.0,success
3126,0.25579899549484253,0.32872822880744934,-0.00024712205049581826,0.033000215888023376,0.033000215888023376,1.0,3.0,success
3127,0.2547627091407776,0.32893136143684387,-0.0002472455089446157,0.03300023823976517,0.03300023823976517,1.0,3.0,success
3128,0.25372594594955444,0.329132080078125,-0.0002473439963068813,0.03300044313073158,0.03300044313073158,1.0,3.0,success
3129,0.2526887357234955,0.3293304145336151,-0.0002474228967912495,0.03300008177757263,0.03300008177757263,1.0,3.0,success
3130,0.2516510784626007,0.3295263946056366,-0.00024748611031100154,0.03300006687641144,0.03300006687641144,1.0,3.0,success
3131,0.25061312317848206,0.32972076535224915,-0.000247525837039575,0.032999925315380096,0.032999925315380096,1.0,-3.0,success
3132,0.24957549571990967,0.32991695404052734,-0.0002475780202075839,0.033000364899635315,0.033000364899635315,1.0,3.0,success
3133,0.24853743612766266,0.3301108181476593,-0.0002476105291862041,0.033000219613313675,0.033000219613313675,1.0,3.0,success
3134,0.24749909341335297,0.33030304312705994,-0.00024762540124356747,0.03299955651164055,0.03299955651164055,1.0,-3.0,success
3135,0.24646106362342834,0.3304970860481262,-0.00024765761918388307,0.03300033137202263,0.03300033137202263,1.0,3.0,success
3136,0.2464400976896286,0.33049970865249634,-0.00025255634682253003,0.0006778051611036062,0.0006602914072573185,0.0,3.0,success
3137,0.24542219936847687,0.3306863605976105,-0.00024701154325157404,0.0323401503264904,0.03233968839049339,1.0,-3.0,success
3138,0.24438393115997314,0.3308790922164917,-0.00024685621610842645,0.0330001525580883,0.0330001525580883,1.0,-3.0,success
3139,0.24334610998630524,0.3310742974281311,-0.0002470178296789527,0.03300061821937561,0.03300061821937561,1.0,-3.0,success
3140,0.2423086315393448,0.3312712013721466,-0.00024717109045013785,0.032999951392412186,0.032999951392412186,1.0,3.0,success
3141,0.24127081036567688,0.33146634697914124,-0.00024727481650188565,0.03300027176737785,0.03300027176737785,1.0,-3.0,success
3142,0.24125000834465027,0.3314697742462158,-0.0002522594586480409,0.0006769913015887141,0.0006588269607163966,0.0,3.0,success
3143,0.24023300409317017,0.3316614031791687,-0.00024677463807165623,0.03234110027551651,0.0323406420648098,1.0,-3.0,success
3144,0.23919565975666046,0.3318590819835663,-0.00024666727404110134,0.03300035372376442,0.03300035372376442,1.0,-3.0,success
3145,0.23815874755382538,0.3320590853691101,-0.00024686710094101727,0.033000774681568146,0.033000774681568146,1.0,-3.0,success
3146,0.2371222823858261,0.33226141333580017,-0.00024704093812033534,0.0330008938908577,0.0330008938908577,1.0,-3.0,success
3147,0.23608627915382385,0.3324660658836365,-0.00024718078202567995,0.033000729978084564,0.033000729978084564,1.0,-3.0,success
3148,0.23505061864852905,0.3326722979545593,-0.00024730185396037996,0.032999828457832336,0.032999828457832336,1.0,3.0,success
3149,0.2340145707130432,0.33287665247917175,-0.00024737961939536035,0.03300029784440994,0.03300029784440994,1.0,-3.0,success
3150,0.2329789698123932,0.3330833315849304,-0.00024745106929913163,0.033000729978084564,0.033000729978084564,1.0,-3.0,success
3151,0.231943741440773,0.333291620016098,-0.00024751806631684303,0.0329991951584816,0.0329991951584816,1.0,3.0,success
3152,0.2309081107378006,0.3334980905056,-0.00024755249614827335,0.03300036862492561,0.03300036862492561,1.0,-3.0,success
3153,0.22987282276153564,0.33370617032051086,-0.0002475988876540214,0.032999735325574875,0.032999735325574875,1.0,3.0,success
3154,0.22883716225624084,0.3339124917984009,-0.00024761701934039593,0.03300037235021591,0.03300037235021591,1.0,-3.0,success
3155,0.22780197858810425,0.33412113785743713,-0.0002476407098583877,0.03300003334879875,0.03300003334879875,1.0,-3.0,success
3156,0.2267671376466751,0.3343314826488495,-0.0002476698427926749,0.03300006687641144,0.03300006687641144,1.0,3.0,success
3157,0.22674649953842163,0.3343357741832733,-0.0002525548916310072,0.000676194264087826,0.0006587369134649634,0.0,-3.0,success
3158,0.22573228180408478,0.3345421254634857,-0.00024703171220608056,0.03234410658478737,0.03234364837408066,1.0,3.0,success
3159,0.22469700872898102,0.33475035429000854,-0.0002468629681970924,0.033000197261571884,0.033000197261571884,1.0,-3.0,success
3160,0.22366207838058472,0.33496031165122986,-0.00024703299277462065,0.033000398427248,0.033000398427248,1.0,3.0,success
3161,0.22262680530548096,0.3351685404777527,-0.00024716355255804956,0.033000197261571884,0.033000197261571884,1.0,-3.0,success
3162,0.2215920239686966,0.3353791832923889,-0.0002472778141964227,0.033000100404024124,0.033000100404024124,1.0,-3.0,success
3163,0.22055771946907043,0.33559224009513855,-0.00024736981140449643,0.0330006368458271,0.0330006368458271,1.0,-3.0,success
3164,0.21952392160892487,0.3358076810836792,-0.0002474435605108738,0.033000245690345764,0.033000245690345764,1.0,-3.0,success
3165,0.2184906005859375,0.3360254466533661,-0.00024750264128670096,0.03300056234002113,0.03300056234002113,1.0,-3.0,success
3166,0.21745777130126953,0.3362455368041992,-0.00024754999321885407,0.03300059214234352,0.03300059214234352,1.0,-3.0,success
3167,0.21743720769882202,0.33624982833862305,-0.0002524797455407679,0.0006742917466908693,0.000656457559671253,0.0,3.0,success
3168,0.2164250612258911,0.33646589517593384,-0.000246950687142089,0.03234270587563515,0.03234224393963814,1.0,-3.0,success
3169,0.21539272367954254,0.33668825030326843,-0.0002468085731379688,0.033000390976667404,0.033000390976667404,1.0,-3.0,success
3170,0.21436084806919098,0.3369128704071045,-0.00024698031484149396,0.03300126641988754,0.03300126641988754,1.0,-3.0,success
3171,0.21332937479019165,0.3371390402317047,-0.0002471407351549715,0.03299931809306145,0.03299931809306145,1.0,3.0,success
3172,0.21330885589122772,0.3371439278125763,-0.0002521321002859622,0.0006773594068363309,0.0006591555429622531,0.0,-3.0,success
3173,0.2122981697320938,0.33736652135849,-0.0002466829610057175,0.03234131634235382,0.032340869307518005,1.0,-3.0,success
3174,0.21126721799373627,0.3375950753688812,-0.00024660408962517977,0.032999441027641296,0.032999441027641296,1.0,3.0,success
3175,0.2102358192205429,0.3378218412399292,-0.0002468068269081414,0.03300103917717934,0.03300103545188904,1.0,-3.0,success
3176,0.20920482277870178,0.3380502462387085,-0.00024700190988369286,0.03299979865550995,0.03299979865550995,1.0,3.0,success
3177,0.20817340910434723,0.3382768929004669,-0.0002471395127940923,0.03300068899989128,0.03300068899989128,1.0,-3.0,success
3178,0.20815275609493256,0.33828097581863403,-0.00025215139612555504,0.0006762834382243454,0.0006578974425792694,0.0,3.0,success
3179,0.20714205503463745,0.33850350975990295,-0.000246688025072217,0.032341375946998596,0.03234092518687248,1.0,-3.0,success
3180,0.20611105859279633,0.33873194456100464,-0.00024660787312313914,0.032999999821186066,0.032999999821186066,1.0,3.0,success
3181,0.20507951080799103,0.33895793557167053,-0.00024681942886672914,0.0330003947019577,0.0330003947019577,1.0,3.0,success
3182,0.2040475755929947,0.33918213844299316,-0.00024699230561964214,0.033000312745571136,0.033000312745571136,1.0,-3.0,success
3183,0.20402686297893524,0.3391859829425812,-0.00025203372933901846,0.0006769131287001073,0.0006583244539797306,0.0,3.0,success
3184,0.20301564037799835,0.33940619230270386,-0.00024659387418068945,0.03234175220131874,0.032341308891773224,1.0,-3.0,success
3185,0.20198427140712738,0.3396329879760742,-0.00024652262800373137,0.03300032764673233,0.03300032764673233,1.0,-3.0,success
3186,0.20095328986644745,0.3398614823818207,-0.00024676104658283293,0.032999951392412186,0.03299994766712189,1.0,3.0,success
3187,0.1999218910932541,0.3400881886482239,-0.0002469462633598596,0.0330006405711174,0.0330006405711174,1.0,-3.0,success
3188,0.19889087975025177,0.3403165638446808,-0.000247114134253934,0.033000051975250244,0.033000051975250244,1.0,3.0,success
3189,0.19785946607589722,0.34054315090179443,-0.0002472292981110513,0.033000290393829346,0.033000290393829346,1.0,-3.0,success
3190,0.19682857394218445,0.3407721221446991,-0.00024733057944104075,0.03300045058131218,0.03300045058131218,1.0,-3.0,success
3191,0.19579820334911346,0.3410034775733948,-0.0002474121283739805,0.03300078213214874,0.03300078213214874,1.0,-3.0,success
3192,0.19476836919784546,0.3412371575832367,-0.0002474774664733559,0.03300042450428009,0.03300042077898979,1.0,-3.0,success
3193,0.19373905658721924,0.34147316217422485,-0.000247529853368178,0.03300068899989128,0.03300068899989128,1.0,-3.0,success
3194,0.192710280418396,0.3417114317417145,-0.00024757179198786616,0.033000245690345764,0.033000245690345764,1.0,-3.0,success
3195,0.192689910531044,0.34171685576438904,-0.0002524866140447557,0.000676407478749752,0.0006587395328097045,0.0,-3.0,success
3196,0.19168207049369812,0.34195446968078613,-0.0002469747851137072,0.03235895186662674,0.03235849365592003,1.0,3.0,success
3197,0.19065356254577637,0.3421938717365265,-0.00024682917864993215,0.03300008550286293,0.03300008550286293,1.0,3.0,success
3198,0.18962447345256805,0.3424307703971863,-0.00024699611822143197,0.03300013765692711,0.03300013765692711,1.0,3.0,success
3199,0.18960388004779816,0.3424352705478668,-0.00025201489916071296,0.0006771434564143419,0.0006587301613762975,0.0,-3.0,success
3200,0.18859541416168213,0.34266775846481323,-0.0002466001606080681,0.0323416106402874,0.03234116733074188,1.0,3.0,success
3201,0.18756571412086487,0.3429020643234253,-0.00024652769207023084,0.03300067037343979,0.03300067037343979,1.0,3.0,success
3202,0.18653549253940582,0.3431340157985687,-0.0002467554295435548,0.03300032764673233,0.03300032764673233,1.0,3.0,success
3203,0.18550491333007812,0.3433643579483032,-0.0002469407918397337,0.033000219613313675,0.033000219613313675,1.0,-3.0,success
3204,0.18447472155094147,0.34359651803970337,-0.000247110117925331,0.033000845462083817,0.033000845462083817,1.0,3.0,success
3205,0.18344420194625854,0.3438270092010498,-0.0002472257474437356,0.032999418675899506,0.032999418675899506,1.0,-3.0,success
3206,0.1824142187833786,0.3440600037574768,-0.00024732734891586006,0.03300023078918457,0.03300023078918457,1.0,-3.0,success
3207,0.1813846379518509,0.3442947566509247,-0.0002474194916430861,0.03300014138221741,0.03300014138221741,1.0,3.0,success
3208,0.18035466969013214,0.34452781081199646,-0.00024747339193709195,0.03300018608570099,0.03300018608570099,1.0,-3.0,success
3209,0.17932523787021637,0.34476324915885925,-0.0002475256042089313,0.03300036862492561,0.03300036862492561,1.0,-3.0,success
3210,0.17829622328281403,0.34500038623809814,-0.00024757793289609253,0.032999541610479355,0.032999541610479355,1.0,3.0,success
3211,0.17726679146289825,0.34523579478263855,-0.00024760019732639194,0.0330001637339592,0.0330001637339592,1.0,-3.0,success
3212,0.17623776197433472,0.34547290205955505,-0.00024763718829490244,0.032999783754348755,0.032999783754348755,1.0,3.0,success
3213,0.1752081662416458,0.34570756554603577,-0.0002476574154570699,0.032999973744153976,0.032999973744153976,1.0,3.0,success
3214,0.17417801916599274,0.3459398150444031,-0.0002476733352523297,0.033000100404024124,0.033000100404024124,1.0,3.0,success
3215,0.17314749956130981,0.3461703658103943,-0.00024767572176642716,0.032999828457832336,0.032999828457832336,1.0,-3.0,success
3216,0.17211736738681793,0.34640270471572876,-0.00024769778246991336,0.03300026059150696,0.03300026059150696,1.0,3.0,success
3217,0.1710868775844574,0.3466333746910095,-0.00024769583251327276,0.03299972787499428,0.03299972787499428,1.0,-3.0,success
3218,0.17005692422389984,0.3468664586544037,-0.0002477033413015306,0.03299994021654129,0.03299994021654129,1.0,-3.0,success
3219,0.16902750730514526,0.34710198640823364,-0.0002477100060787052,0.03300053998827934,0.03300053998827934,1.0,-3.0,success
3220,0.1679985076189041,0.3473392128944397,-0.0002477253437973559,0.03299971669912338,0.032999712973833084,1.0,3.0,success
3221,0.1669689416885376,0.34757399559020996,-0.0002477278176229447,0.03299989178776741,0.03299989178776741,1.0,3.0,success
3222,0.1659388244152069,0.34780633449554443,-0.0002477295638527721,0.032999806106090546,0.032999806106090546,1.0,3.0,success
3223,0.16490831971168518,0.3480369448661804,-0.0002477207453921437,0.03299977630376816,0.03299977630376816,1.0,-3.0,success
3224,0.16387836635112762,0.3482700288295746,-0.00024772321921773255,0.03299994021654129,0.03299994021654129,1.0,-3.0,success
3225,0.1628488004207611,0.34850484132766724,-0.0002477360249031335,0.033000100404024124,0.033000100404024124,1.0,3.0,success
3226,0.16181884706020355,0.3487379252910614,-0.0002477265661582351,0.03299994021654129,0.03299994021654129,1.0,-3.0,success
3227,0.16078944504261017,0.34897342324256897,-0.0002477281086612493,0.032999876886606216,0.032999876886606216,1.0,-3.0,success
3228,0.15976043045520782,0.34921061992645264,-0.00024773983750492334,0.03299995884299278,0.03299995884299278,1.0,3.0,success
3229,0.15873101353645325,0.34944605827331543,-0.00024772968026809394,0.0329999141395092,0.0329999141395092,1.0,-3.0,success
3230,0.15770213305950165,0.34968385100364685,-0.0002477307280059904,0.03300006315112114,0.03300006315112114,1.0,-3.0,success
3231,0.15667378902435303,0.3499240279197693,-0.00024773209588602185,0.03300059586763382,0.03300059586763382,1.0,-3.0,success
3232,0.1566532701253891,0.349928617477417,-0.0002526253811083734,0.0006746189901605248,0.0006570599507540464,0.0,3.0,success
3233,0.15564540028572083,0.35016345977783203,-0.0002470775507390499,0.032340098172426224,0.032339636236429214,1.0,3.0,success
3234,0.15562474727630615,0.3501676023006439,-0.00025179111980833113,0.0006745404680259526,0.0006582612404599786,0.0,3.0,success
3235,0.15461567044258118,0.3503973186016083,-0.00024639529874548316,0.0323408767580986,0.032340437173843384,1.0,3.0,success
3236,0.15459491312503815,0.3504010736942291,-0.00025124524836428463,0.0006763939163647592,0.0006591949495486915,0.0,3.0,success
3237,0.15358486771583557,0.3506266474723816,-0.0002459475945215672,0.032341908663511276,0.03234148770570755,1.0,-3.0,success
3238,0.15356417000293732,0.35063064098358154,-0.00025089841801673174,0.0006766574224457145,0.0006587329553440213,0.0,3.0,success
3239,0.15255402028560638,0.3508555591106415,-0.0002456815855111927,0.03234062343835831,0.03234020993113518,1.0,3.0,success
3240,0.15152256190776825,0.3510824143886566,-0.000245786301093176,0.03300345689058304,0.03300345689058304,1.0,0.0,success
3241,0.15150178968906403,0.3510860800743103,-0.00025105077656917274,0.0006793817738071084,0.0006591618875972927,0.0,3.0,success
3242,0.15150170028209686,0.35108599066734314,-0.00025069635012187064,1.1759525477827992e-05,3.951266535295872e-06,0.0,0.0,success
3243,0.1504906415939331,0.3513067066669464,-0.00024522896273992956,0.03234012424945831,0.0323396772146225,1.0,-3.0,success
3244,0.14945928752422333,0.3515334725379944,-0.00024542666506022215,0.0329996757209301,0.0329996719956398,1.0,3.0,success
3245,0.14842738211154938,0.35175779461860657,-0.0002458742819726467,0.033000193536281586,0.033000193536281586,1.0,3.0,success
3246,0.14739494025707245,0.35197973251342773,-0.00024624663637951016,0.03300083801150322,0.03300083428621292,1.0,3.0,success
3247,0.14636217057704926,0.3521999716758728,-0.00024653473519720137,0.03299973905086517,0.03299973905086517,1.0,-3.0,success
3248,0.14532992243766785,0.35242268443107605,-0.0002467746671754867,0.03300001844763756,0.03300001844763756,1.0,-3.0,success
3249,0.14429819583892822,0.3526478707790375,-0.00024696721811778843,0.033000484108924866,0.033000484108924866,1.0,-3.0,success
3250,0.14427752792835236,0.3526519536972046,-0.0002520139969419688,0.0006769811152480543,0.0006583543145097792,0.0,3.0,success
3251,0.14326637983322144,0.35287222266197205,-0.0002465887810103595,0.032339874655008316,0.0323394276201725,1.0,3.0,success
3252,0.14223405718803406,0.35309460759162903,-0.0002465076686348766,0.03300013393163681,0.03300013393163681,1.0,-3.0,success
3253,0.14120209217071533,0.3533186614513397,-0.00024674879387021065,0.03300023451447487,0.03300023451447487,1.0,3.0,success
3254,0.14016975462436676,0.3535410165786743,-0.0002469362807460129,0.033000390976667404,0.033000390976667404,1.0,-3.0,success
3255,0.13913780450820923,0.353765070438385,-0.0002471062762197107,0.032999780029058456,0.032999780029058456,1.0,3.0,success
3256,0.13810546696186066,0.3539873957633972,-0.0002472229243721813,0.033000193536281586,0.033000193536281586,1.0,-3.0,success
3257,0.13707350194454193,0.3542114496231079,-0.00024733555619604886,0.03300023451447487,0.03300023451447487,1.0,3.0,success
3258,0.13604116439819336,0.35443374514579773,-0.00024740624940022826,0.032999999821186066,0.032999999821186066,1.0,-3.0,success
3259,0.13500919938087463,0.35465776920318604,-0.0002474821812938899,0.03300003707408905,0.03300003707408905,1.0,3.0,success
3260,0.13397671282291412,0.3548794090747833,-0.000247533549554646,0.033000245690345764,0.033000245690345764,1.0,3.0,success
3261,0.13294370472431183,0.3550986051559448,-0.0002475743822287768,0.033000241965055466,0.033000241965055466,1.0,3.0,success
3262,0.13191036880016327,0.3553161323070526,-0.0002475965302437544,0.03299948200583458,0.03299948200583458,1.0,-3.0,success
3263,0.13087739050388336,0.35553544759750366,-0.0002476345107425004,0.03300010785460472,0.03300010785460472,1.0,3.0,success
3264,0.12984392046928406,0.3557524085044861,-0.0002476555819157511,0.03299994394183159,0.03299994394183159,1.0,3.0,success
3265,0.1288101077079773,0.3559677004814148,-0.0002476614899933338,0.03299975395202637,0.03299975022673607,1.0,-3.0,success
3266,0.12777680158615112,0.3561854660511017,-0.00024767572176642716,0.03300010785460472,0.03300010785460472,1.0,-3.0,success
3267,0.12674401700496674,0.35640570521354675,-0.0002476877416484058,0.033000193536281586,0.033000193536281586,1.0,-3.0,success
3268,0.1257116198539734,0.3566276729106903,-0.00024770761956460774,0.0329996682703495,0.032999664545059204,1.0,3.0,success
3269,0.1256910264492035,0.3566320836544037,-0.00025258507230319083,0.0006755585200153291,0.0006581393536180258,0.0,-3.0,success
3270,0.12467949837446213,0.35685065388679504,-0.0002470450126565993,0.032340239733457565,0.032339777797460556,1.0,-3.0,success
3271,0.12364766746759415,0.3570752739906311,-0.0002468937891535461,0.03299989923834801,0.03299989923834801,1.0,3.0,success
3272,0.12362705916166306,0.35707971453666687,-0.00025191978784278035,0.0006772541673853993,0.0006587902316823602,0.0,-3.0,success
3273,0.12261609733104706,0.35730090737342834,-0.00024651200510561466,0.03234034404158592,0.032339900732040405,1.0,-3.0,success
3274,0.12259554862976074,0.357305645942688,-0.00025133907911367714,0.000676043564453721,0.000658999546431005,0.0,-3.0,success
3275,0.12158550322055817,0.3575310707092285,-0.0002460452087689191,0.032340895384550095,0.03234047442674637,1.0,3.0,success
3276,0.12055432796478271,0.3577587902545929,-0.0002460727992001921,0.033000629395246506,0.033000629395246506,1.0,-3.0,success
3277,0.1195235326886177,0.357988566160202,-0.0002463958226144314,0.033002957701683044,0.033002957701683044,1.0,0.0,success
3278,0.11849275231361389,0.3582179844379425,-0.0002466695150360465,0.033000070601701736,0.033000070601701736,1.0,3.0,success
3279,0.1174614354968071,0.3584449589252472,-0.0002468834281899035,0.03299993649125099,0.03299993649125099,1.0,3.0,success
3280,0.11642958968877792,0.35866954922676086,-0.0002470544714014977,0.0330001562833786,0.0330001562833786,1.0,3.0,success
3281,0.1153973862528801,0.35889244079589844,-0.0002471807529218495,0.032999832183122635,0.032999832183122635,1.0,-3.0,success
3282,0.11436557024717331,0.3591171205043793,-0.00024730199947953224,0.03299983963370323,0.03299983963370323,1.0,3.0,success
3283,0.11333323270082474,0.35933947563171387,-0.0002473896893206984,0.033000390976667404,0.033000390976667404,1.0,3.0,success
3284,0.1123005598783493,0.35956013202667236,-0.00024744882830418646,0.03299950063228607,0.03299950063228607,1.0,-3.0,success
3285,0.11126840859651566,0.3597832918167114,-0.000247505638981238,0.03300000727176666,0.03300000727176666,1.0,-3.0,success
3286,0.11023664474487305,0.36000823974609375,-0.00024756210041232407,0.03300002962350845,0.03300002962350845,1.0,3.0,success
3287,0.10920435935258865,0.36023077368736267,-0.0002475975197739899,0.032999973744153976,0.032999973744153976,1.0,3.0,success
3288,0.10817155987024307,0.3604508936405182,-0.00024762554676271975,0.03299987316131592,0.03299987316131592,1.0,3.0,success
3289,0.1071382537484169,0.36066868901252747,-0.0002476481022313237,0.03300030156970024,0.03300030156970024,1.0,3.0,success
3290,0.10610461980104446,0.36088481545448303,-0.00024765540729276836,0.03299960866570473,0.03299960866570473,1.0,-3.0,success
3291,0.10507135093212128,0.36110275983810425,-0.0002476816298440099,0.033000122755765915,0.033000122755765915,1.0,3.0,success
3292,0.10403759777545929,0.3613183796405792,-0.00024769335868768394,0.033000022172927856,0.033000022172927856,1.0,3.0,success
3293,0.10401666164398193,0.3613213002681732,-0.00025258466484956443,0.0006780432886444032,0.0006605895468965173,0.0,3.0,success
3294,0.1030028685927391,0.3615291118621826,-0.00024703401140868664,0.032340243458747864,0.032339777797460556,1.0,-3.0,success
3295,0.10196885466575623,0.3617434799671173,-0.0002468740858603269,0.03300003334879875,0.03300003334879875,1.0,-3.0,success
3296,0.101948082447052,0.3617470860481262,-0.0002519249974284321,0.0006774842622689903,0.0006588407559320331,0.0,3.0,success
3297,0.10093481838703156,0.3619576394557953,-0.00024650615523569286,0.03234134986996651,0.03234090656042099,1.0,-3.0,success
3298,0.0999012142419815,0.3621739447116852,-0.00024646244128234684,0.03299984335899353,0.03299984335899353,1.0,3.0,success
3299,0.09886723011732101,0.3623885214328766,-0.0002466934092808515,0.03300044685602188,0.03300044685602188,1.0,-3.0,success
3300,0.09783360362052917,0.3626047968864441,-0.00024691130965948105,0.033000338822603226,0.033000338822603226,1.0,3.0,success
3301,0.09781280159950256,0.36260831356048584,-0.0002519594563636929,0.0006778980605304241,0.0006592868594452739,0.0,3.0,success
3302,0.09679893404245377,0.36281582713127136,-0.00024654492153786123,0.0323406346142292,0.03234018757939339,1.0,3.0,success
3303,0.09576375037431717,0.36302450299263,-0.0002464827266521752,0.033000215888023376,0.033000215888023376,1.0,3.0,success
3304,0.09472822397947311,0.36323148012161255,-0.00024670883431099355,0.03300027176737785,0.03300027176737785,1.0,-3.0,success
3305,0.09470736980438232,0.3632347285747528,-0.00025180651573464274,0.0006785175646655262,0.0006595519953407347,0.0,3.0,success
3306,0.09369265288114548,0.36343809962272644,-0.0002464120043441653,0.03234094753861427,0.032340504229068756,1.0,-3.0,success
3307,0.09265754371881485,0.36364713311195374,-0.00024638723698444664,0.033000145107507706,0.033000145107507706,1.0,3.0,success
3308,0.09263668954372406,0.36365044116973877,-0.00025152595480903983,0.00067910086363554,0.0006598412292078137,0.0,3.0,success
3309,0.09162141382694244,0.3638508915901184,-0.00024619742180220783,0.03234025463461876,0.032339826226234436,1.0,3.0,success
3310,0.09058479219675064,0.3640523850917816,-0.0002462047850713134,0.03300070762634277,0.03300070762634277,1.0,3.0,success
3311,0.08954785764217377,0.3642522096633911,-0.0002464865683577955,0.033000398427248,0.033000398427248,1.0,-3.0,success
3312,0.08851125836372375,0.3644537925720215,-0.00024674611631780863,0.033000558614730835,0.033000554889440536,1.0,3.0,success
3313,0.08849050849676132,0.36445745825767517,-0.0002518161782063544,0.0006772674387320876,0.0006584740476682782,0.0,-3.0,success
3314,0.08747491240501404,0.3646562397480011,-0.00024642961216159165,0.03234003111720085,0.032339587807655334,1.0,-3.0,success
3315,0.08745408058166504,0.36465948820114136,-0.0002512848295737058,0.000676106137689203,0.0006588618271052837,0.0,3.0,success
3316,0.08643852174282074,0.36485862731933594,-0.0002459800452925265,0.032341018319129944,0.03234059363603592,1.0,-3.0,success
3317,0.08540266752243042,0.36506402492523193,-0.00024603086058050394,0.033000681549310684,0.033000681549310684,1.0,-3.0,success
3318,0.08436715602874756,0.36527112126350403,-0.00024636779562570155,0.03300054743885994,0.03300054371356964,1.0,3.0,success
3319,0.08333128690719604,0.36547645926475525,-0.00024663173826411366,0.033000778406858444,0.033000778406858444,1.0,-3.0,success
3320,0.08229576051235199,0.3656834363937378,-0.0002468626480549574,0.03300027176737785,0.03300027176737785,1.0,3.0,success
3321,0.08125974982976913,0.36588796973228455,-0.00024703796952962875,0.03300023451447487,0.03300023451447487,1.0,3.0,success
3322,0.08022339642047882,0.3660907447338104,-0.0002471677726134658,0.033000148832798004,0.033000148832798004,1.0,-3.0,success
3323,0.07918738573789597,0.3662952482700348,-0.00024729149299673736,0.03300005570054054,0.03300005570054054,1.0,3.0,success
3324,0.07815103977918625,0.36649805307388306,-0.00024737100466154516,0.033000096678733826,0.033000096678733826,1.0,-3.0,success
3325,0.07711516320705414,0.3667032718658447,-0.0002474436769261956,0.03300027921795845,0.03300027921795845,1.0,-3.0,success
3326,0.07607964426279068,0.3669102191925049,-0.0002475124201737344,0.03299986198544502,0.03299986198544502,1.0,3.0,success
3327,0.07504376769065857,0.36711543798446655,-0.00024754778132773936,0.03300027921795845,0.03300027921795845,1.0,-3.0,success
3328,0.07400823384523392,0.36732232570648193,-0.0002475953078828752,0.032999951392412186,0.032999951392412186,1.0,3.0,success
3329,0.07297234982252121,0.36752748489379883,-0.0002476140216458589,0.033000148832798004,0.033000148832798004,1.0,-3.0,success
3330,0.07193681597709656,0.36773431301116943,-0.0002476483059581369,0.032999586313962936,0.032999586313962936,1.0,3.0,success
3331,0.07090079039335251,0.367938756942749,-0.0002476663503330201,0.0330001525580883,0.0330001525580883,1.0,3.0,success
3332,0.0698644295334816,0.36814144253730774,-0.0002476702502463013,0.03299983963370323,0.03299983963370323,1.0,-3.0,success
3333,0.06882854551076889,0.36834657192230225,-0.00024768291041254997,0.03299996629357338,0.03299996629357338,1.0,-3.0,success
3334,0.06880777329206467,0.36835017800331116,-0.0002525860909372568,0.0006764236022718251,0.0006588407559320331,0.0,3.0,success
3335,0.06779268383979797,0.36855170130729675,-0.0002470359322614968,0.03234109282493591,0.032340627163648605,1.0,-3.0,success
3336,0.06777194887399673,0.3685554563999176,-0.00025176897179335356,0.0006749140447936952,0.0006585076334886253,0.0,3.0,success
3337,0.06675676256418228,0.3687562644481659,-0.00024637801107019186,0.03233969211578369,0.03233925253152847,1.0,3.0,success
3338,0.06572020798921585,0.368958055973053,-0.00024634815054014325,0.03300043195486069,0.03300043195486069,1.0,3.0,success
3339,0.06569946557283401,0.3689618408679962,-0.0002514829393476248,0.000678160460665822,0.000658903329167515,0.0,-3.0,success
3340,0.0646837055683136,0.3691599369049072,-0.00024617399321869016,0.03234093636274338,0.032340507954359055,1.0,3.0,success
3341,0.06466276943683624,0.36916282773017883,-0.0002510696940589696,0.0006779494578950107,0.0006604614900425076,0.0,3.0,success
3342,0.06364607065916061,0.36935603618621826,-0.00024581863544881344,0.03234085440635681,0.03234044089913368,1.0,3.0,success
3343,0.06260804831981659,0.3695501983165741,-0.000245901319431141,0.03300078958272934,0.03300078958272934,1.0,3.0,success
3344,0.06258721649646759,0.36955341696739197,-0.0002511255443096161,0.0006786482990719378,0.0006587189855054021,0.0,-3.0,success
3345,0.061570048332214355,0.369744211435318,-0.00024588819360360503,0.03234127536416054,0.03234085813164711,1.0,3.0,success
3346,0.06053173542022705,0.3699367046356201,-0.00024594756541773677,0.033000167459249496,0.033000167459249496,1.0,-3.0,success
3347,0.05949373543262482,0.3701310157775879,-0.0002463011769577861,0.03300096094608307,0.03300095722079277,1.0,3.0,success
3348,0.05845530703663826,0.3703230023384094,-0.00024658863549120724,0.03300083428621292,0.03300083056092262,1.0,3.0,success
3349,0.05741644278168678,0.370512992143631,-0.00024681343347765505,0.03300294652581215,0.03300294652581215,1.0,0.0,success
3350,0.05637776479125023,0.37070339918136597,-0.0002469933533575386,0.032999563962221146,0.032999563962221146,1.0,-3.0,success
3351,0.05533954128623009,0.3708963096141815,-0.0002471416664775461,0.03299979865550995,0.03299979865550995,1.0,-3.0,success
3352,0.05430165305733681,0.37109100818634033,-0.0002472710039000958,0.03299975395202637,0.03299975395202637,1.0,3.0,success
3353,0.053263306617736816,0.37128329277038574,-0.00024736468913033605,0.03300001099705696,0.03300001099705696,1.0,3.0,success
3354,0.05222451686859131,0.37147316336631775,-0.0002474393113516271,0.03299998492002487,0.03299998492002487,1.0,3.0,success
3355,0.05118528753519058,0.37166067957878113,-0.0002474991197232157,0.03300034999847412,0.03300034999847412,1.0,3.0,success
3356,0.05014563724398613,0.3718458116054535,-0.00024754705373197794,0.0330001562833786,0.0330001562833786,1.0,3.0,success
3357,0.04910557344555855,0.372028648853302,-0.00024758547078818083,0.03300038352608681,0.03300038352608681,1.0,3.0,success
3358,0.048065103590488434,0.3722095191478729,-0.00024761061649769545,0.033002302050590515,0.033002302050590515,1.0,0.0,success
3359,0.0480647012591362,0.37220892310142517,-0.0002526142925489694,0.00015797148807905614,2.2472679120255634e-05,0.0,0.0,success
3360,0.04806460812687874,0.3722080886363983,-0.00025186710990965366,3.51237686118111e-05,2.623893851705361e-05,0.0,3.0,success
3361,0.047044891864061356,0.3723843991756439,-0.00024615638540126383,0.0323394313454628,0.0323389433324337,1.0,-3.0,success
3362,0.046004727482795715,0.37256649136543274,-0.0002461574040353298,0.03299945965409279,0.03299945965409279,1.0,-3.0,success
3363,0.04598385468125343,0.3725694417953491,-0.00025135124451480806,0.0006784595898352563,0.0006587592069990933,0.0,3.0,success
3364,0.04496455565094948,0.37274837493896484,-0.00024604718782939017,0.03234058991074562,0.032340165227651596,1.0,-3.0,success
3365,0.04392483830451965,0.37293311953544617,-0.00024608534295111895,0.033000100404024124,0.033000100404024124,1.0,-3.0,success
3366,0.04288553074002266,0.3731202781200409,-0.00024640164338052273,0.033000778406858444,0.033000778406858444,1.0,-3.0,success
3367,0.04184664785861969,0.37330976128578186,-0.00024666867102496326,0.03300067037343979,0.03300067037343979,1.0,-3.0,success
3368,0.040808096528053284,0.37350088357925415,-0.0002468923630658537,0.032999712973833084,0.032999712973833084,1.0,3.0,success
3369,0.03976918011903763,0.3736901581287384,-0.0002470521139912307,0.033000532537698746,0.033000532537698746,1.0,-3.0,success
3370,0.03873058781027794,0.3738810420036316,-0.00024719873908907175,0.03299962356686592,0.03299962356686592,1.0,3.0,success
3371,0.037691645324230194,0.3740701377391815,-0.00024729702272452414,0.03300033509731293,0.03300033509731293,1.0,-3.0,success
3372,0.03665313497185707,0.3742615878582001,-0.00024738479987718165,0.03300030902028084,0.03300030902028084,1.0,-3.0,success
3373,0.03561495244503021,0.37445470690727234,-0.00024746518465690315,0.03299972787499428,0.03299972787499428,1.0,3.0,success
3374,0.034576307982206345,0.3746453523635864,-0.00024751966702751815,0.032999880611896515,0.032999880611896515,1.0,3.0,success
3375,0.03353720158338547,0.37483349442481995,-0.00024756300263106823,0.033000048249959946,0.033000048249959946,1.0,3.0,success
3376,0.03249778598546982,0.375019907951355,-0.00024758759536780417,0.03299998119473457,0.03299998119473457,1.0,-3.0,success
3377,0.03145868703722954,0.3752080798149109,-0.00024762723478488624,0.03299998864531517,0.03299998864531517,1.0,3.0,success
3378,0.030419278889894485,0.3753945231437683,-0.00024763945839367807,0.0329999141395092,0.0329999141395092,1.0,-3.0,success
3379,0.029380187392234802,0.3755827248096466,-0.00024766873684711754,0.032999925315380096,0.032999925315380096,1.0,3.0,success
3380,0.028340788558125496,0.3757692277431488,-0.0002476726658642292,0.03299995884299278,0.03299995884299278,1.0,-3.0,success
3381,0.02730170264840126,0.3759574890136719,-0.00024769525043666363,0.03300008550286293,0.03300008550286293,1.0,3.0,success
3382,0.02626216784119606,0.3761436641216278,-0.00024769880110397935,0.0330023355782032,0.0330023355782032,1.0,0.0,success
3383,0.02624126523733139,0.37614646553993225,-0.00025259426911361516,0.000676569587085396,0.000659046636428684,0.0,3.0,success
3384,0.026241205632686615,0.3761464059352875,-0.00025193154579028487,2.08769542950904e-05,2.6341779175709235e-06,0.0,0.0,success
3385,0.0252221692353487,0.37632647156715393,-0.0002462286502122879,0.0323387086391449,0.0323382169008255,1.0,3.0,success
3386,0.024181891232728958,0.3765079081058502,-0.0002462050470057875,0.0329994298517704,0.0329994298517704,1.0,-3.0,success
3387,0.023141905665397644,0.37669113278388977,-0.0002465061261318624,0.03300007805228233,0.033000074326992035,1.0,3.0,success
3388,0.02210148610174656,0.37687230110168457,-0.0002467470767442137,0.033002350479364395,0.033002350479364395,1.0,0.0,success
3389,0.02106122486293316,0.377053827047348,-0.0002469404716975987,0.032999392598867416,0.032999392598867416,1.0,-3.0,success
3390,0.020021269097924232,0.37723711133003235,-0.0002471099141985178,0.03299948200583458,0.03299948200583458,1.0,3.0,success
3391,0.018980884924530983,0.37741801142692566,-0.00024723587557673454,0.03299982100725174,0.03299982100725174,1.0,3.0,success
3392,0.017940077930688858,0.3775964677333832,-0.00024733631289564073,0.03299985080957413,0.03299985080957413,1.0,3.0,success
3393,0.016898995265364647,0.377773255109787,-0.0002474061620887369,0.032999567687511444,0.032999567687511444,1.0,-3.0,success
3394,0.015858333557844162,0.37795254588127136,-0.0002474715292919427,0.03299979120492935,0.03299979120492935,1.0,-3.0,success
3395,0.014817981980741024,0.378133624792099,-0.00024753480101935565,0.03299977630376816,0.03299977630376816,1.0,3.0,success
3396,0.01377720758318901,0.37831228971481323,-0.0002475756627973169,0.03299994766712189,0.03299994766712189,1.0,3.0,success
3397,0.012736144475638866,0.37848925590515137,-0.00024759769439697266,0.032999902963638306,0.032999902963638306,1.0,-3.0,success
3398,0.01169549860060215,0.3786686658859253,-0.0002476248482707888,0.03299993649125099,0.03299993649125099,1.0,-3.0,success
3399,0.010655163787305355,0.3788498342037201,-0.00024765735724940896,0.03299973905086517,0.03299973905086517,1.0,3.0,success
3400,0.009614403359591961,0.3790285885334015,-0.00024767356808297336,0.03299999237060547,0.03299999237060547,1.0,3.0,success
3401,0.008573348633944988,0.3792056143283844,-0.0002476760419085622,0.032999955117702484,0.032999955117702484,1.0,-3.0,success
3402,0.007532708812505007,0.3793850839138031,-0.0002476875379215926,0.03300006315112114,0.03300006315112114,1.0,-3.0,success
3403,0.006492490414530039,0.3795669972896576,-0.00024769737501628697,0.0330001600086689,0.0330001562833786,1.0,-3.0,success
3404,0.00545258866623044,0.3797506093978882,-0.0002477152447681874,0.03299959748983383,0.03299959748983383,1.0,3.0,success
3405,0.004412359558045864,0.3799324631690979,-0.0002477100642863661,0.033000167459249496,0.033000167459249496,1.0,-3.0,success
3406,0.003372545586898923,0.38011670112609863,-0.00024771507014520466,0.03300030529499054,0.03300030529499054,1.0,-3.0,success
3407,0.003372316947206855,0.38011717796325684,-0.0002527024189475924,0.00015672831796109676,1.6525598766747862e-05,0.0,0.0,success
3408,0.0023537087254226208,0.3802996575832367,-0.00024705371470190585,0.032338742166757584,0.03233826160430908,1.0,3.0,success
3409,0.0013138356152921915,0.3804834485054016,-0.000246875686571002,0.03299969062209129,0.03299969062209129,1.0,-3.0,success
3410,0.0012931067030876875,0.38048726320266724,-0.0002519141708035022,0.0006772142951376736,0.0006586560630239546,0.0,-3.0,success
3411,0.00027495931135490537,0.3806726038455963,-0.00024650810519233346,0.03234042227268219,0.03233997896313667,1.0,-3.0,success
3412,0.00025417437427677214,0.3806760013103485,-0.0002513473154976964,0.000675299612339586,0.0006581492489203811,0.0,3.0,success
3413,-0.0007640761905349791,0.38086065649986267,-0.00024604061036370695,0.03233974799513817,0.032339323312044144,1.0,3.0,success
3414,-0.0018037044210359454,0.381045937538147,-0.00024607827072031796,0.033000294119119644,0.033000294119119644,1.0,3.0,success
3415,-0.002843778347596526,0.3812287747859955,-0.0002463956770952791,0.033000700175762177,0.03300069645047188,1.0,3.0,success
3416,-0.0038841397035866976,0.3814098834991455,-0.0002466532459948212,0.03300023823976517,0.03300023823976517,1.0,-3.0,success
3417,-0.004924069624394178,0.3815934956073761,-0.0002468694874551147,0.03300046920776367,0.03300046548247337,1.0,-3.0,success
3418,-0.005963562987744808,0.3817795515060425,-0.0002470431209076196,0.0330004021525383,0.0330004021525383,1.0,-3.0,success
3419,-0.005984385497868061,0.3817828297615051,-0.0002520746202208102,0.0006772241904400289,0.0006587184616364539,0.0,3.0,success
3420,-0.007023765705525875,0.3819684386253357,-0.0002465353754814714,0.032994914799928665,0.03299446031451225,1.0,0.0,success
3421,-0.008063385263085365,0.3821536600589752,-0.0002465732104610652,0.03299970179796219,0.03299970179796219,1.0,3.0,success
3422,-0.008084290660917759,0.38215652108192444,-0.00025167837156914175,0.0006784084253013134,0.0006593831931240857,0.0,3.0,success
3423,-0.00910376850515604,0.3823344111442566,-0.0002463086857460439,0.032340485602617264,0.032340046018362045,1.0,-3.0,success
3424,-0.009124629199504852,0.38233745098114014,-0.00025118753546848893,0.0006761942058801651,0.0006587816751562059,0.0,3.0,success
3425,-0.010144091211259365,0.382515549659729,-0.00024590230896137655,0.03234110400080681,0.032340679317712784,1.0,-3.0,success
3426,-0.011183989234268665,0.3826993703842163,-0.0002459688112139702,0.03300062194466591,0.03300062194466591,1.0,-3.0,success
3427,-0.012223473750054836,0.38288557529449463,-0.00024630845291540027,0.03300095349550247,0.03300095349550247,1.0,-3.0,success
3428,-0.012244236655533314,0.38288915157318115,-0.0002514864900149405,0.0006779881659895182,0.0006583952927030623,0.0,3.0,success
3429,-0.012244082987308502,0.3828900158405304,-0.0002510412014089525,3.075948916375637e-05,2.7431944545242004e-05,0.0,-3.0,success
3430,-0.01224394328892231,0.3828907310962677,-0.0002503947471268475,3.044285040232353e-05,2.2774076569476165e-05,0.0,-3.0,success
3431,-0.012243925593793392,0.3828907012939453,-0.0002498732937965542,1.6331372535205446e-05,1.083116103473003e-06,0.0,3.0,success
3432,-0.013262315653264523,0.383074551820755,-0.0002445609134156257,0.032339561730623245,0.03233913332223892,1.0,3.0,success
3433,-0.014302093535661697,0.3832590579986572,-0.0002448802988510579,0.03300065919756889,0.033000655472278595,1.0,3.0,success
3434,-0.015342318452894688,0.3834414780139923,-0.0002454317291267216,0.03300309553742409,0.03300309181213379,1.0,0.0,success
3435,-0.016382509842514992,0.38362357020378113,-0.00024589826352894306,0.033000294119119644,0.033000290393829346,1.0,3.0,success
3436,-0.01742311753332615,0.38380324840545654,-0.00024626689264550805,0.03300018608570099,0.03300018608570099,1.0,3.0,success
3437,-0.017444143071770668,0.383805513381958,-0.0002514442312531173,0.0006803665310144424,0.0006608494441024959,0.0,3.0,success
3438,-0.018464647233486176,0.38397735357284546,-0.00024613316054455936,0.03234013915061951,0.03233971446752548,1.0,3.0,success
3439,-0.019506504759192467,0.3841496706008911,-0.0002461536496412009,0.03300035744905472,0.03300035744905472,1.0,3.0,success
3440,-0.020548755303025246,0.3843196630477905,-0.0002464564167894423,0.033000703901052475,0.033000700175762177,1.0,3.0,success
3441,-0.021591240540146828,0.384488046169281,-0.0002467015874572098,0.03299988433718681,0.03299988433718681,1.0,-3.0,success
3442,-0.022633442655205727,0.3846582770347595,-0.0002469188766553998,0.033000409603118896,0.033000409603118896,1.0,3.0,success
3443,-0.022654321044683456,0.38466110825538635,-0.00025195421767421067,0.0006769629544578493,0.0006584211951121688,0.0,-3.0,success
3444,-0.023675566539168358,0.38482850790023804,-0.00024655202287249267,0.032340262085199356,0.03233982250094414,1.0,3.0,success
3445,-0.023696456104516983,0.3848312795162201,-0.0002513602375984192,0.0006754444912075996,0.0006585197406820953,0.0,-3.0,success
3446,-0.02471756376326084,0.3849993646144867,-0.00024605001090094447,0.03233947232365608,0.03233904391527176,1.0,-3.0,success
3447,-0.02473854087293148,0.3850018382072449,-0.00025098054902628064,0.0006778209935873747,0.0006600764463655651,0.0,3.0,success
3448,-0.025759611278772354,0.3851703703403473,-0.00024573662085458636,0.032340582460165024,0.032340168952941895,1.0,-3.0,success
3449,-0.026801275089383125,0.38534387946128845,-0.00024584628408774734,0.033000487834215164,0.033000487834215164,1.0,3.0,success
3450,-0.027843352407217026,0.3855149447917938,-0.00024621057673357427,0.033000778406858444,0.033000778406858444,1.0,3.0,success
3451,-0.027864372357726097,0.3855172097682953,-0.0002513983054086566,0.0006802752031944692,0.000660675868857652,0.0,3.0,success
3452,-0.028886161744594574,0.38568127155303955,-0.00024608508101664484,0.03234032168984413,0.03233989328145981,1.0,-3.0,success
3453,-0.02992846444249153,0.3858509063720703,-0.0002461153198964894,0.03300051391124725,0.03300051391124725,1.0,-3.0,success
3454,-0.030970480293035507,0.38602229952812195,-0.00024643546203151345,0.03300054371356964,0.03300053998827934,1.0,3.0,success
3455,-0.03201289474964142,0.3861912190914154,-0.00024669565027579665,0.03300037980079651,0.03300037607550621,1.0,3.0,success
3456,-0.03305559232831001,0.3863584101200104,-0.0002468939928803593,0.03300051763653755,0.03300051763653755,1.0,-3.0,success
3457,-0.033076539635658264,0.38636094331741333,-0.0002519551489967853,0.0006780760013498366,0.0006593725411221385,0.0,3.0,success
3458,-0.034098390489816666,0.3865244686603546,-0.00024654201115481555,0.03233958035707474,0.03233913704752922,1.0,3.0,success
3459,-0.03411940112709999,0.38652679324150085,-0.00025136303156614304,0.0006775507354177535,0.0006605887319892645,0.0,3.0,success
3460,-0.03514206036925316,0.38668525218963623,-0.000246053357841447,0.03233988583087921,0.03233946114778519,1.0,3.0,success
3461,-0.03618597984313965,0.38684460520744324,-0.0002460784453433007,0.03300037235021591,0.03300037235021591,1.0,-3.0,success
3462,-0.037229638546705246,0.3870057165622711,-0.00024640565970912576,0.033000655472278595,0.033000651746988297,1.0,3.0,success
3463,-0.03827354684472084,0.3871651589870453,-0.000246661773417145,0.03300045058131218,0.03300044685602188,1.0,-3.0,success
3464,-0.03931718319654465,0.38732635974884033,-0.0002468868624418974,0.033000390976667404,0.033000390976667404,1.0,3.0,success
3465,-0.040361188352108,0.38748517632484436,-0.0002470575855113566,0.03300049528479576,0.03300049528479576,1.0,3.0,success
3466,-0.04140544310212135,0.3876422345638275,-0.00024718334316276014,0.03299998864531517,0.03299998864531517,1.0,-3.0,success
3467,-0.042449429631233215,0.3878011107444763,-0.0002473040367476642,0.033000197261571884,0.033000197261571884,1.0,3.0,success
3468,-0.04349366948008537,0.3879583179950714,-0.00024738095817156136,0.033000219613313675,0.033000219613313675,1.0,-3.0,success
3469,-0.044537533074617386,0.3881179690361023,-0.0002474515640642494,0.033000051975250244,0.033000051975250244,1.0,-3.0,success
3470,-0.04558102414011955,0.38828009366989136,-0.00024750863667577505,0.03300032764673233,0.03300032764673233,1.0,-3.0,success
3471,-0.046624232083559036,0.3884439170360565,-0.0002475643123034388,0.03299977257847786,0.03299977257847786,1.0,3.0,success
3472,-0.04766783118247986,0.3886052668094635,-0.0002475990622770041,0.032999951392412186,0.032999951392412186,1.0,3.0,success
3473,-0.04768883064389229,0.38860756158828735,-0.00025250876205973327,0.0006777349626645446,0.0006601397763006389,0.0,3.0,success
3474,-0.048712097108364105,0.3887620270252228,-0.0002469737082719803,0.03233981505036354,0.03233935311436653,1.0,-3.0,success
3475,-0.0487329438328743,0.3887653052806854,-0.0002517075336072594,0.0006758543895557523,0.0006594659644179046,0.0,-3.0,success
3476,-0.04975544661283493,0.3889247477054596,-0.00024632897111587226,0.03233978897333145,0.03233935311436653,1.0,-3.0,success
3477,-0.0497763529419899,0.38892754912376404,-0.0002512033097445965,0.0006765329744666815,0.0006591620622202754,0.0,3.0,success
3478,-0.050798844546079636,0.3890872597694397,-0.0002459150564391166,0.03234072029590607,0.03234029933810234,1.0,-3.0,success
3479,-0.05184197798371315,0.3892516493797302,-0.00024598880554549396,0.03300022333860397,0.03300022333860397,1.0,3.0,success
3480,-0.0528855137526989,0.3894135355949402,-0.00024632434360682964,0.03300056234002113,0.033000558614730835,1.0,3.0,success
3481,-0.05392932519316673,0.3895736634731293,-0.00024659637711010873,0.033000700175762177,0.03300069645047188,1.0,-3.0,success
3482,-0.05497286096215248,0.38973549008369446,-0.00024683447554707527,0.03300027549266815,0.03300027549266815,1.0,3.0,success
3483,-0.05601666495203972,0.38989558815956116,-0.00024700554786249995,0.03300032764673233,0.03300032764673233,1.0,-3.0,success
3484,-0.05706019699573517,0.39005744457244873,-0.00024716174812056124,0.03300030529499054,0.03300030529499054,1.0,3.0,success
3485,-0.0570811927318573,0.3900597393512726,-0.0002521596907172352,0.000678251963108778,0.000660024001263082,0.0,3.0,success
3486,-0.05708113685250282,0.3900599777698517,-0.00025157895288430154,1.969549157365691e-05,7.652481144759804e-06,0.0,-3.0,success
3487,-0.057081080973148346,0.3900602161884308,-0.00025082434876821935,2.479197246429976e-05,7.652481144759804e-06,0.0,-3.0,success
3488,-0.05810372903943062,0.39021873474121094,-0.0002453328052069992,0.03233985975384712,0.03233940526843071,1.0,3.0,success
3489,-0.05812463164329529,0.39022162556648254,-0.00025037024170160294,0.0006779531831853092,0.0006594236474484205,0.0,-3.0,success
3490,-0.05812472850084305,0.3902210295200348,-0.00025015335995703936,2.0050969396834262e-05,1.8870776330004446e-05,0.0,3.0,success
3491,-0.059147726744413376,0.3903772830963135,-0.0002448001177981496,0.03233988583087921,0.03233945369720459,1.0,3.0,success
3492,-0.060191988945007324,0.390534371137619,-0.00024506228510290384,0.03300035744905472,0.03300035372376442,1.0,-3.0,success
3493,-0.06123601272702217,0.39069363474845886,-0.0002455869398545474,0.033003173768520355,0.03300317004323006,1.0,0.0,success
3494,-0.06227988377213478,0.39085325598716736,-0.00024601249606348574,0.033000145107507706,0.03300014138221741,1.0,-3.0,success
3495,-0.0633234828710556,0.39101463556289673,-0.00024636779562570155,0.033000096678733826,0.03300009295344353,1.0,3.0,success
3496,-0.06436745822429657,0.3911735713481903,-0.0002466423320583999,0.03300013393163681,0.03300013393163681,1.0,3.0,success
3497,-0.06541168689727783,0.391330748796463,-0.0002468513266649097,0.032999735325574875,0.032999735325574875,1.0,-3.0,success
3498,-0.06645555049180984,0.3914904296398163,-0.0002470279869157821,0.033000193536281586,0.033000193536281586,1.0,-3.0,success
3499,-0.06645583361387253,0.3914906680583954,-0.00025215314235538244,0.0001605782308615744,1.1566786270122975e-05,0.0,0.0,success
3500,-0.06747833639383316,0.3916500508785248,-0.0002466034784447402,0.03233953192830086,0.03233906626701355,1.0,-3.0,success
3501,-0.0685213953256607,0.39181479811668396,-0.0002465263823978603,0.0329996682703495,0.032999664545059204,1.0,-3.0,success
3502,-0.06956418603658676,0.39198124408721924,-0.0002467638114467263,0.03299971669912338,0.032999712973833084,1.0,3.0,success
3503,-0.06956446170806885,0.3919815123081207,-0.0002519315166864544,0.00016193746705539525,1.20195645649801e-05,0.0,0.0,success
3504,-0.06956443935632706,0.3919813334941864,-0.00025132030714303255,1.9913168216589838e-05,5.631421572616091e-06,0.0,3.0,success
3505,-0.06956441700458527,0.3919811546802521,-0.00025061401538550854,2.2778698621550575e-05,5.631421572616091e-06,0.0,3.0,success
3506,-0.07058723270893097,0.3921384811401367,-0.0002451431064400822,0.03233934938907623,0.03233889862895012,1.0,-3.0,success
3507,-0.07163062691688538,0.39230120182037354,-0.00024534674594178796,0.033000197261571884,0.033000197261571884,1.0,-3.0,success
3508,-0.07267366349697113,0.39246633648872375,-0.00024581016623415053,0.033000871539115906,0.03300086781382561,1.0,-3.0,success
3509,-0.07371632009744644,0.3926337957382202,-0.00024619558826088905,0.033000584691762924,0.033000580966472626,1.0,-3.0,success
3510,-0.07475859671831131,0.3928036093711853,-0.0002465046418365091,0.03300061076879501,0.03300061076879501,1.0,-3.0,success
3511,-0.07477937638759613,0.3928069472312927,-0.00025164399994537234,0.0006770144100300968,0.0006576888263225555,0.0,3.0,success
3512,-0.07580076158046722,0.3929736912250519,-0.0002462823467794806,0.032341260462999344,0.032340820878744125,1.0,-3.0,success
3513,-0.07684275507926941,0.39314505457878113,-0.0002462831907905638,0.03299970179796219,0.03299970179796219,1.0,3.0,success
3514,-0.07788507640361786,0.39331457018852234,-0.0002465502475388348,0.03300049155950546,0.03300049155950546,1.0,-3.0,success
3515,-0.07892711460590363,0.3934857249259949,-0.000246796669671312,0.033000022172927856,0.033000022172927856,1.0,3.0,success
3516,-0.07892739772796631,0.39348599314689636,-0.0002519584959372878,0.00016176683129742742,1.218752186105121e-05,0.0,0.0,success
3517,-0.0799487754702568,0.3936523497104645,-0.00024644736549817026,0.032339103519916534,0.032338645309209824,1.0,-3.0,success
3518,-0.08099068701267242,0.3938242793083191,-0.0002464014105498791,0.033000048249959946,0.033000048249959946,1.0,-3.0,success
3519,-0.082032211124897,0.3939985930919647,-0.0002466541773173958,0.03300032392144203,0.03300032392144203,1.0,-3.0,success
3520,-0.08205294609069824,0.39400261640548706,-0.00025175188784487545,0.00067900464637205,0.0006600528722628951,0.0,-3.0,success
3521,-0.08307288587093353,0.39417770504951477,-0.00024639011826366186,0.032339777797460556,0.032339341938495636,1.0,3.0,success
3522,-0.08309366554021835,0.39418137073516846,-0.0002512311621103436,0.0006765228463336825,0.0006593911675736308,0.0,-3.0,success
3523,-0.0841136947274208,0.3943561017513275,-0.0002459585666656494,0.032340627163648605,0.03234020620584488,1.0,3.0,success
3524,-0.0841345340013504,0.3943594694137573,-0.0002508853212930262,0.0006774041103199124,0.0006596759194508195,0.0,-3.0,success
3525,-0.08515461534261703,0.3945339620113373,-0.00024568193475715816,0.032340966165065765,0.032340556383132935,1.0,3.0,success
3526,-0.08619602769613266,0.3947089910507202,-0.0002457924128975719,0.03300057351589203,0.03300057351589203,1.0,3.0,success
3527,-0.08621692657470703,0.394711971282959,-0.00025103849475272,0.0006797620444558561,0.0006596969324164093,0.0,-3.0,success
3528,-0.08723743259906769,0.39488399028778076,-0.000245818606344983,0.032341115176677704,0.032340701669454575,1.0,3.0,success
3529,-0.0882791206240654,0.3950572907924652,-0.0002458919771015644,0.0330001637339592,0.0330001637339592,1.0,-3.0,success
3530,-0.08932053297758102,0.3952323794364929,-0.0002462567063048482,0.0330008827149868,0.0330008827149868,1.0,3.0,success
3531,-0.09036232531070709,0.3954051434993744,-0.00024655304150655866,0.033000633120536804,0.033000633120536804,1.0,3.0,success
3532,-0.09140438586473465,0.39557620882987976,-0.00024677973124198616,0.03300026059150696,0.03300025686621666,1.0,-3.0,success
3533,-0.09244614839553833,0.39574912190437317,-0.00024698133347555995,0.03300047665834427,0.03300047665834427,1.0,3.0,success
3534,-0.09348830580711365,0.39591965079307556,-0.00024713328457437456,0.033000532537698746,0.033000532537698746,1.0,3.0,success
3535,-0.09453084319829941,0.3960878252983093,-0.0002472544729243964,0.033000458031892776,0.033000458031892776,1.0,3.0,success
3536,-0.0945519283413887,0.39608967304229736,-0.00025223373086191714,0.0006794919609092176,0.0006614358862861991,0.0,3.0,success
3537,-0.0955742672085762,0.39625027775764465,-0.0002467649755999446,0.032340358942747116,0.032339908182621,1.0,3.0,success
3538,-0.09661797434091568,0.3964114785194397,-0.00024665342061780393,0.0330025777220726,0.0330025739967823,1.0,0.0,success
3539,-0.09766151010990143,0.39657312631607056,-0.00024685062817297876,0.032999418675899506,0.032999418675899506,1.0,-3.0,success
3540,-0.09870466589927673,0.39673733711242676,-0.000247026706347242,0.03300004452466965,0.03300004452466965,1.0,-3.0,success
3541,-0.09872561693191528,0.3967399299144745,-0.00025206146528944373,0.0006782165146432817,0.0006597143365070224,0.0,3.0,success
3542,-0.0997479036450386,0.39690056443214417,-0.00024662725627422333,0.032338887453079224,0.03233844414353371,1.0,3.0,success
3543,-0.09976892173290253,0.39690282940864563,-0.0002514310763217509,0.0006774599314667284,0.000660618010442704,0.0,3.0,success
3544,-0.10079191625118256,0.39705923199653625,-0.0002460966643411666,0.03234047442674637,0.03234004229307175,1.0,-3.0,success
3545,-0.10183556377887726,0.39722031354904175,-0.0002461342664901167,0.033000171184539795,0.033000171184539795,1.0,3.0,success
3546,-0.102879598736763,0.39737898111343384,-0.00024644090444780886,0.03300071507692337,0.03300071135163307,1.0,3.0,success
3547,-0.10290050506591797,0.3973817527294159,-0.00025157100753858685,0.0006782577256672084,0.0006590390694327652,0.0,-3.0,success
3548,-0.10392342507839203,0.397538423538208,-0.0002462335687596351,0.032339438796043396,0.03233901038765907,1.0,-3.0,success
3549,-0.1049669086933136,0.39770060777664185,-0.00024623441277071834,0.03300037980079651,0.03300037980079651,1.0,-3.0,success
3550,-0.10601001977920532,0.39786526560783386,-0.0002465206489432603,0.03300084173679352,0.03300083801150322,1.0,-3.0,success
3551,-0.1060309112071991,0.39786821603775024,-0.0002516561362426728,0.0006785856676287949,0.0006593355792574584,0.0,3.0,success
3552,-0.10705316811800003,0.3980291485786438,-0.00024630254483781755,0.03233940526843071,0.03233896568417549,1.0,3.0,success
3553,-0.10809682309627533,0.3981901705265045,-0.00024628848768770695,0.03300011530518532,0.03300011530518532,1.0,3.0,success
3554,-0.10914076119661331,0.39834946393966675,-0.00024655365268699825,0.03300066664814949,0.03300066664814949,1.0,-3.0,success
3555,-0.11018442362546921,0.39851048588752747,-0.00024679963826201856,0.033000342547893524,0.033000342547893524,1.0,3.0,success
3556,-0.11020543426275253,0.39851275086402893,-0.0002518701949156821,0.000679130491334945,0.0006603864603675902,0.0,3.0,success
3557,-0.11122874915599823,0.39866694808006287,-0.0002464627905283123,0.03234003856778145,0.03233959898352623,1.0,-3.0,success
3558,-0.11227273941040039,0.39882582426071167,-0.0002464277495164424,0.033000312745571136,0.033000312745571136,1.0,3.0,success
3559,-0.11331699788570404,0.3989829421043396,-0.00024666558601893485,0.03300037980079651,0.03300037607550621,1.0,-3.0,success
3560,-0.11436089128255844,0.3991425037384033,-0.0002468788588885218,0.03300055116415024,0.03300055116415024,1.0,-3.0,success
3561,-0.115404412150383,0.39930450916290283,-0.00024705068790353835,0.03300067037343979,0.03300067037343979,1.0,-3.0,success
3562,-0.1164475604891777,0.39946889877319336,-0.00024718831991776824,0.03300068527460098,0.03300068527460098,1.0,-3.0,success
3563,-0.11749032884836197,0.3996356427669525,-0.00024729850701987743,0.03300049528479576,0.03300049528479576,1.0,-3.0,success
3564,-0.1175110787153244,0.3996395170688629,-0.000252267811447382,0.0006776720401830971,0.0006596394232474267,0.0,-3.0,success
3565,-0.11853215098381042,0.39980804920196533,-0.0002467922167852521,0.032340675592422485,0.03234022483229637,1.0,-3.0,success
3566,-0.11957373470067978,0.3999820351600647,-0.000246681971475482,0.03300046920776367,0.03300046920776367,1.0,-3.0,success
3567,-0.12061493843793869,0.4001583755016327,-0.00024687903351150453,0.03300096094608307,0.03300096094608307,1.0,-3.0,success
3568,-0.12165582925081253,0.40033629536628723,-0.0002470597974024713,0.03299960121512413,0.03299960121512413,1.0,3.0,success
3569,-0.12167659401893616,0.40034016966819763,-0.0002520671987440437,0.000678391195833683,0.0006600971682928503,0.0,-3.0,success
3570,-0.12269650399684906,0.40051549673080444,-0.0002466312434989959,0.03234013170003891,0.03233968839049339,1.0,-3.0,success
3571,-0.1227172389626503,0.4005195200443268,-0.00025143453967757523,0.0006769052124582231,0.0006600528722628951,0.0,-3.0,success
3572,-0.12373630702495575,0.4006997346878052,-0.0002461108670104295,0.032340433448553085,0.03234000504016876,1.0,-3.0,success
3573,-0.12477581948041916,0.4008857309818268,-0.0002461361582390964,0.03300065919756889,0.03300065919756889,1.0,-3.0,success
3574,-0.12479656934738159,0.4008893668651581,-0.0002513348008506,0.0006780619733035564,0.0006583126960322261,0.0,3.0,success
3575,-0.12581534683704376,0.40107110142707825,-0.00024604424834251404,0.03233979269862175,0.032339371740818024,1.0,3.0,success
3576,-0.1268555074930191,0.401253342628479,-0.0002460817922838032,0.033000148832798004,0.033000148832798004,1.0,3.0,success
3577,-0.1278959959745407,0.4014338254928589,-0.00024638843024149537,0.03300080448389053,0.03300080448389053,1.0,-3.0,success
3578,-0.12893618643283844,0.40161600708961487,-0.0002466674486640841,0.03300074487924576,0.03300074115395546,1.0,3.0,success
3579,-0.1299767792224884,0.40179574489593506,-0.0002468819438945502,0.03300004079937935,0.03300004079937935,1.0,3.0,success
3580,-0.12997715175151825,0.40179553627967834,-0.00025202633696608245,0.00016131502343341708,1.334263743046904e-05,0.0,0.0,success
3581,-0.12997709214687347,0.4017956256866455,-0.00025138596538454294,2.0291383407311514e-05,3.3579310638742754e-06,0.0,-3.0,success
3582,-0.13099682331085205,0.4019719660282135,-0.00024579258752055466,0.03234003484249115,0.032339561730623245,1.0,3.0,success
3583,-0.13203789293766022,0.40214893221855164,-0.0002458667440805584,0.03300010412931442,0.03300010412931442,1.0,3.0,success
3584,-0.13307924568653107,0.40232422947883606,-0.00024621543707326055,0.03300013020634651,0.03300012648105621,1.0,-3.0,success
3585,-0.13412030041217804,0.40250134468078613,-0.0002465292636770755,0.03300042450428009,0.03300042450428009,1.0,3.0,success
3586,-0.13516174256801605,0.4026760756969452,-0.0002467716985847801,0.032999951392412186,0.032999951392412186,1.0,3.0,success
3587,-0.13620346784591675,0.4028491675853729,-0.0002469546452630311,0.033000241965055466,0.033000241965055466,1.0,-3.0,success
3588,-0.13622429966926575,0.4028524160385132,-0.0002519917325116694,0.0006774042267352343,0.0006588618271052837,0.0,-3.0,success
3589,-0.13724425435066223,0.40302735567092896,-0.00024657067842781544,0.03233945742249489,0.03233901411294937,1.0,-3.0,success
3590,-0.13828466832637787,0.4032081961631775,-0.0002465041761752218,0.03300042077898979,0.03300042077898979,1.0,-3.0,success
3591,-0.13932476937770844,0.4033907651901245,-0.0002467464073561132,0.03300008177757263,0.03300008177757263,1.0,3.0,success
3592,-0.14036530256271362,0.40357089042663574,-0.00024694425519555807,0.03300027176737785,0.03300027176737785,1.0,3.0,success
3593,-0.14038626849651337,0.40357351303100586,-0.0002519854169804603,0.0006788243190385401,0.0006602914072573185,0.0,3.0,success
3594,-0.14140671491622925,0.4037455916404724,-0.000246565934503451,0.03233961760997772,0.032339174300432205,1.0,3.0,success
3595,-0.1424485445022583,0.4039181172847748,-0.0002464995195623487,0.03300056234002113,0.03300056234002113,1.0,3.0,success
3596,-0.1424695998430252,0.4039202332496643,-0.0002516154490876943,0.0006803444121032953,0.0006612936267629266,0.0,3.0,success
3597,-0.14349113404750824,0.40408578515052795,-0.0002462580450810492,0.032339874655008316,0.032339438796043396,1.0,-3.0,success
3598,-0.14351196587085724,0.4040890634059906,-0.0002511352358851582,0.0006764010176993906,0.0006590059492737055,0.0,-3.0,success
3599,-0.1435120403766632,0.4040886163711548,-0.00025076628662645817,1.8262271623825654e-05,1.416253417119151e-05,0.0,3.0,success
3600,-0.14453308284282684,0.404257208108902,-0.0002452795160934329,0.03234006464481354,0.032339610159397125,1.0,-3.0,success
3601,-0.14557474851608276,0.4044307470321655,-0.0002454667119309306,0.03300069645047188,0.03300069645047188,1.0,3.0,success
3602,-0.14661681652069092,0.4046018421649933,-0.0002459062961861491,0.0330006442964077,0.0330006405711174,1.0,3.0,success
3603,-0.14765916764736176,0.40477120876312256,-0.00024626197409816086,0.03300066292285919,0.03300066292285919,1.0,-3.0,success
3604,-0.14870122075080872,0.4049423336982727,-0.0002465671277604997,0.03300033137202263,0.03300033137202263,1.0,3.0,success
3605,-0.1497436761856079,0.40511107444763184,-0.0002468018501531333,0.033000752329826355,0.033000752329826355,1.0,3.0,success
3606,-0.1507863849401474,0.4052780568599701,-0.00024697885964997113,0.032999832183122635,0.032999832183122635,1.0,-3.0,success
3607,-0.15080736577510834,0.4052804708480835,-0.00025202304823324084,0.0006785400328226388,0.0006599765620194376,0.0,3.0,success
3608,-0.15182922780513763,0.4054439067840576,-0.0002465964062139392,0.032339487224817276,0.03233904391527176,1.0,3.0,success
3609,-0.15287236869335175,0.40560829639434814,-0.0002465135767124593,0.03300045430660248,0.03300045430660248,1.0,-3.0,success
3610,-0.15391522645950317,0.40577441453933716,-0.00024675362510606647,0.033000171184539795,0.033000171184539795,1.0,3.0,success
3611,-0.15391558408737183,0.4057742655277252,-0.0002519234549254179,0.00016201019752770662,1.2107192560506519e-05,0.0,0.0,success
3612,-0.15493784844875336,0.4059351086616516,-0.00024643042706884444,0.032339222729206085,0.032338764518499374,1.0,3.0,success
3613,-0.15598148107528687,0.4060961902141571,-0.000246387324295938,0.032999709248542786,0.032999709248542786,1.0,3.0,success
3614,-0.1570255011320114,0.40625494718551636,-0.0002466429432388395,0.03300067409873009,0.03300067409873009,1.0,3.0,success
3615,-0.1570466011762619,0.4062565863132477,-0.0002517441171221435,0.000680303608532995,0.0006613628938794136,0.0,3.0,success
3616,-0.15807034075260162,0.4064079523086548,-0.00024637317983433604,0.032340098172426224,0.032339662313461304,1.0,3.0,success
3617,-0.15911531448364258,0.4065600633621216,-0.0002463348500896245,0.03299958258867264,0.03299958258867264,1.0,-3.0,success
3618,-0.16016004979610443,0.4067140221595764,-0.00024661084171384573,0.03300057724118233,0.03300057724118233,1.0,3.0,success
3619,-0.16120512783527374,0.4068656265735626,-0.0002468362799845636,0.033000532537698746,0.03300052881240845,1.0,3.0,success
3620,-0.1622505486011505,0.4070148766040802,-0.000247016956564039,0.033000651746988297,0.033000651746988297,1.0,3.0,success
3621,-0.163296177983284,0.40716248750686646,-0.0002471506595611572,0.032999906688928604,0.032999906688928604,1.0,-3.0,success
3622,-0.16434155404567719,0.40731194615364075,-0.0002472780179232359,0.03300018981099129,0.03300018981099129,1.0,3.0,success
3623,-0.16538727283477783,0.4074590504169464,-0.0002473705681040883,0.03300046548247337,0.03300046548247337,1.0,3.0,success
3624,-0.1664332002401352,0.40760448575019836,-0.0002474335487931967,0.03299969807267189,0.03299969807267189,1.0,-3.0,success
3625,-0.1674787849187851,0.40775248408317566,-0.00024749335716478527,0.033000215888023376,0.033000215888023376,1.0,-3.0,success
3626,-0.16852399706840515,0.4079029858112335,-0.00024754187325015664,0.03299975022673607,0.03299975022673607,1.0,-3.0,success
3627,-0.1685449630022049,0.4079054594039917,-0.0002524732262827456,0.0006774890352971852,0.0006597296451218426,0.0,3.0,success
3628,-0.16956926882266998,0.40805259346961975,-0.0002469565952196717,0.03233855962753296,0.03233810141682625,1.0,3.0,success
3629,-0.16959017515182495,0.4080554246902466,-0.0002516832610126585,0.0006756302900612354,0.0006592864519916475,0.0,-3.0,success
3630,-0.170614555478096,0.40820229053497314,-0.000246320414589718,0.03233964741230011,0.03233921527862549,1.0,3.0,success
3631,-0.17166021466255188,0.40834978222846985,-0.00024629259132780135,0.03300030902028084,0.03300030902028084,1.0,-3.0,success
3632,-0.1727055311203003,0.4084997773170471,-0.00024656642926856875,0.033000726252794266,0.03300072252750397,1.0,-3.0,success
3633,-0.17272651195526123,0.40850216150283813,-0.0002516928070690483,0.0006790384650230408,0.0006598707986995578,0.0,3.0,success
3634,-0.17272651195526123,0.4085020124912262,-0.0002512156788725406,1.5620491467416286e-05,4.656612873077393e-06,0.0,3.0,success
3635,-0.17375114560127258,0.4086472690105438,-0.00024563941406086087,0.03234042227268219,0.032339952886104584,1.0,-3.0,success
3636,-0.17377209663391113,0.40864473581314087,-0.00025064099463634193,0.0006777566741220653,0.0006594881415367126,0.0,3.0,success
3637,-0.17479673027992249,0.4087907075881958,-0.0002454610075801611,0.03234349936246872,0.032343097031116486,1.0,-3.0,success
3638,-0.1758420616388321,0.40894046425819397,-0.0002456258807796985,0.03300013020634651,0.03300012648105621,1.0,3.0,success
3639,-0.17586307227611542,0.4089427888393402,-0.00025091698626056314,0.0006809677579440176,0.0006605887319892645,0.0,3.0,success
3640,-0.176888108253479,0.4090850055217743,-0.00024571025278419256,0.03233961760997772,0.03233921155333519,1.0,3.0,success
3641,-0.17793452739715576,0.40922701358795166,-0.0002458148810546845,0.033000342547893524,0.033000342547893524,1.0,3.0,success
3642,-0.17898119986057281,0.40936726331710815,-0.0002461748372297734,0.033000845462083817,0.033000845462083817,1.0,-3.0,success
3643,-0.1800275295972824,0.4095100164413452,-0.00024648624821566045,0.03300071507692337,0.03300071507692337,1.0,-3.0,success
3644,-0.1810736060142517,0.40965452790260315,-0.00024674678570590913,0.033000342547893524,0.033000342547893524,1.0,3.0,success
3645,-0.1821199208498001,0.4097972810268402,-0.00024693546583876014,0.03300025314092636,0.03300025314092636,1.0,-3.0,success
3646,-0.1831659972667694,0.40994179248809814,-0.0002471056941431016,0.033000342547893524,0.033000342547893524,1.0,3.0,success
3647,-0.18421240150928497,0.4100838303565979,-0.0002472324122209102,0.03300000727176666,0.03300000727176666,1.0,3.0,success
3648,-0.185259148478508,0.41022342443466187,-0.0002473335189279169,0.033000439405441284,0.033000439405441284,1.0,3.0,success
3649,-0.18528026342391968,0.41022491455078125,-0.0002522967115510255,0.0006794231594540179,0.0006614830926991999,0.0,3.0,success
3650,-0.18528032302856445,0.41022422909736633,-0.00025169880245812237,2.8485437724157237e-05,2.1501249648281373e-05,0.0,3.0,success
3651,-0.1863277405500412,0.41035717725753784,-0.00024593458510935307,0.03299490734934807,0.03299441561102867,1.0,0.0,success
3652,-0.1863488256931305,0.410358726978302,-0.00025096136960200965,0.0006791060441173613,0.0006606880342587829,0.0,3.0,success
3653,-0.18737570941448212,0.41048678755760193,-0.00024573568953201175,0.032339099794626236,0.03233868628740311,1.0,3.0,success
3654,-0.1884239763021469,0.41061434149742126,-0.00024583490449003875,0.03299996256828308,0.03299996256828308,1.0,3.0,success
3655,-0.18844513595104218,0.410615473985672,-0.0002510840422473848,0.0006822002469561994,0.0006621853681281209,0.0,3.0,success
3656,-0.18947292864322662,0.41073623299598694,-0.0002458444214425981,0.03233987092971802,0.03233945369720459,1.0,3.0,success
3657,-0.1905219852924347,0.41085708141326904,-0.0002459119423292577,0.03299982473254204,0.03299982473254204,1.0,-3.0,success
3658,-0.19157084822654724,0.4109797477722168,-0.00024627262610010803,0.033000361174345016,0.03300035744905472,1.0,3.0,success
3659,-0.1926199048757553,0.4111007750034332,-0.0002465553116053343,0.03300046548247337,0.03300046548247337,1.0,-3.0,success
3660,-0.19366875290870667,0.41122356057167053,-0.0002468017628416419,0.03300033137202263,0.03300033137202263,1.0,3.0,success
3661,-0.1947178840637207,0.4113439917564392,-0.0002469895698595792,0.033000648021698,0.033000648021698,1.0,3.0,success
3662,-0.19576728343963623,0.4114620089530945,-0.0002471394545864314,0.033000461757183075,0.033000461757183075,1.0,3.0,success
3663,-0.19681693613529205,0.41157764196395874,-0.0002472593914717436,0.03300008550286293,0.03300008177757263,1.0,3.0,success
3664,-0.1978667676448822,0.4116916358470917,-0.00024734454927966,0.03300006687641144,0.03300006687641144,1.0,-3.0,success
3665,-0.19891631603240967,0.41180816292762756,-0.00024742214009165764,0.0329999141395092,0.0329999141395092,1.0,-3.0,success
3666,-0.1989372968673706,0.41181042790412903,-0.0002523659495636821,0.0006773157510906458,0.0006594605511054397,0.0,-3.0,success
3667,-0.19996526837348938,0.41192927956581116,-0.0002468819438945502,0.03233855962753296,0.03233810514211655,1.0,3.0,success
3668,-0.19998639822006226,0.4119305908679962,-0.00025163512327708304,0.0006780476542189717,0.0006615780293941498,0.0,3.0,success
3669,-0.2010149508714676,0.4120444357395172,-0.000246271287323907,0.03233899176120758,0.03233855962753296,1.0,3.0,success
3670,-0.2020649015903473,0.4121575355529785,-0.00024626299273222685,0.03300077095627785,0.03300077095627785,1.0,3.0,success
3671,-0.20311510562896729,0.4122682213783264,-0.0002465436700731516,0.033000651746988297,0.033000648021698,1.0,3.0,success
3672,-0.20416556298732758,0.4123765528202057,-0.00024678223417140543,0.0330008938908577,0.0330008901655674,1.0,3.0,success
3673,-0.20418678224086761,0.4123770296573639,-0.000251856108661741,0.0006819579866714776,0.0006632690201513469,0.0,3.0,success
3674,-0.20521658658981323,0.41247907280921936,-0.0002464631397742778,0.0323394276201725,0.03233898803591728,1.0,3.0,success
3675,-0.20626775920391083,0.41258010268211365,-0.00024641750496812165,0.03300051391124725,0.03300051391124725,1.0,3.0,success
3676,-0.20731906592845917,0.412679523229599,-0.00024665650562383235,0.0329999141395092,0.0329999141395092,1.0,-3.0,success
3677,-0.20734025537967682,0.41267722845077515,-0.0002517657994758338,0.0006849124911241233,0.0006660421495325863,0.0,3.0,success
3678,-0.20837049186229706,0.41277459263801575,-0.0002463899436406791,0.03233878314495087,0.03233834356069565,1.0,3.0,success
3679,-0.2083916962146759,0.4127752184867859,-0.000251241319347173,0.0006800391129218042,0.0006629244890064001,0.0,3.0,success
3680,-0.20839175581932068,0.4127745032310486,-0.0002508401812519878,2.5694555006339215e-05,2.242921618744731e-05,0.0,3.0,success
3681,-0.20942263305187225,0.4128647744655609,-0.00024534945259802043,0.032338641583919525,0.03233818709850311,1.0,3.0,success
3682,-0.2104749083518982,0.41295379400253296,-0.00024551188107579947,0.03300106152892113,0.03300106152892113,1.0,3.0,success
3683,-0.21152737736701965,0.413040429353714,-0.000245942355832085,0.033000897616147995,0.033000897616147995,1.0,3.0,success
3684,-0.21258004009723663,0.4131247103214264,-0.0002463013806845993,0.03300097584724426,0.03300097584724426,1.0,3.0,success
3685,-0.21363288164138794,0.41320666670799255,-0.00024658930487930775,0.03300083056092262,0.033000826835632324,1.0,3.0,success
3686,-0.2146858125925064,0.41328704357147217,-0.00024680860224179924,0.03299982100725174,0.03299982100725174,1.0,-3.0,success
3687,-0.21573854982852936,0.4133699834346771,-0.0002469934115651995,0.03299998119473457,0.03299998119473457,1.0,-3.0,success
3688,-0.2167910933494568,0.4134555160999298,-0.0002471419284120202,0.033000409603118896,0.033000409603118896,1.0,-3.0,success
3689,-0.2178434282541275,0.41354355216026306,-0.00024726096307858825,0.033000338822603226,0.033000338822603226,1.0,-3.0,success
3690,-0.21889559924602509,0.4136333167552948,-0.0002473663189448416,0.032999783754348755,0.032999783754348755,1.0,3.0,success
3691,-0.21994797885417938,0.41372063755989075,-0.0002474407374393195,0.032999876886606216,0.032999876886606216,1.0,3.0,success
3692,-0.2210005670785904,0.41380545496940613,-0.0002474999928381294,0.032999999821186066,0.032999999821186066,1.0,3.0,success
3693,-0.22205330431461334,0.413888543844223,-0.0002475371875334531,0.033000342547893524,0.033000342547893524,1.0,-3.0,success
3694,-0.22310581803321838,0.4139741063117981,-0.0002475764194969088,0.03299955651164055,0.03299955651164055,1.0,-3.0,success
3695,-0.2241581529378891,0.4140622019767761,-0.0002476084337104112,0.03300049528479576,0.03300049528479576,1.0,-3.0,success
3696,-0.22417917847633362,0.4140641987323761,-0.00025251510669477284,0.0006775816436856985,0.0006600043852813542,0.0,-3.0,success
3697,-0.2252100110054016,0.4141550064086914,-0.0002470012695994228,0.03233872354030609,0.03233826532959938,1.0,3.0,success
3698,-0.22626221179962158,0.41424450278282166,-0.0002468477177899331,0.032999999821186066,0.032999999821186066,1.0,3.0,success
3699,-0.22731463611125946,0.4143315255641937,-0.0002470110484864563,0.03300049901008606,0.03300049901008606,1.0,3.0,success
3700,-0.2283671796321869,0.4144168496131897,-0.0002471453626640141,0.032999880611896515,0.032999880611896515,1.0,-3.0,success
3701,-0.2294195294380188,0.41450464725494385,-0.0002472630294505507,0.03300018608570099,0.03300018608570099,1.0,-3.0,success
3702,-0.23047173023223877,0.41459426283836365,-0.00024736803607083857,0.033000316470861435,0.033000316470861435,1.0,3.0,success
3703,-0.23152406513690948,0.4146821200847626,-0.00024743229732848704,0.03299987316131592,0.03299987316131592,1.0,-3.0,success
3704,-0.23257620632648468,0.4147724211215973,-0.0002474927459843457,0.03300028666853905,0.03300028666853905,1.0,-3.0,success
3705,-0.23362813889980316,0.4148651957511902,-0.0002475416986271739,0.03300049155950546,0.03300049155950546,1.0,-3.0,success
3706,-0.23467984795570374,0.4149603545665741,-0.0002475809887982905,0.0330001637339592,0.0330001637339592,1.0,-3.0,success
3707,-0.23573139309883118,0.4150572121143341,-0.00024762205430306494,0.03299988806247711,0.03299988806247711,1.0,3.0,success
3708,-0.23678311705589294,0.4151521921157837,-0.0002476356166880578,0.033000122755765915,0.033000122755765915,1.0,-3.0,success
3709,-0.237834632396698,0.4152495563030243,-0.00024765561101958156,0.03300041705369949,0.03300041705369949,1.0,-3.0,success
3710,-0.23888592422008514,0.4153493046760559,-0.000247672141995281,0.03300041705369949,0.03300041705369949,1.0,-3.0,success
3711,-0.2399369776248932,0.41545140743255615,-0.0002476854424457997,0.03300002962350845,0.03300002962350845,1.0,-3.0,success
3712,-0.24098782241344452,0.415555864572525,-0.00024769618175923824,0.03300074115395546,0.03300074115395546,1.0,-3.0,success
3713,-0.24203845858573914,0.41566193103790283,-0.0002477140515111387,0.03299926221370697,0.03299926221370697,1.0,3.0,success
3714,-0.24308931827545166,0.4157660901546478,-0.0002477092493791133,0.03300028294324875,0.03300028294324875,1.0,-3.0,success
3715,-0.24413993954658508,0.41587260365486145,-0.00024771460448391736,0.03300020843744278,0.03300020843744278,1.0,-3.0,success
3716,-0.2451903373003006,0.4159814417362213,-0.0002477194066159427,0.03300066664814949,0.03300066664814949,1.0,-3.0,success
3717,-0.24624046683311462,0.4160926342010498,-0.0002477233356330544,0.03299999609589577,0.03299999609589577,1.0,-3.0,success
3718,-0.24729040265083313,0.4162054657936096,-0.0002477357629686594,0.03299940750002861,0.03299940750002861,1.0,3.0,success
3719,-0.24731139838695526,0.4162079095840454,-0.0002526074822526425,0.0006778633105568588,0.0006605461821891367,0.0,-3.0,success
3720,-0.2483402043581009,0.4163195490837097,-0.0002470636973157525,0.03233938291668892,0.03233892098069191,1.0,-3.0,success
3721,-0.24938982725143433,0.41643548011779785,-0.0002468987077008933,0.03300018236041069,0.03300018236041069,1.0,-3.0,success
3722,-0.25043919682502747,0.4165537655353546,-0.00024705223040655255,0.03300047293305397,0.03300047293305397,1.0,-3.0,success
3723,-0.250460147857666,0.4165566563606262,-0.00025207005091942847,0.00067926972405985,0.0006609227857552469,0.0,-3.0,success
3724,-0.25046002864837646,0.41655755043029785,-0.0002515187952667475,3.303428093204275e-05,2.8186934287077747e-05,0.0,-3.0,success
3725,-0.2514876127243042,0.41667991876602173,-0.00024590292014181614,0.03233936429023743,0.032338887453079224,1.0,3.0,success
3726,-0.2525365352630615,0.4168022572994232,-0.00024594503338448703,0.03300102427601814,0.03300102427601814,1.0,-3.0,success
3727,-0.25255754590034485,0.4168003797531128,-0.0002511829952709377,0.0006792173371650279,0.0006591987912543118,0.0,3.0,success
3728,-0.2535853981971741,0.416924387216568,-0.0002459089155308902,0.032353725284338,0.03235330432653427,1.0,-3.0,success
3729,-0.25463399291038513,0.41704922914505005,-0.0002459765237290412,0.03300000727176666,0.03300000727176666,1.0,-3.0,success
3730,-0.25568240880966187,0.4171757400035858,-0.0002463243727106601,0.03300066292285919,0.03300065919756889,1.0,3.0,success
3731,-0.25673115253448486,0.41730010509490967,-0.0002466017031110823,0.03300287202000618,0.03300286829471588,1.0,0.0,success
3732,-0.2577798366546631,0.4174239933490753,-0.00024683441733941436,0.03299926966428757,0.03299926593899727,1.0,3.0,success
3733,-0.2588287591934204,0.4175461232662201,-0.00024700528592802584,0.033000268042087555,0.033000268042087555,1.0,-3.0,success
3734,-0.25987738370895386,0.41767069697380066,-0.0002471512998454273,0.03299994021654129,0.03299994021654129,1.0,-3.0,success
3735,-0.2598983943462372,0.41766873002052307,-0.00025216318317689,0.0006777970702387393,0.0006594533333554864,0.0,3.0,success
3736,-0.26092594861984253,0.4177950918674469,-0.0002466937294229865,0.03235340863466263,0.032352957874536514,1.0,-3.0,success
3737,-0.26094692945480347,0.4177931845188141,-0.0002514992083888501,0.0006752646877430379,0.0006583547801710665,0.0,3.0,success
3738,-0.261974573135376,0.4179149568080902,-0.0002461603726260364,0.03233896940946579,0.03233854100108147,1.0,3.0,success
3739,-0.2630235552787781,0.41803672909736633,-0.00024616409791633487,0.033000826835632324,0.033000826835632324,1.0,-3.0,success
3740,-0.2640722393989563,0.41816091537475586,-0.0002464638964738697,0.033000361174345016,0.033000361174345016,1.0,-3.0,success
3741,-0.26512065529823303,0.4182875156402588,-0.0002467182057444006,0.03300099819898605,0.03300099819898605,1.0,-3.0,success
3742,-0.26512089371681213,0.41828811168670654,-0.00025190558517351747,0.0001633422216400504,2.0061301256646402e-05,0.0,0.0,success
3743,-0.26614803075790405,0.4184141457080841,-0.0002464161952957511,0.032339222729206085,0.03233876824378967,1.0,3.0,success
3744,-0.2671964764595032,0.41854023933410645,-0.0002463658165652305,0.03300002962350845,0.03300002962350845,1.0,-3.0,success
3745,-0.2682447135448456,0.4186680018901825,-0.0002466350852046162,0.032999828457832336,0.03299982473254204,1.0,3.0,success
3746,-0.26929324865341187,0.41879329085350037,-0.00024685519747436047,0.032999809831380844,0.032999809831380844,1.0,3.0,success
3747,-0.27034199237823486,0.418916791677475,-0.0002470215840730816,0.03299970179796219,0.03299970179796219,1.0,-3.0,success
3748,-0.27139055728912354,0.41904205083847046,-0.00024717458290979266,0.03300062566995621,0.03300062194466591,1.0,3.0,success
3749,-0.27243930101394653,0.41916558146476746,-0.00024727749405428767,0.032999809831380844,0.032999809831380844,1.0,-3.0,success
3750,-0.27348774671554565,0.41929158568382263,-0.00024736890918575227,0.03299969434738159,0.03299969434738159,1.0,-3.0,success
3751,-0.2745359241962433,0.4194200038909912,-0.0002474426000844687,0.033000461757183075,0.033000461757183075,1.0,-3.0,success
3752,-0.2745361924171448,0.4194204807281494,-0.00025248463498428464,0.00015848844486754388,1.7096808733185753e-05,0.0,0.0,success
3753,-0.27556297183036804,0.41954928636550903,-0.0002468688471708447,0.032338812947273254,0.03233833983540535,1.0,-3.0,success
3754,-0.27661052346229553,0.41968268156051636,-0.0002467387239448726,0.03300033509731293,0.03300033509731293,1.0,-3.0,success
3755,-0.2776578366756439,0.4198177754878998,-0.00024693354498595,0.03299969434738159,0.03299969434738159,1.0,3.0,success
3756,-0.27767881751060486,0.4198199212551117,-0.00025197610375471413,0.0006776475347578526,0.0006590710836462677,0.0,3.0,success
3757,-0.2787056267261505,0.4199526011943817,-0.0002465453580953181,0.03235500305891037,0.03235455974936485,1.0,-3.0,success
3758,-0.27872660756111145,0.4199505150318146,-0.0002513812214601785,0.000675992458127439,0.0006588841788470745,0.0,3.0,success
3759,-0.27975350618362427,0.4200783967971802,-0.0002460657269693911,0.032338883727788925,0.0323384590446949,1.0,3.0,success
3760,-0.2808017432689667,0.4202063977718353,-0.0002460883988533169,0.033000726252794266,0.033000726252794266,1.0,-3.0,success
3761,-0.2818496823310852,0.4203367829322815,-0.0002464033314026892,0.03300059959292412,0.03300059959292412,1.0,-3.0,success
3762,-0.28187060356140137,0.4203396737575531,-0.0002515511296223849,0.0006793224602006376,0.0006600001943297684,0.0,-3.0,success
3763,-0.28289687633514404,0.42047274112701416,-0.00024621872580610216,0.0323399156332016,0.032339487224817276,1.0,-3.0,success
3764,-0.2829177975654602,0.4204758405685425,-0.00025110470596700907,0.0006783317658118904,0.000660924066323787,0.0,-3.0,success
3765,-0.2839643061161041,0.4206157326698303,-0.00024575565475970507,0.03299470990896225,0.032994285225868225,1.0,0.0,success
3766,-0.28501105308532715,0.4207552373409271,-0.00024594934075139463,0.03300006687641144,0.03300006687641144,1.0,3.0,success
3767,-0.28605812788009644,0.42089223861694336,-0.0002462967822793871,0.03299998492002487,0.03299998492002487,1.0,3.0,success
3768,-0.2871054410934448,0.42102745175361633,-0.00024657449102960527,0.033000171184539795,0.033000171184539795,1.0,-3.0,success
3769,-0.2881525158882141,0.4211644232273102,-0.00024681701324880123,0.03299986571073532,0.03299986198544502,1.0,3.0,success
3770,-0.2891998291015625,0.42129969596862793,-0.00024699154892005026,0.0330004058778286,0.0330004058778286,1.0,-3.0,success
3771,-0.2902468144893646,0.4214373826980591,-0.0002471402403898537,0.032999999821186066,0.032999999821186066,1.0,-3.0,success
3772,-0.29129350185394287,0.421577513217926,-0.0002472597116138786,0.03300081193447113,0.03300081193447113,1.0,-3.0,success
3773,-0.292318731546402,0.4217164218425751,-0.0002433427725918591,0.03233139589428902,0.03233116492629051,1.0,3.0,success
3774,-0.2923397719860077,0.42171818017959595,-0.00024879147531464696,0.0006814221269451082,0.0006598056643269956,0.0,3.0,success
3775,-0.2933658957481384,0.42185208201408386,-0.0002439946256345138,0.03233858197927475,0.032338231801986694,1.0,3.0,success
3776,-0.294413298368454,0.4219863712787628,-0.00024443192523904145,0.03299925848841667,0.03299925476312637,1.0,-3.0,success
3777,-0.29443424940109253,0.42198890447616577,-0.00024996057618409395,0.0006817434914410114,0.0006594881415367126,0.0,-3.0,success
3778,-0.2954599857330322,0.4221258759498596,-0.0002449448802508414,0.03233916312456131,0.032338786870241165,1.0,-3.0,success
3779,-0.296506404876709,0.4222679138183594,-0.00024520393344573677,0.03300046920776367,0.03300046920776367,1.0,-3.0,success
3780,-0.2975524961948395,0.42241236567497253,-0.00024569666129536927,0.033000554889440536,0.03300055116415024,1.0,-3.0,success
3781,-0.2985982298851013,0.4225592017173767,-0.00024610478430986404,0.032999757677316666,0.032999757677316666,1.0,-3.0,success
3782,-0.2996436655521393,0.4227084219455719,-0.00024643196957185864,0.03300097957253456,0.03300097957253456,1.0,-3.0,success
3783,-0.300688773393631,0.42285993695259094,-0.0002466937294229865,0.03300105407834053,0.03300105035305023,1.0,-3.0,success
3784,-0.30173352360725403,0.4230137765407562,-0.0002469031314831227,0.03300049528479576,0.03300049528479576,1.0,-3.0,success
3785,-0.3027779161930084,0.42316994071006775,-0.0002470706240274012,0.03300010412931442,0.03300010412931442,1.0,-3.0,success
3786,-0.30382198095321655,0.42332834005355835,-0.000247204618062824,0.03300037607550621,0.03300037607550621,1.0,-3.0,success
3787,-0.3048657178878784,0.4234890341758728,-0.00024731180747039616,0.03300108760595322,0.03300108760595322,1.0,-3.0,success
3788,-0.3059091567993164,0.4236513078212738,-0.0002474065695423633,0.0329994261264801,0.0329994261264801,1.0,3.0,success
3789,-0.30695298314094543,0.4238109588623047,-0.0002474724024068564,0.03299890086054802,0.03299890086054802,1.0,3.0,success
3790,-0.3079971373081207,0.42396873235702515,-0.00024751541786827147,0.03300021216273308,0.03300021216273308,1.0,-3.0,success
3791,-0.30904102325439453,0.42412814497947693,-0.00024756931816227734,0.032999616116285324,0.032999616116285324,1.0,3.0,success
3792,-0.3100852966308594,0.4242851138114929,-0.00024760302039794624,0.033000148832798004,0.033000148832798004,1.0,3.0,success
3793,-0.31112992763519287,0.42443957924842834,-0.000247629766818136,0.032999664545059204,0.032999664545059204,1.0,3.0,success
3794,-0.3121749460697174,0.42459163069725037,-0.00024765130365267396,0.03300069645047188,0.03300069645047188,1.0,3.0,success
3795,-0.31322017312049866,0.4247419536113739,-0.0002476580557413399,0.03299941122531891,0.03299941122531891,1.0,-3.0,success
3796,-0.313241183757782,0.42474403977394104,-0.00025256595108658075,0.0006774019566364586,0.0006598109612241387,0.0,3.0,success
3797,-0.31426551938056946,0.4248911738395691,-0.0002470309264026582,0.03233948349952698,0.03233902156352997,1.0,3.0,success
3798,-0.3153112530708313,0.42503821849823,-0.0002468713792040944,0.03300066664814949,0.03300066292285919,1.0,3.0,success
3799,-0.31635719537734985,0.42518359422683716,-0.00024701960501261055,0.03299989923834801,0.03299989923834801,1.0,-3.0,success
3800,-0.31740278005599976,0.4253314733505249,-0.0002471616317052394,0.03299969807267189,0.03299969807267189,1.0,-3.0,success
3801,-0.3184480369091034,0.4254818558692932,-0.0002472765918355435,0.033000603318214417,0.033000603318214417,1.0,-3.0,success
3802,-0.3194929361343384,0.4256346821784973,-0.00024736879277043045,0.033000506460666656,0.033000506460666656,1.0,-3.0,success
3803,-0.3205375671386719,0.4257892370223999,-0.00024745246628299356,0.033000074326992035,0.033000074326992035,1.0,3.0,success
3804,-0.3205585181713104,0.4257916510105133,-0.0002523918228689581,0.0006768855964764953,0.000659051351249218,0.0,3.0,success
3805,-0.3215827941894531,0.42594411969184875,-0.00024687714176252484,0.03236176446080208,0.03236129879951477,1.0,-3.0,success
3806,-0.3226276934146881,0.42609700560569763,-0.00024675202439539135,0.033000778406858444,0.033000778406858444,1.0,-3.0,success
3807,-0.32367223501205444,0.4262522757053375,-0.000246934883762151,0.03300059214234352,0.03300058841705322,1.0,-3.0,success
3808,-0.3247165083885193,0.42640921473503113,-0.00024710464640520513,0.03300001099705696,0.03300001099705696,1.0,3.0,success
3809,-0.3257610499858856,0.4265643060207367,-0.0002472217893227935,0.03299976885318756,0.03299976885318756,1.0,-3.0,success
3810,-0.32680535316467285,0.42672106623649597,-0.00024733447935432196,0.033000100404024124,0.033000100404024124,1.0,3.0,success
3811,-0.3278499245643616,0.4268760085105896,-0.00024740552180446684,0.03300000727176666,0.03300000727176666,1.0,-3.0,success
3812,-0.32889416813850403,0.42703333497047424,-0.0002474715292919427,0.0330008901655674,0.0330008901655674,1.0,-3.0,success
3813,-0.32993802428245544,0.4271930754184723,-0.00024752484750933945,0.033000245690345764,0.033000245690345764,1.0,-3.0,success
3814,-0.3309815227985382,0.42735517024993896,-0.0002475676010362804,0.033000409603118896,0.033000409603118896,1.0,-3.0,success
3815,-0.3320247530937195,0.4275188744068146,-0.0002476113149896264,0.03299988433718681,0.03299988433718681,1.0,3.0,success
3816,-0.33306828141212463,0.42768076062202454,-0.00024762703105807304,0.03300033137202263,0.03300033137202263,1.0,-3.0,success
3817,-0.3341115117073059,0.4278442859649658,-0.00024765852140262723,0.03299902006983757,0.03299902006983757,1.0,3.0,success
3818,-0.33515506982803345,0.42800596356391907,-0.00024766469141468406,0.03300025314092636,0.03300025314092636,1.0,-3.0,success
3819,-0.33619824051856995,0.4281700551509857,-0.0002476788067724556,0.032999925315380096,0.032999925315380096,1.0,-3.0,success
3820,-0.33621910214424133,0.4281729459762573,-0.0002525827439967543,0.0006757611990906298,0.0006581551861017942,0.0,3.0,success
3821,-0.33724144101142883,0.4283333420753479,-0.0002470436447765678,0.03233936056494713,0.03233889862895012,1.0,3.0,success
3822,-0.33828508853912354,0.42849448323249817,-0.00024687149561941624,0.03300045430660248,0.03300045430660248,1.0,-3.0,success
3823,-0.33932846784591675,0.42865729331970215,-0.0002470396866556257,0.033000171184539795,0.033000171184539795,1.0,3.0,success
3824,-0.340372234582901,0.42881762981414795,-0.0002471788029652089,0.03300030902028084,0.03300030902028084,1.0,3.0,success
3825,-0.3414163589477539,0.42897555232048035,-0.0002472905325703323,0.03299998864531517,0.03299998864531517,1.0,3.0,success
3826,-0.34143728017807007,0.42897823452949524,-0.00025225081481039524,0.0006771208136342466,0.0006591395358555019,0.0,-3.0,success
3827,-0.34143736958503723,0.4289775490760803,-0.0002516729000490159,2.8156671760370955e-05,2.1601863409159705e-05,0.0,3.0,success
3828,-0.3424607217311859,0.4291314482688904,-0.0002460055984556675,0.03233984857797623,0.03233936429023743,1.0,-3.0,success
3829,-0.34350475668907166,0.4292900264263153,-0.0002460474206600338,0.033000294119119644,0.033000294119119644,1.0,3.0,success
3830,-0.34454914927482605,0.4294462203979492,-0.0002463707933202386,0.033000241965055466,0.033000241965055466,1.0,3.0,success
3831,-0.3445700705051422,0.4294489026069641,-0.0002515148662496358,0.0006784587167203426,0.0006591395358555019,0.0,-3.0,success
3832,-0.34559351205825806,0.4296024441719055,-0.00024620044860057533,0.032340891659259796,0.03234046697616577,1.0,3.0,success
3833,-0.3466382920742035,0.4297560751438141,-0.00024620789918117225,0.03300046920776367,0.03300046920776367,1.0,3.0,success
3834,-0.3476834297180176,0.4299073815345764,-0.0002464997523929924,0.03300103917717934,0.03300103917717934,1.0,3.0,success
3835,-0.3487287759780884,0.43005701899528503,-0.0002467363083269447,0.03300005942583084,0.03300005942583084,1.0,-3.0,success
3836,-0.3497738540172577,0.4302085340023041,-0.00024694661260582507,0.03300013020634651,0.03300013020634651,1.0,3.0,success
3837,-0.3508191704750061,0.4303583800792694,-0.0002470949839334935,0.03300006315112114,0.03300006315112114,1.0,-3.0,success
3838,-0.3518642485141754,0.4305100440979004,-0.0002472334308549762,0.033000800758600235,0.033000800758600235,1.0,3.0,success
3839,-0.35290953516960144,0.43066006898880005,-0.00024732446763664484,0.03299993276596069,0.03299993276596069,1.0,-3.0,success
3840,-0.35395458340644836,0.4308118522167206,-0.00024741687229834497,0.033000413328409195,0.033000413328409195,1.0,3.0,success
3841,-0.354999840259552,0.430961936712265,-0.0002474712091498077,0.032999277114868164,0.032999277114868164,1.0,-3.0,success
3842,-0.3560448884963989,0.4311137795448303,-0.00024753418983891606,0.033000677824020386,0.033000677824020386,1.0,3.0,success
3843,-0.35709014534950256,0.43126392364501953,-0.00024756506900303066,0.03299954533576965,0.03299954533576965,1.0,-3.0,success
3844,-0.3581351637840271,0.4314158260822296,-0.0002476092195138335,0.033000025898218155,0.033000025898218155,1.0,3.0,success
3845,-0.3591805398464203,0.4315652847290039,-0.00024763518013060093,0.03300018981099129,0.03300018981099129,1.0,3.0,success
3846,-0.36022624373435974,0.4317123591899872,-0.00024765566922724247,0.03299987316131592,0.03299987316131592,1.0,3.0,success
3847,-0.36127230525016785,0.43185701966285706,-0.000247672141995281,0.03300052136182785,0.03300052136182785,1.0,3.0,success
3848,-0.36231857538223267,0.4320000112056732,-0.0002476746740285307,0.032999876886606216,0.032999876886606216,1.0,-3.0,success
3849,-0.36233964562416077,0.4320017397403717,-0.0002525792515370995,0.0006782026030123234,0.0006606569513678551,0.0,3.0,success
3850,-0.36233967542648315,0.4320012032985687,-0.000251925055636093,2.6454379622009583e-05,1.6789654182503e-05,0.0,3.0,success
3851,-0.36336520314216614,0.43214038014411926,-0.00024620650219731033,0.03234201297163963,0.03234151750802994,1.0,-3.0,success
3852,-0.36441147327423096,0.4322833716869354,-0.0002462084230501205,0.032999876886606216,0.032999876886606216,1.0,3.0,success
3853,-0.36545801162719727,0.4324246346950531,-0.0002464894496370107,0.03300091251730919,0.03300091251730919,1.0,-3.0,success
3854,-0.3665041923522949,0.43256834149360657,-0.0002467379381414503,0.033000145107507706,0.033000145107507706,1.0,-3.0,success
3855,-0.3675500452518463,0.4327144920825958,-0.0002469379978720099,0.03300047665834427,0.03300047665834427,1.0,-3.0,success
3856,-0.3685956597328186,0.4328623414039612,-0.0002471079642418772,0.033000487834215164,0.033000487834215164,1.0,3.0,success
3857,-0.36964160203933716,0.43300768733024597,-0.0002472340129315853,0.03299977257847786,0.03299977257847786,1.0,3.0,success
3858,-0.3706878125667572,0.4331512153148651,-0.0002473246422596276,0.03300030902028084,0.03300030902028084,1.0,-3.0,success
3859,-0.3717336654663086,0.43329718708992004,-0.00024740665685385466,0.03299970552325249,0.03299970552325249,1.0,-3.0,success
3860,-0.3727792799472809,0.43344491720199585,-0.00024748279247432947,0.03299996629357338,0.03299996629357338,1.0,3.0,success
3861,-0.37382516264915466,0.433590829372406,-0.00024752411991357803,0.03300036862492561,0.03300036862492561,1.0,-3.0,success
3862,-0.3748707175254822,0.43373915553092957,-0.0002475663204677403,0.03300073370337486,0.03300073370337486,1.0,-3.0,success
3863,-0.37489163875579834,0.4337417483329773,-0.00025249275495298207,0.0006765392026863992,0.0006587900570593774,0.0,3.0,success
3864,-0.37591618299484253,0.43389230966567993,-0.00024695839965716004,0.032361336052417755,0.03236087039113045,1.0,-3.0,success
3865,-0.37696143984794617,0.43404245376586914,-0.0002468269085511565,0.03299954533576965,0.03299954533576965,1.0,3.0,success
3866,-0.37800708413124084,0.4341900646686554,-0.0002469946339260787,0.03300036862492561,0.03300036862492561,1.0,3.0,success
3867,-0.379052996635437,0.434335857629776,-0.00024713246966712177,0.033000778406858444,0.033000778406858444,1.0,-3.0,success
3868,-0.3800985515117645,0.4344840943813324,-0.00024725295952521265,0.033000338822603226,0.033000338822603226,1.0,-3.0,success
3869,-0.38114383816719055,0.4346340596675873,-0.00024735985789448023,0.0329996719956398,0.0329996682703495,1.0,3.0,success
3870,-0.38218948245048523,0.434781551361084,-0.0002474355569574982,0.03299984708428383,0.03299984708428383,1.0,3.0,success
3871,-0.38221052289009094,0.4347835183143616,-0.000252378114964813,0.0006782026612199843,0.000660380523186177,0.0,3.0,success
3872,-0.38323575258255005,0.43492913246154785,-0.00024686622782610357,0.03236042335629463,0.03235996514558792,1.0,-3.0,success
3873,-0.38428160548210144,0.4350751042366028,-0.00024674294400028884,0.03299970552325249,0.03299970552325249,1.0,-3.0,success
3874,-0.3853272497653961,0.4352228045463562,-0.0002469374448992312,0.03300075978040695,0.03300075978040695,1.0,3.0,success
3875,-0.3863731324672699,0.43536871671676636,-0.00024708727141842246,0.03300036862492561,0.03300036862492561,1.0,-3.0,success
3876,-0.3874186873435974,0.4355170428752899,-0.0002472169289831072,0.03300073370337486,0.03300073370337486,1.0,-3.0,success
3877,-0.38846394419670105,0.43566709756851196,-0.0002473310159984976,0.03299914672970772,0.03299914300441742,1.0,3.0,success
3878,-0.3895095884799957,0.43581461906433105,-0.0002474124194122851,0.032999977469444275,0.032999977469444275,1.0,3.0,success
3879,-0.39055559039115906,0.43595966696739197,-0.00024747729185037315,0.033000338822603226,0.033000338822603226,1.0,3.0,success
3880,-0.3916018307209015,0.4361029863357544,-0.0002475190267432481,0.033000342547893524,0.033000342547893524,1.0,-3.0,success
3881,-0.39264780282974243,0.4362480938434601,-0.0002475724322721362,0.0329996719956398,0.0329996719956398,1.0,3.0,success
3882,-0.39369404315948486,0.4363914728164673,-0.00024759562802501023,0.03300059586763382,0.03300059586763382,1.0,-3.0,success
3883,-0.3947400152683258,0.43653661012649536,-0.00024763369583524764,0.03299979865550995,0.03299979865550995,1.0,3.0,success
3884,-0.39578622579574585,0.43668004870414734,-0.00024764463887549937,0.032999925315380096,0.032999925315380096,1.0,-3.0,success
3885,-0.39683210849761963,0.4368259310722351,-0.0002476625086273998,0.033000241965055466,0.033000241965055466,1.0,-3.0,success
3886,-0.39787763357162476,0.43697428703308105,-0.00024767740978859365,0.03299994394183159,0.03299994394183159,1.0,-3.0,success
3887,-0.3989229202270508,0.4371243119239807,-0.00024769926676526666,0.03299993276596069,0.03299993276596069,1.0,3.0,success
3888,-0.39996856451034546,0.4372718632221222,-0.0002477068919688463,0.03300010785460472,0.03300010785460472,1.0,3.0,success
3889,-0.4010145366191864,0.4374169409275055,-0.0002477127709425986,0.03299954533576965,0.03299954533576965,1.0,3.0,success
3890,-0.40206077694892883,0.4375602602958679,-0.00024770735763013363,0.033000342547893524,0.033000342547893524,1.0,-3.0,success
3891,-0.402081698179245,0.43756306171417236,-0.0002525935124140233,0.0006770659238100052,0.0006596236489713192,0.0,-3.0,success
3892,-0.4031062126159668,0.4377088248729706,-0.00024705249234102666,0.032338954508304596,0.03233848884701729,1.0,-3.0,success
3893,-0.4041513502597809,0.43785983324050903,-0.0002468895399942994,0.03299970552325249,0.03299970552325249,1.0,-3.0,success
3894,-0.40519624948501587,0.43801257014274597,-0.00024705452960915864,0.033000100404024124,0.033000100404024124,1.0,3.0,success
3895,-0.40624141693115234,0.43816351890563965,-0.00024718092754483223,0.033000361174345016,0.033000361174345016,1.0,-3.0,success
3896,-0.40728625655174255,0.43831685185432434,-0.0002472918713465333,0.03300095722079277,0.03300095722079277,1.0,-3.0,success
3897,-0.4083307981491089,0.43847188353538513,-0.00024739091168157756,0.03299949690699577,0.03299949690699577,1.0,3.0,success
3898,-0.4083517789840698,0.4384743273258209,-0.0002523426082916558,0.0006779786199331284,0.0006600836641155183,0.0,3.0,success
3899,-0.40937596559524536,0.4386260509490967,-0.00024683857918716967,0.032355573028326035,0.03235511854290962,1.0,-3.0,success
3900,-0.4104207754135132,0.43877944350242615,-0.00024672041763551533,0.03300030902028084,0.03300030902028084,1.0,-3.0,success
3901,-0.41144412755966187,0.43893206119537354,-0.00024288942222483456,0.03233365714550018,0.032333433628082275,1.0,-3.0,success
3902,-0.4124882221221924,0.4390900731086731,-0.00024354511697310954,0.032999489456415176,0.03299948200583458,1.0,-3.0,success
3903,-0.41250908374786377,0.43909287452697754,-0.0002492628700565547,0.000681613979395479,0.0006577774765901268,0.0,3.0,success
3904,-0.4135322570800781,0.43924814462661743,-0.00024437627871520817,0.03234059736132622,0.03234023600816727,1.0,-3.0,success
3905,-0.41457608342170715,0.43940791487693787,-0.0002447589358780533,0.032999467104673386,0.03299946337938309,1.0,3.0,success
3906,-0.41562020778656006,0.4395659267902374,-0.00024533120449632406,0.033000409603118896,0.0330004058778286,1.0,-3.0,success
3907,-0.4166639745235443,0.4397262632846832,-0.0002458119997754693,0.03300030902028084,0.03300030902028084,1.0,-3.0,success
3908,-0.4177073538303375,0.43988901376724243,-0.0002461977128405124,0.032999880611896515,0.032999880611896515,1.0,-3.0,success
3909,-0.41875046491622925,0.44005340337753296,-0.0002465158177074045,0.032999537885189056,0.03299953415989876,1.0,3.0,success
3910,-0.41979390382766724,0.44021594524383545,-0.00024675094755366445,0.03300071880221367,0.03300071880221367,1.0,-3.0,success
3911,-0.4208369553089142,0.44038087129592896,-0.00024694818421266973,0.03300030902028084,0.03300030902028084,1.0,-3.0,success
3912,-0.42187973856925964,0.4405474066734314,-0.0002471159677952528,0.032999925315380096,0.032999925315380096,1.0,3.0,success
3913,-0.42190054059028625,0.44055089354515076,-0.00025211210595443845,0.0006773712229914963,0.0006591323181055486,0.0,-3.0,success
3914,-0.42292243242263794,0.44071435928344727,-0.00024667810066603124,0.032340556383132935,0.03234010934829712,1.0,3.0,success
3915,-0.42396554350852966,0.4408787786960602,-0.00024657961330376565,0.0329996794462204,0.0329996794462204,1.0,-3.0,success
3916,-0.42500829696655273,0.4410456120967865,-0.00024679614580236375,0.03300047665834427,0.03300047665834427,1.0,-3.0,success
3917,-0.42605075240135193,0.4412141442298889,-0.00024699378991499543,0.032999709248542786,0.032999709248542786,1.0,3.0,success
3918,-0.4270935356616974,0.44138094782829285,-0.00024713302263990045,0.03300124779343605,0.03300124779343605,1.0,-3.0,success
3919,-0.4281359910964966,0.4415494203567505,-0.0002472636115271598,0.03299941122531891,0.03299941122531891,1.0,3.0,success
3920,-0.4281568229198456,0.44155269861221313,-0.0002522299764677882,0.0006770343752577901,0.0006590059492737055,0.0,-3.0,success
3921,-0.42917823791503906,0.4417189359664917,-0.00024676116299815476,0.03233964741230011,0.032339196652173996,1.0,-3.0,success
3922,-0.43022027611732483,0.44189009070396423,-0.0002466666919644922,0.033000022172927856,0.033000022172927856,1.0,3.0,success
3923,-0.431262731552124,0.44205883145332336,-0.0002468666061758995,0.033000752329826355,0.033000752329826355,1.0,3.0,success
3924,-0.43230557441711426,0.4422250986099243,-0.00024704018142074347,0.03300044313073158,0.03300044313073158,1.0,3.0,success
3925,-0.43334880471229553,0.44238895177841187,-0.0002471798215992749,0.03300061076879501,0.03300061076879501,1.0,3.0,success
3926,-0.43439239263534546,0.4425504505634308,-0.0002472916676197201,0.03300032019615173,0.03300032019615173,1.0,3.0,success
3927,-0.43543633818626404,0.44270962476730347,-0.000247381191002205,0.03300033509731293,0.03300033509731293,1.0,3.0,success
3928,-0.4364805221557617,0.44286713004112244,-0.00024744190159253776,0.032999880611896515,0.032999880611896515,1.0,-3.0,success
3929,-0.4375244379043579,0.4430265426635742,-0.00024751093587838113,0.033000536262989044,0.033000536262989044,1.0,3.0,success
3930,-0.43856868147850037,0.4431836009025574,-0.0002475568908266723,0.03299964219331741,0.03299964219331741,1.0,3.0,success
3931,-0.43961331248283386,0.4433383047580719,-0.0002475932997185737,0.03300075605511665,0.03300075605511665,1.0,3.0,success
3932,-0.4406582713127136,0.4434906840324402,-0.00024762246175669134,0.03300033137202263,0.03300033137202263,1.0,3.0,success
3933,-0.4417034387588501,0.44364145398139954,-0.00024763483088463545,0.032999563962221146,0.032999563962221146,1.0,-3.0,success
3934,-0.44274821877479553,0.44379478693008423,-0.0002476541558280587,0.03299911320209503,0.03299911320209503,1.0,-3.0,success
3935,-0.4437926709651947,0.44395068287849426,-0.00024767033755779266,0.03300070762634277,0.03300070762634277,1.0,-3.0,success
3936,-0.44483682513237,0.44410836696624756,-0.0002476937952451408,0.03299979493021965,0.03299979493021965,1.0,3.0,success
3937,-0.4448576867580414,0.44411134719848633,-0.000252573867328465,0.0006759717362001538,0.0006585444789379835,0.0,-3.0,success
3938,-0.4458808898925781,0.4442662298679352,-0.0002470477484166622,0.032339807599782944,0.032339345663785934,1.0,3.0,success
3939,-0.4469253420829773,0.4444219768047333,-0.0002468750171829015,0.033000022172927856,0.033000022172927856,1.0,-3.0,success
3940,-0.447969526052475,0.44457948207855225,-0.00024704268435016274,0.032999880611896515,0.032999880611896515,1.0,3.0,success
3941,-0.4490140974521637,0.4447346031665802,-0.00024718142230995,0.033000826835632324,0.033000823110342026,1.0,3.0,success
3942,-0.45005887746810913,0.44488799571990967,-0.00024728235439397395,0.03299938887357712,0.03299938887357712,1.0,-3.0,success
3943,-0.45110341906547546,0.4450431764125824,-0.00024738319916650653,0.03300017863512039,0.03300017863512039,1.0,3.0,success
3944,-0.4521481990814209,0.4451966881752014,-0.00024744425900280476,0.032999929040670395,0.032999929040670395,1.0,-3.0,success
3945,-0.4531926214694977,0.4453526437282562,-0.00024750217562541366,0.03300006315112114,0.03300006315112114,1.0,-3.0,success
3946,-0.4542366862297058,0.4455111026763916,-0.00024754912010394037,0.033000655472278595,0.033000655472278595,1.0,-3.0,success
3947,-0.454257607460022,0.44551384449005127,-0.0002524790179450065,0.0006771372864022851,0.000659378943964839,0.0,3.0,success
3948,-0.45528069138526917,0.44566959142684937,-0.00024695045431144536,0.03234018012881279,0.03233971819281578,1.0,-3.0,success
3949,-0.45632436871528625,0.4458305537700653,-0.0002468079037498683,0.03300051763653755,0.03300051763653755,1.0,-3.0,success
3950,-0.45634523034095764,0.44583359360694885,-0.0002518717374186963,0.000677549047395587,0.0006588104879483581,0.0,3.0,success
3951,-0.45736798644065857,0.44599172472953796,-0.00024646383826620877,0.032341331243515015,0.0323408879339695,1.0,-3.0,success
3952,-0.45841139554977417,0.4461543560028076,-0.000246428360696882,0.03300022706389427,0.03300022706389427,1.0,3.0,success
3953,-0.45945510268211365,0.4463151693344116,-0.00024666631361469626,0.03300073370337486,0.033000729978084564,1.0,-3.0,success
3954,-0.46049854159355164,0.44647762179374695,-0.00024688951089046896,0.03300028666853905,0.03300028666853905,1.0,3.0,success
3955,-0.4615423381328583,0.4466376006603241,-0.00024705930263735354,0.03299953415989876,0.03299953043460846,1.0,3.0,success
3956,-0.46258655190467834,0.4467950463294983,-0.0002471949264872819,0.03300052508711815,0.03300052508711815,1.0,3.0,success
3957,-0.4636310040950775,0.4469507932662964,-0.0002472932101227343,0.033000022172927856,0.033000022172927856,1.0,-3.0,success
3958,-0.46467509865760803,0.44710901379585266,-0.0002473813365213573,0.033000461757183075,0.033000461757183075,1.0,-3.0,success
3959,-0.4657188951969147,0.4472689628601074,-0.0002474626526236534,0.032999392598867416,0.032999392598867416,1.0,3.0,success
3960,-0.46676310896873474,0.4474264979362488,-0.0002475178916938603,0.03300094231963158,0.03300094231963158,1.0,3.0,success
3961,-0.4678075313568115,0.44758227467536926,-0.0002475515357218683,0.03299923613667488,0.03299923613667488,1.0,-3.0,success
3962,-0.4688517153263092,0.4477398097515106,-0.0002475984219927341,0.033000022172927856,0.033000022172927856,1.0,3.0,success
3963,-0.4698961675167084,0.4478956460952759,-0.00024761640815995634,0.03300043195486069,0.03300043195486069,1.0,-3.0,success
3964,-0.4709402322769165,0.44805392622947693,-0.0002476398949511349,0.03299981728196144,0.03299981728196144,1.0,-3.0,success
3965,-0.471983939409256,0.44821465015411377,-0.00024765930720604956,0.03300030529499054,0.03300030529499054,1.0,-3.0,success
3966,-0.4730272591114044,0.448377788066864,-0.0002476749650668353,0.032999906688928604,0.032999906688928604,1.0,-3.0,success
3967,-0.47407031059265137,0.44854259490966797,-0.00024769725860096514,0.03299972414970398,0.03299972414970398,1.0,3.0,success
3968,-0.4751136600971222,0.4487055540084839,-0.00024769571609795094,0.03299996629357338,0.03299996629357338,1.0,-3.0,success
3969,-0.47615674138069153,0.4488702118396759,-0.00024771349853836,0.0329999178647995,0.0329999178647995,1.0,3.0,success
3970,-0.4772002100944519,0.44903236627578735,-0.0002477183297742158,0.03299977630376816,0.03299977630376816,1.0,3.0,success
3971,-0.4772211015224457,0.4490354061126709,-0.0002525929012335837,0.0006770900799892843,0.000659732089843601,0.0,-3.0,success
3972,-0.4782436490058899,0.44919466972351074,-0.0002470629697199911,0.032340336591005325,0.032339874655008316,1.0,3.0,success
3973,-0.47928741574287415,0.4493548572063446,-0.00024688724079169333,0.03299959748983383,0.03299959748983383,1.0,-3.0,success
3974,-0.48033082485198975,0.44951748847961426,-0.0002470419567544013,0.03300022706389427,0.03300022706389427,1.0,-3.0,success
3975,-0.4813738465309143,0.4496826231479645,-0.0002471802872605622,0.033000409603118896,0.033000409603118896,1.0,-3.0,success
3976,-0.4824164807796478,0.4498501718044281,-0.00024729184224270284,0.03300033509731293,0.03300033509731293,1.0,-3.0,success
3977,-0.48345884680747986,0.45001938939094543,-0.0002473908825777471,0.03300037607550621,0.03300037607550621,1.0,3.0,success
3978,-0.48450160026550293,0.4501861035823822,-0.00024746026610955596,0.03299988433718681,0.03299988433718681,1.0,3.0,success
3979,-0.4845225512981415,0.4501885771751404,-0.00025239778915420175,0.0006770826294086874,0.0006592671270482242,0.0,3.0,success
3980,-0.48554515838623047,0.4503474533557892,-0.0002468957973178476,0.032340310513973236,0.032339852303266525,1.0,3.0,success
3981,-0.4865889847278595,0.45050719380378723,-0.0002467530139256269,0.032999325543642044,0.032999325543642044,1.0,-3.0,success
3982,-0.48763248324394226,0.45066940784454346,-0.0002469346218276769,0.03300097957253456,0.03300097957253456,1.0,-3.0,success
3983,-0.4886755645275116,0.4508340656757355,-0.0002470944600645453,0.0329999215900898,0.0329999178647995,1.0,-3.0,success
3984,-0.4897182881832123,0.4510011374950409,-0.0002472231863066554,0.03300073370337486,0.03300073370337486,1.0,-3.0,success
3985,-0.4907607138156891,0.4511699080467224,-0.0002473359927535057,0.03299998119473457,0.032999977469444275,1.0,3.0,success
3986,-0.49180352687835693,0.451336145401001,-0.00024741634842939675,0.03299937769770622,0.03299937769770622,1.0,3.0,success
3987,-0.49284666776657104,0.4515005648136139,-0.0002474704524502158,0.03300059959292412,0.03300059959292412,1.0,-3.0,success
3988,-0.49388939142227173,0.4516674280166626,-0.0002475232759024948,0.03299970552325249,0.03299970552325249,1.0,-3.0,success
3989,-0.4949318468570709,0.4518360197544098,-0.00024757604114711285,0.03300000727176666,0.03300000727176666,1.0,3.0,success
3990,-0.49597471952438354,0.4520021080970764,-0.00024760846281424165,0.033000484108924866,0.033000484108924866,1.0,3.0,success
3991,-0.4970179498195648,0.45216575264930725,-0.0002476341323927045,0.03299959748983383,0.03299959748983383,1.0,3.0,success
3992,-0.4970388412475586,0.45216861367225647,-0.0002525254967622459,0.0006764470599591732,0.0006589506519958377,0.0,-3.0,success
3993,-0.49703893065452576,0.45216795802116394,-0.00025189254665747285,2.8615475457627326e-05,2.0678717191913165e-05,0.0,3.0,success
3994,-0.49806153774261475,0.4523266851902008,-0.0002461924450471997,0.03233962878584862,0.03233913704752922,1.0,3.0,success
3995,-0.4991055428981781,0.452485591173172,-0.00024618624593131244,0.03300091251730919,0.03300091251730919,1.0,3.0,success
3996,-0.5001497864723206,0.4526428282260895,-0.00024647091049700975,0.03300047665834427,0.03300047665834427,1.0,-3.0,success
3997,-0.5001501441001892,0.45264261960983276,-0.00025170654407702386,0.00016412432887591422,1.2938346117152832e-05,0.0,0.0,success
3998,-0.5011729598045349,0.4527996778488159,-0.00024624590878374875,0.03233807161450386,0.032337624579668045,1.0,-3.0,success
3999,-0.5022164583206177,0.4529615342617035,-0.0002462504489813,0.03299926593899727,0.03299926593899727,1.0,3.0,success
4000,-0.5032602548599243,0.4531216621398926,-0.000246523559326306,0.03300023823976517,0.03300023823976517,1.0,-3.0,success
4001,-0.5043036937713623,0.45328423380851746,-0.0002467652375344187,0.03300086036324501,0.03300086036324501,1.0,-3.0,success
4002,-0.5053467154502869,0.4534492492675781,-0.0002469598257448524,0.032999828457832336,0.032999828457832336,1.0,-3.0,success
4003,-0.5063893795013428,0.4536166489124298,-0.0002471156185492873,0.03300051391124725,0.03300051391124725,1.0,-3.0,success
4004,-0.5074317455291748,0.4537856876850128,-0.00024724993272684515,0.03299948200583458,0.03299948200583458,1.0,3.0,success
4005,-0.5084745287895203,0.45395222306251526,-0.00024734745966270566,0.032999925315380096,0.032999925315380096,1.0,3.0,success
4006,-0.5095176100730896,0.45411694049835205,-0.0002474153880029917,0.03300020843744278,0.03300020843744278,1.0,-3.0,success
4007,-0.5095384120941162,0.454120397567749,-0.00025236033252440393,0.0006768549792468548,0.0006589789409190416,0.0,-3.0,success
4008,-0.5105599164962769,0.45428624749183655,-0.0002468771708663553,0.03234046697616577,0.03234001249074936,1.0,3.0,success
4009,-0.5116027593612671,0.45445239543914795,-0.0002467487647663802,0.032999858260154724,0.032999858260154724,1.0,3.0,success
4010,-0.5126460194587708,0.45461612939834595,-0.00024693203158676624,0.03300095349550247,0.03300095349550247,1.0,3.0,success
4011,-0.5136895179748535,0.45477816462516785,-0.0002470821200404316,0.03300012648105621,0.03300012648105621,1.0,-3.0,success
4012,-0.5147327184677124,0.4549420177936554,-0.0002472230698913336,0.03299969062209129,0.03299969062209129,1.0,3.0,success
4013,-0.5157763361930847,0.45510348677635193,-0.00024732653400860727,0.03300109878182411,0.03300109878182411,1.0,3.0,success
4014,-0.5157972574234009,0.4551061689853668,-0.00025227959849871695,0.0006770692416466773,0.0006591395358555019,0.0,-3.0,success
4015,-0.5168198943138123,0.4552648961544037,-0.0002468123857397586,0.032340507954359055,0.03234005719423294,1.0,3.0,success
4016,-0.5178638696670532,0.45542389154434204,-0.00024669733829796314,0.033000413328409195,0.033000413328409195,1.0,3.0,success
4017,-0.5189082026481628,0.45558056235313416,-0.0002468912280164659,0.033000607043504715,0.033000607043504715,1.0,3.0,success
4018,-0.5199528336524963,0.45573490858078003,-0.00024706029216758907,0.03299912065267563,0.03299912065267563,1.0,3.0,success
4019,-0.5209977626800537,0.45588767528533936,-0.0002471851767040789,0.03300115838646889,0.03300115838646889,1.0,-3.0,success
4020,-0.5220422744750977,0.45604297518730164,-0.0002472945488989353,0.032999806106090546,0.032999806106090546,1.0,-3.0,success
4021,-0.5230864882469177,0.45620015263557434,-0.0002473933855071664,0.032999273389577866,0.032999273389577866,1.0,3.0,success
4022,-0.5241311192512512,0.45635494589805603,-0.0002474627399351448,0.033001165837049484,0.033001165837049484,1.0,3.0,success
4023,-0.525175929069519,0.45650801062583923,-0.0002475073270034045,0.03299881890416145,0.03299881890416145,1.0,-3.0,success
4024,-0.526220440864563,0.4566636085510254,-0.00024755243794061244,0.03300117701292038,0.03300117701292038,1.0,-3.0,success
4025,-0.5272645950317383,0.4568210244178772,-0.00024759952793829143,0.03299854323267937,0.03299854323267937,1.0,3.0,success
4026,-0.5283091068267822,0.45697668194770813,-0.00024761733948253095,0.03300144895911217,0.03300144895911217,1.0,-3.0,success
4027,-0.5293532609939575,0.45713406801223755,-0.0002476510126143694,0.032998405396938324,0.032998405396938324,1.0,3.0,success
4028,-0.5303977727890015,0.45728975534439087,-0.00024765852140262723,0.03300158679485321,0.03300158306956291,1.0,-3.0,success
4029,-0.531441867351532,0.4574478566646576,-0.00024767365539446473,0.03299989923834801,0.03299989923834801,1.0,-3.0,success
4030,-0.5324856638908386,0.4576076865196228,-0.0002476963272783905,0.03299882635474205,0.03299882635474205,1.0,3.0,success
4031,-0.5335298776626587,0.4577650725841522,-0.0002477046800777316,0.033000245690345764,0.033000245690345764,1.0,3.0,success
4032,-0.5345743298530579,0.4579206705093384,-0.00024770095478743315,0.03299933299422264,0.03299933299422264,1.0,-3.0,success
4033,-0.5356185436248779,0.4580780267715454,-0.0002477178641129285,0.03300010785460472,0.03300010785460472,1.0,3.0,success
4034,-0.5366629958152771,0.45823365449905396,-0.0002477119560353458,0.032999470829963684,0.032999470829963684,1.0,-3.0,success
4035,-0.5377071499824524,0.4583917260169983,-0.00024771635071374476,0.0330016054213047,0.033001601696014404,1.0,-3.0,success
4036,-0.5387508869171143,0.4585522413253784,-0.0002477204834576696,0.03300023451447487,0.03300023451447487,1.0,-3.0,success
4037,-0.5397943258285522,0.45871448516845703,-0.00024773369659669697,0.03299928456544876,0.03299928456544876,1.0,3.0,success
4038,-0.5408381819725037,0.4588741958141327,-0.00024773445329628885,0.03300010412931442,0.03300010412931442,1.0,3.0,success
4039,-0.5418823957443237,0.45903143286705017,-0.0002477348316460848,0.03299955278635025,0.03299955278635025,1.0,3.0,success
4040,-0.5429268479347229,0.4591869115829468,-0.00024772496544755995,0.032998789101839066,0.03299878537654877,1.0,-3.0,success
4041,-0.5429478287696838,0.459189236164093,-0.00025261935661546886,0.0006771624321117997,0.0006596630555577576,0.0,3.0,success
4042,-0.5439713597297668,0.4593421518802643,-0.00024706264957785606,0.03234080225229263,0.032340336591005325,1.0,-3.0,success
4043,-0.5450154542922974,0.45950037240982056,-0.00024689731071703136,0.033000461757183075,0.033000461757183075,1.0,-3.0,success
4044,-0.546059250831604,0.4596603214740753,-0.0002470607287250459,0.032999392598867416,0.032999392598867416,1.0,3.0,success
4045,-0.5471034646034241,0.4598177671432495,-0.00024719556677155197,0.03300052508711815,0.03300052508711815,1.0,3.0,success
4046,-0.5481480360031128,0.4599727392196655,-0.00024730386212468147,0.033000145107507706,0.033000145107507706,1.0,3.0,success
4047,-0.5491928458213806,0.46012595295906067,-0.0002473803178872913,0.03299949690699577,0.03299949690699577,1.0,-3.0,success
4048,-0.5502374172210693,0.46028098464012146,-0.0002474615175742656,0.03300041705369949,0.03300041705369949,1.0,3.0,success
4049,-0.5512822270393372,0.46043428778648376,-0.0002475069195497781,0.032999902963638306,0.03299989923834801,1.0,-3.0,success
4050,-0.5523266792297363,0.46059003472328186,-0.0002475523215252906,0.033000022172927856,0.033000022172927856,1.0,-3.0,success
4051,-0.5533708930015564,0.4607475697994232,-0.0002475993533153087,0.03300094231963158,0.03300094231963158,1.0,3.0,success
4052,-0.5544154047966003,0.4609026610851288,-0.00024762717657722533,0.03299884498119354,0.03299884498119354,1.0,3.0,success
4053,-0.5554603338241577,0.46105527877807617,-0.00024764914996922016,0.033000487834215164,0.033000487834215164,1.0,3.0,success
4054,-0.5565056204795837,0.46120548248291016,-0.0002476668742019683,0.033000729978084564,0.033000729978084564,1.0,3.0,success
4055,-0.5575512051582336,0.4613533318042755,-0.00024768116418272257,0.032999563962221146,0.032999563962221146,1.0,3.0,success
4056,-0.5575721859931946,0.4613555371761322,-0.0002525629533920437,0.0006766840233467519,0.000659263227134943,0.0,-3.0,success
4057,-0.5585966110229492,0.461501806974411,-0.000247027026489377,0.032338421791791916,0.03233795985579491,1.0,-3.0,success
4058,-0.5596417784690857,0.4616526663303375,-0.00024687949917279184,0.03299996256828308,0.03299996256828308,1.0,3.0,success
4059,-0.5596628785133362,0.4616544246673584,-0.00025191958411596715,0.0006801496492698789,0.0006616619066335261,0.0,3.0,success
4060,-0.5606876015663147,0.4618036150932312,-0.0002464983263053,0.03236064687371254,0.03236020356416702,1.0,-3.0,success
4061,-0.561733067035675,0.46195247769355774,-0.0002464591816533357,0.03300032764673233,0.03300032764673233,1.0,3.0,success
4062,-0.5627788305282593,0.4620996117591858,-0.00024669081903994083,0.03300197795033455,0.03300197795033455,1.0,-3.0,success
4063,-0.5638242959976196,0.4622485041618347,-0.00024690935970284045,0.033000458031892776,0.033000458031892776,1.0,3.0,success
4064,-0.5648700594902039,0.46239495277404785,-0.000247075455263257,0.03299900144338608,0.03299900144338608,1.0,3.0,success
4065,-0.565916121006012,0.4625397026538849,-0.0002471976913511753,0.03300090506672859,0.03300090506672859,1.0,-3.0,success
4066,-0.5669618844985962,0.4626862406730652,-0.0002473154745530337,0.03299938887357712,0.03299938887357712,1.0,3.0,success
4067,-0.5680080056190491,0.4628303647041321,-0.000247400370426476,0.033000074326992035,0.033000074326992035,1.0,3.0,success
4068,-0.569054365158081,0.4629727900028229,-0.0002474574721418321,0.03300025314092636,0.03300025314092636,1.0,-3.0,success
4069,-0.5701004862785339,0.46311700344085693,-0.00024752324679866433,0.033000458031892776,0.033000458031892776,1.0,3.0,success
4070,-0.5711469054222107,0.46325886249542236,-0.00024756655329838395,0.03299972042441368,0.03299971669912338,1.0,3.0,success
4071,-0.5721936821937561,0.4633983075618744,-0.0002476008958183229,0.03300074487924576,0.03300074487924576,1.0,3.0,success
4072,-0.5732407569885254,0.4635353982448578,-0.00024762842804193497,0.03300034627318382,0.033000342547893524,1.0,3.0,success
4073,-0.574288010597229,0.4636708199977875,-0.00024763966212049127,0.03299915790557861,0.03299915790557861,1.0,-3.0,success
4074,-0.5753349661827087,0.4638088047504425,-0.00024765811394900084,0.033000290393829346,0.033000290393829346,1.0,-3.0,success
4075,-0.5763816833496094,0.46394863724708557,-0.00024768407456576824,0.03300049901008606,0.03300049901008606,1.0,3.0,success
4076,-0.5774286985397339,0.46408605575561523,-0.0002476951340213418,0.032999832183122635,0.032999832183122635,1.0,3.0,success
4077,-0.5774496793746948,0.4640883207321167,-0.00025257430388592184,0.0006768578314222395,0.0006594605511054397,0.0,-3.0,success
4078,-0.57744961977005,0.4640882611274719,-0.0002519206318538636,2.0596393369487487e-05,2.6341779175709235e-06,0.0,-3.0,success
4079,-0.5784751772880554,0.46422645449638367,-0.000246213108766824,0.032338812947273254,0.032338324934244156,1.0,-3.0,success
4080,-0.5795215368270874,0.4643690884113312,-0.00024621374905109406,0.0330011323094368,0.0330011323094368,1.0,3.0,success
4081,-0.5805681943893433,0.4645093083381653,-0.00024650379782542586,0.03300026059150696,0.03300026059150696,1.0,3.0,success
4082,-0.5816152095794678,0.4646470844745636,-0.0002467501035425812,0.033001285046339035,0.033001285046339035,1.0,3.0,success
4083,-0.5826624035835266,0.4647831916809082,-0.00024693732848390937,0.03300006315112114,0.03300006315112114,1.0,-3.0,success
4084,-0.5826834440231323,0.46478044986724854,-0.0002519924601074308,0.0006816311506554484,0.0006630728603340685,0.0,3.0,success
4085,-0.5837095975875854,0.46491891145706177,-0.0002465558936819434,0.03235834836959839,0.03235790133476257,1.0,-3.0,success
4086,-0.5847564339637756,0.4650578498840332,-0.00024649439728818834,0.033000506460666656,0.033000506460666656,1.0,-3.0,success
4087,-0.5858030319213867,0.4651985466480255,-0.0002467386657372117,0.033000398427248,0.033000398427248,1.0,3.0,success
4088,-0.5868498682975769,0.46533745527267456,-0.0002469283062964678,0.03300038352608681,0.03300038352608681,1.0,-3.0,success
4089,-0.5868501663208008,0.46533772349357605,-0.0002520730486139655,0.00016126068658195436,1.2529662853921764e-05,0.0,0.0,success
4090,-0.5878757238388062,0.465475857257843,-0.00024655036395415664,0.03233853355050087,0.03233807533979416,1.0,3.0,success
4091,-0.5889226794242859,0.4656137228012085,-0.00024648290127515793,0.032999806106090546,0.032999806106090546,1.0,3.0,success
4092,-0.5899699330329895,0.4657491147518158,-0.0002467191079631448,0.03299903869628906,0.03299903869628906,1.0,3.0,success
4093,-0.5910174250602722,0.465882807970047,-0.0002469118626322597,0.032999664545059204,0.032999664545059204,1.0,-3.0,success
4094,-0.592064619064331,0.46601900458335876,-0.0002470762701705098,0.03300042450428009,0.03300042450428009,1.0,-3.0,success
4095,-0.5931115746498108,0.4661569893360138,-0.0002472186752129346,0.033000290393829346,0.033000290393829346,1.0,3.0,success
4096,-0.5941588282585144,0.4662925601005554,-0.00024732283782213926,0.03299975395202637,0.03299975395202637,1.0,3.0,success
4097,-0.5952063202857971,0.46642637252807617,-0.0002473955391906202,0.03300013765692711,0.03300013765692711,1.0,-3.0,success
4098,-0.596253514289856,0.4665626585483551,-0.00024746317649260163,0.03300078585743904,0.03300078585743904,1.0,-3.0,success
4099,-0.5962744355201721,0.4665655195713043,-0.00025239895330742,0.0006776605732738972,0.0006598734180442989,0.0,-3.0,success
4100,-0.5962744355201721,0.4665653109550476,-0.00025179158546961844,2.0068642697879113e-05,6.519257567560999e-06,0.0,3.0,success
4101,-0.5973002910614014,0.4667012095451355,-0.0002461114781908691,0.032338544726371765,0.03233805671334267,1.0,3.0,success
4102,-0.5983474254608154,0.46683746576309204,-0.0002461110707372427,0.032998815178871155,0.032998815178871155,1.0,-3.0,success
4103,-0.5993944406509399,0.46697545051574707,-0.0002464309218339622,0.03300214186310768,0.03300213813781738,1.0,3.0,success
4104,-0.600441575050354,0.4671117067337036,-0.0002466820296831429,0.03299881890416145,0.032998815178871155,1.0,-3.0,success
4105,-0.601488471031189,0.46725040674209595,-0.0002468927123118192,0.0330013744533062,0.0330013744533062,1.0,-3.0,success
4106,-0.6025350093841553,0.4673915505409241,-0.0002470618346706033,0.033000413328409195,0.033000413328409195,1.0,-3.0,success
4107,-0.6035812497138977,0.4675350785255432,-0.00024719725479371846,0.03300122916698456,0.03300122916698456,1.0,-3.0,success
4108,-0.6046271920204163,0.46768027544021606,-0.00024731518351472914,0.032999131828546524,0.032999128103256226,1.0,3.0,success
4109,-0.6046481728553772,0.4676826000213623,-0.0002522819850128144,0.0006776771042495966,0.0006596630555577576,0.0,3.0,success
4110,-0.6046481132507324,0.46768251061439514,-0.0002516864042263478,1.8912389350589365e-05,3.3579310638742754e-06,0.0,3.0,success
4111,-0.6056740880012512,0.4678179621696472,-0.0002460267278365791,0.0323403999209404,0.0323399156332016,1.0,3.0,success
4112,-0.6067212820053101,0.46795377135276794,-0.0002460433170199394,0.032998863607645035,0.032998863607645035,1.0,-3.0,success
4113,-0.6077683568000793,0.46809127926826477,-0.00024637673050165176,0.03300204500555992,0.03300204128026962,1.0,3.0,success
4114,-0.6077893972396851,0.4680930972099304,-0.0002515312808100134,0.0006793367210775614,0.0006599634070880711,0.0,3.0,success
4115,-0.6077894568443298,0.4680927097797394,-0.0002510863705538213,1.852995774243027e-05,1.2249635801708791e-05,0.0,3.0,success
4116,-0.6088163256645203,0.46822085976600647,-0.00024554686388000846,0.032339032739400864,0.032338570803403854,1.0,3.0,success
4117,-0.6098645925521851,0.46834853291511536,-0.0002456696820445359,0.033000409603118896,0.033000409603118896,1.0,3.0,success
4118,-0.6098856925964355,0.46834975481033325,-0.00025095121236518025,0.0006807907484471798,0.0006604810478165746,0.0,3.0,success
4119,-0.6109133958816528,0.468475341796875,-0.0002457245718687773,0.03235504776239395,0.032354630529880524,1.0,-3.0,success
4120,-0.6119619011878967,0.46860095858573914,-0.00024583944468759,0.03300010412931442,0.03300010412931442,1.0,3.0,success
4121,-0.6130106449127197,0.46872490644454956,-0.0002461951517034322,0.033001337200403214,0.033001337200403214,1.0,-3.0,success
4122,-0.6140590906143188,0.4688512980937958,-0.0002465025754645467,0.033001139760017395,0.033001139760017395,1.0,-3.0,success
4123,-0.6151071786880493,0.46898016333580017,-0.00024674972519278526,0.032999392598867416,0.032999392598867416,1.0,-3.0,success
4124,-0.6161550283432007,0.46911147236824036,-0.00024694757303223014,0.033001404255628586,0.033001404255628586,1.0,-3.0,success
4125,-0.617202639579773,0.46924442052841187,-0.0002471155603416264,0.03300042077898979,0.03300042077898979,1.0,3.0,success
4126,-0.6182504296302795,0.4693755805492401,-0.00024723054957576096,0.03299897536635399,0.03299897536635399,1.0,-3.0,success
4127,-0.6192980408668518,0.4695083796977997,-0.0002473415224812925,0.03299983590841293,0.03299983590841293,1.0,3.0,success
4128,-0.6203458905220032,0.469639390707016,-0.000247411138843745,0.033000245690345764,0.033000245690345764,1.0,-3.0,success
4129,-0.6213935613632202,0.4697721004486084,-0.0002474859938956797,0.033001333475112915,0.033001333475112915,1.0,3.0,success
4130,-0.6224414110183716,0.46990305185317993,-0.00024752665194682777,0.03300001844763756,0.03300001844763756,1.0,-3.0,success
4131,-0.6234889626502991,0.4700363874435425,-0.0002475683286320418,0.033000100404024124,0.033000100404024124,1.0,-3.0,success
4132,-0.6245362758636475,0.4701714813709259,-0.00024761201348155737,0.03299969434738159,0.03299969434738159,1.0,3.0,success
4133,-0.625583827495575,0.4703047275543213,-0.00024762749671936035,0.03299974650144577,0.03299974650144577,1.0,-3.0,success
4134,-0.6256048083305359,0.4703025221824646,-0.0002525438612792641,0.0006769284373149276,0.000659263227134943,0.0,3.0,success
4135,-0.6256048083305359,0.4703024625778198,-0.0002518938563298434,2.0397876141942106e-05,1.8626450355441193e-06,0.0,3.0,success
4136,-0.6256046891212463,0.4703029990196228,-0.00025106690009124577,3.102791743003763e-05,1.7172738807857968e-05,0.0,-3.0,success
4137,-0.6266312599182129,0.47043392062187195,-0.00024551519891247153,0.0323406383395195,0.03234017267823219,1.0,-3.0,success
4138,-0.6276785731315613,0.4705689251422882,-0.00024565469357185066,0.03299933671951294,0.03299933671951294,1.0,3.0,success
4139,-0.6287262439727783,0.4707014560699463,-0.0002460564428474754,0.033000633120536804,0.033000633120536804,1.0,3.0,success
4140,-0.6287472248077393,0.4707038998603821,-0.0002512636419851333,0.000679845514241606,0.0006600836641155183,0.0,-3.0,success
4141,-0.629773736000061,0.4708349108695984,-0.00024598799063824117,0.032339099794626236,0.03233867511153221,1.0,-3.0,success
4142,-0.6308209300041199,0.47097089886665344,-0.0002460380783304572,0.03299958258867264,0.03299958258867264,1.0,-3.0,success
4143,-0.6318679451942444,0.471108615398407,-0.0002463736745994538,0.033001046627759933,0.033001042902469635,1.0,3.0,success
4144,-0.6318889856338501,0.47111061215400696,-0.00025152877788059413,0.0006798309623263776,0.0006604678928852081,0.0,3.0,success
4145,-0.6329155564308167,0.4712410867214203,-0.00024620050680823624,0.032338835299015045,0.03233840689063072,1.0,3.0,success
4146,-0.6339635252952576,0.4713710844516754,-0.000246207055170089,0.03300002962350845,0.03300002962350845,1.0,3.0,success
4147,-0.6339845657348633,0.47137323021888733,-0.00025136995827779174,0.0006803318974561989,0.000660924066323787,0.0,-3.0,success
4148,-0.6350113749504089,0.4715018570423126,-0.0002460721298120916,0.03233899548649788,0.032338570803403854,1.0,-3.0,success
4149,-0.6360589861869812,0.47163474559783936,-0.00024611566914245486,0.03300018608570099,0.03300018608570099,1.0,3.0,success
4150,-0.6371068358421326,0.47176593542099,-0.0002464159915689379,0.03300094231963158,0.03300094231963158,1.0,-3.0,success
4151,-0.6381543278694153,0.4718995988368988,-0.0002466792066115886,0.03299954906105995,0.03299954906105995,1.0,-3.0,success
4152,-0.6392015814781189,0.4720357060432434,-0.00024689099518582225,0.03300191089510918,0.03300191089510918,1.0,-3.0,success
4153,-0.6402484774589539,0.4721742272377014,-0.00024706058320589364,0.0330006405711174,0.0330006405711174,1.0,-3.0,success
4154,-0.6412950158119202,0.47231513261795044,-0.00024719632347114384,0.032999418675899506,0.032999418675899506,1.0,-3.0,success
4155,-0.6423413157463074,0.4724583625793457,-0.00024730496807023883,0.03300180658698082,0.03300180658698082,1.0,-3.0,success
4156,-0.6433872580528259,0.4726039469242096,-0.0002473919012118131,0.033000800758600235,0.033000800758600235,1.0,-3.0,success
4157,-0.6444329023361206,0.47275111079216003,-0.0002474707143846899,0.03299842029809952,0.03299842029809952,1.0,3.0,success
4158,-0.6454789042472839,0.47289642691612244,-0.0002475146611686796,0.03300148993730545,0.03300148993730545,1.0,-3.0,success
4159,-0.6465245485305786,0.4730440378189087,-0.00024755901540629566,0.03300036862492561,0.03300036862492561,1.0,-3.0,success
4160,-0.6475698947906494,0.47319331765174866,-0.00024760441738180816,0.032998476177453995,0.032998476177453995,1.0,3.0,success
4161,-0.6475908160209656,0.47319573163986206,-0.00025251321494579315,0.0006757673691026866,0.0006581261986866593,0.0,3.0,success
4162,-0.648615837097168,0.4733428657054901,-0.00024697446497157216,0.032360684126615524,0.032360222190618515,1.0,-3.0,success
4163,-0.6496614813804626,0.4734903573989868,-0.0002468297607265413,0.03299985080957413,0.03299984708428383,1.0,-3.0,success
4164,-0.6507068276405334,0.47364023327827454,-0.00024699713685549796,0.033001117408275604,0.033001117408275604,1.0,-3.0,success
4165,-0.6517518162727356,0.4737924635410309,-0.00024714492610655725,0.03300057724118233,0.03300057724118233,1.0,-3.0,success
4166,-0.6527965068817139,0.4739469885826111,-0.0002472639025654644,0.03300178050994873,0.03300178050994873,1.0,-3.0,success
4167,-0.6538407802581787,0.47410380840301514,-0.0002473591302987188,0.03299945592880249,0.03299945592880249,1.0,-3.0,success
4168,-0.6548848152160645,0.4742622375488281,-0.00024744446272961795,0.03299959376454353,0.03299959376454353,1.0,3.0,success
4169,-0.6559291481971741,0.4744187593460083,-0.0002474936773069203,0.0329999141395092,0.0329999141395092,1.0,-3.0,success
4170,-0.6569731831550598,0.4745776057243347,-0.00024754228070378304,0.03300155699253082,0.03300155699253082,1.0,-3.0,success
4171,-0.6569939851760864,0.4745812714099884,-0.00025246263248845935,0.0006777512608096004,0.0006600790657103062,0.0,-3.0,success
4172,-0.6580162644386292,0.4747421145439148,-0.0002469481260050088,0.032339684665203094,0.032339226454496384,1.0,-3.0,success
4173,-0.6590592265129089,0.4749075174331665,-0.00024681605282239616,0.032999880611896515,0.032999880611896515,1.0,3.0,success
4174,-0.6601026058197021,0.47507038712501526,-0.0002469857281539589,0.033000458031892776,0.033000458031892776,1.0,3.0,success
4175,-0.6601234674453735,0.4750736355781555,-0.00025200657546520233,0.0006781817064620554,0.0006597820320166647,0.0,-3.0,success
4176,-0.6611457467079163,0.4752342998981476,-0.00024658252368681133,0.03233880177140236,0.032338354736566544,1.0,-3.0,success
4177,-0.662188708782196,0.47539976239204407,-0.0002465237630531192,0.03300017490983009,0.03300017490983009,1.0,3.0,success
4178,-0.6622095704078674,0.4754030108451843,-0.0002516238600946963,0.0006787589518353343,0.0006597820320166647,0.0,-3.0,success
4179,-0.6632314920425415,0.4755662977695465,-0.00024627556558698416,0.032340578734874725,0.0323401503264904,1.0,-3.0,success
4180,-0.6642739176750183,0.4757351577281952,-0.0002462681441102177,0.03300042450428009,0.03300042450428009,1.0,-3.0,success
4181,-0.6653159260749817,0.4759064316749573,-0.000246547773713246,0.032999709248542786,0.03299970552325249,1.0,-3.0,success
4182,-0.6653367280960083,0.47591033577919006,-0.00025166678824461997,0.0006804829463362694,0.0006614127778448164,0.0,-3.0,success
4183,-0.6663570404052734,0.47608330845832825,-0.0002463113341946155,0.03234013170003891,0.03233969956636429,1.0,-3.0,success
4184,-0.6673977971076965,0.4762619733810425,-0.0002462972479406744,0.03299940377473831,0.03299940377473831,1.0,-3.0,success
4185,-0.6684383153915405,0.47644221782684326,-0.00024658069014549255,0.03300045058131218,0.03300044685602188,1.0,3.0,success
4186,-0.6694791913032532,0.4766206443309784,-0.0002468021120876074,0.03300181403756142,0.03300181403756142,1.0,-3.0,success
4187,-0.6705197095870972,0.47680070996284485,-0.000246998795773834,0.03299949690699577,0.032999493181705475,1.0,3.0,success
4188,-0.6715606451034546,0.47697827219963074,-0.0002471467014402151,0.03299909830093384,0.03299909830093384,1.0,3.0,success
4189,-0.6726020574569702,0.47715336084365845,-0.0002472647756803781,0.0330008827149868,0.0330008827149868,1.0,3.0,success
4190,-0.6736437678337097,0.4773266911506653,-0.00024734908947721124,0.03300100192427635,0.03300100192427635,1.0,-3.0,success
4191,-0.674685001373291,0.4775024652481079,-0.00024742604000493884,0.03299893066287041,0.03299893066287041,1.0,-3.0,success
4192,-0.6757259964942932,0.4776800274848938,-0.0002474983630236238,0.03300093486905098,0.03300093486905098,1.0,3.0,success
4193,-0.6767672300338745,0.4778558313846588,-0.0002475365181453526,0.03299908712506294,0.03299908712506294,1.0,-3.0,success
4194,-0.6778081059455872,0.47803404927253723,-0.0002475761575624347,0.03300071135163307,0.03300071135163307,1.0,-3.0,success
4195,-0.677828848361969,0.47803789377212524,-0.00025248946622014046,0.0006768843741156161,0.0006592402351088822,0.0,-3.0,success
4196,-0.6788480877876282,0.47821691632270813,-0.0002469803730491549,0.03233926743268967,0.032338812947273254,1.0,3.0,success
4197,-0.6798887252807617,0.47839653491973877,-0.0002468312159180641,0.03300078585743904,0.03300078585743904,1.0,3.0,success
4198,-0.6809297800064087,0.4785737097263336,-0.0002469978644512594,0.03300073742866516,0.03300073370337486,1.0,3.0,success
4199,-0.6809506416320801,0.47857677936553955,-0.00025201612152159214,0.0006773490458726883,0.0006589454133063555,0.0,-3.0,success
4200,-0.6809507608413696,0.47857609391212463,-0.0002514851512387395,2.7350206437404267e-05,2.174194378312677e-05,0.0,3.0,success
4201,-0.6819710731506348,0.4787488579750061,-0.0002458553353790194,0.03233908861875534,0.03233861178159714,1.0,-3.0,success
4202,-0.6830118894577026,0.4789274334907532,-0.0002459168608766049,0.03300076723098755,0.03300076723098755,1.0,-3.0,success
4203,-0.6840523481369019,0.47910773754119873,-0.00024627603124827147,0.032998934388160706,0.03299893066287041,1.0,3.0,success
4204,-0.6850931644439697,0.4792862832546234,-0.00024655822198837996,0.03300061076879501,0.033000607043504715,1.0,-3.0,success
4205,-0.6861336827278137,0.4794665575027466,-0.00024680394562892616,0.033000607043504715,0.033000607043504715,1.0,3.0,success
4206,-0.6871746182441711,0.47964438796043396,-0.0002469911123625934,0.033000506460666656,0.033000506460666656,1.0,3.0,success
4207,-0.688215970993042,0.47981974482536316,-0.0002471405314281583,0.033000435680150986,0.033000435680150986,1.0,3.0,success
4208,-0.6882368326187134,0.4798227846622467,-0.0002521309070289135,0.0006770165637135506,0.0006588104879483581,0.0,-3.0,success
4209,-0.6892570853233337,0.47999587655067444,-0.0002466815058141947,0.032338935881853104,0.03233848139643669,1.0,-3.0,success
4210,-0.6902978420257568,0.48017483949661255,-0.0002465925645083189,0.03300097957253456,0.03300097957253456,1.0,-3.0,success
4211,-0.6913382411003113,0.4803555905818939,-0.00024681718787178397,0.03299948200583458,0.03299948200583458,1.0,3.0,success
4212,-0.6923789978027344,0.4805345833301544,-0.0002469909959472716,0.0330011360347271,0.0330011360347271,1.0,-3.0,success
4213,-0.6934192776679993,0.4807159900665283,-0.0002471398620400578,0.032999325543642044,0.032999325543642044,1.0,-3.0,success
4214,-0.6944593191146851,0.4808991253376007,-0.00024726943229325116,0.033001311123371124,0.033001311123371124,1.0,3.0,success
4215,-0.69549959897995,0.48108047246932983,-0.0002473534841556102,0.032999005168676376,0.032999005168676376,1.0,-3.0,success
4216,-0.6965395212173462,0.48126420378685,-0.0002474298526067287,0.0330008789896965,0.0330008789896965,1.0,-3.0,success
4217,-0.6965602040290833,0.4812682569026947,-0.0002523725852370262,0.0006765008438378572,0.0006586314411833882,0.0,-3.0,success
4218,-0.6975783705711365,0.48145347833633423,-0.00024687586119398475,0.03234035521745682,0.03233989700675011,1.0,-3.0,success
4219,-0.6986170411109924,0.4816439151763916,-0.0002467583690304309,0.03299950435757637,0.03299950435757637,1.0,3.0,success
4220,-0.6996561288833618,0.4818325638771057,-0.000246930168941617,0.033002305775880814,0.033002302050590515,1.0,-3.0,success
4221,-0.7006946802139282,0.48202359676361084,-0.0002470906765665859,0.03299920633435249,0.03299920633435249,1.0,-3.0,success
4222,-0.701732873916626,0.4822169542312622,-0.0002472203050274402,0.03300143778324127,0.03300143778324127,1.0,-3.0,success
4223,-0.7027705907821655,0.4824126660823822,-0.00024732411839067936,0.033000342547893524,0.033000342547893524,1.0,-3.0,success
4224,-0.7038078904151917,0.48261070251464844,-0.00024740720982663333,0.03300108015537262,0.03300108015537262,1.0,-3.0,success
4225,-0.7048448324203491,0.4828103184700012,-0.0002474829670973122,0.032999396324157715,0.032999396324157715,1.0,3.0,success
4226,-0.7058822512626648,0.48300737142562866,-0.0002475336368661374,0.032998986542224884,0.032998986542224884,1.0,3.0,success
4227,-0.7069200277328491,0.48320260643959045,-0.00024756434140726924,0.03299941495060921,0.03299941495060921,1.0,-3.0,success
4228,-0.70795738697052,0.48340022563934326,-0.000247598480200395,0.03300046548247337,0.03300046548247337,1.0,-3.0,success
4229,-0.7089943289756775,0.4836001992225647,-0.00024762636166997254,0.03300151228904724,0.03300151228904724,1.0,-3.0,success
4230,-0.710030734539032,0.48380252718925476,-0.0002476488007232547,0.03299906849861145,0.03299906849861145,1.0,-3.0,success
4231,-0.711066722869873,0.48400717973709106,-0.00024766684509813786,0.03300027176737785,0.03300027176737785,1.0,-3.0,success
4232,-0.7121022939682007,0.48421409726142883,-0.0002476813388057053,0.03300127387046814,0.03300127387046814,1.0,-3.0,success
4233,-0.7131373882293701,0.48442333936691284,-0.000247692980337888,0.03300097957253456,0.03300097957253456,1.0,-3.0,success
4234,-0.7141720056533813,0.4846348166465759,-0.00024770235177129507,0.033000294119119644,0.033000290393829346,1.0,-3.0,success
4235,-0.7152061462402344,0.4848485589027405,-0.0002477098605595529,0.03299994766712189,0.03299994766712189,1.0,-3.0,success
4236,-0.7162398099899292,0.4850645363330841,-0.0002477159141562879,0.032999567687511444,0.032999567687511444,1.0,-3.0,success
4237,-0.7172730565071106,0.4852827787399292,-0.0002477207453921437,0.0330013632774353,0.0330013632774353,1.0,-3.0,success
4238,-0.7183058261871338,0.485503226518631,-0.0002477246744092554,0.03300110250711441,0.03300110250711441,1.0,-3.0,success
4239,-0.719338059425354,0.48572590947151184,-0.00024772778851911426,0.03299936652183533,0.03299936652183533,1.0,-3.0,success
4240,-0.7203698754310608,0.4859508275985718,-0.000247730320552364,0.03300142660737038,0.03300142660737038,1.0,-3.0,success
4241,-0.7214011549949646,0.4861779510974884,-0.0002477323287166655,0.03299979865550995,0.03299979865550995,1.0,-3.0,success
4242,-0.7224319577217102,0.4864072799682617,-0.0002477339585311711,0.033000148832798004,0.033000148832798004,1.0,-3.0,success
4243,-0.7234622836112976,0.4866388440132141,-0.00024773526820354164,0.033000845462083817,0.033000845462083817,1.0,-3.0,success
4244,-0.724492073059082,0.4868725836277008,-0.0002477363159414381,0.03299947455525398,0.03299947455525398,1.0,-3.0,success
4245,-0.7255215048789978,0.48710787296295166,-0.0002477459202054888,0.03299933299422264,0.03299933299422264,1.0,3.0,success
4246,-0.7265515923500061,0.48734092712402344,-0.0002477391390129924,0.03300382196903229,0.03300382196903229,1.0,0.0,success
4247,-0.7265720367431641,0.4873458445072174,-0.0002526155731175095,0.0006745465798303485,0.0006571079720743,0.0,-3.0,success
4248,-0.727580726146698,0.48757725954055786,-0.0002470698382239789,0.03234092518687248,0.032340459525585175,1.0,-3.0,success
4249,-0.7286095023155212,0.48781540989875793,-0.00024690397549420595,0.03299940750002861,0.03299940750002861,1.0,-3.0,success
4250,-0.7296378016471863,0.48805585503578186,-0.0002470565086696297,0.033001139760017395,0.033001139760017395,1.0,-3.0,success
4251,-0.7306655049324036,0.48829859495162964,-0.00024719248176552355,0.03299941495060921,0.03299941495060921,1.0,-3.0,success
4252,-0.7316927313804626,0.48854362964630127,-0.00024730199947953224,0.033001478761434555,0.033001478761434555,1.0,-3.0,success
4253,-0.7327195405960083,0.4887901842594147,-0.0002473987406119704,0.032999858260154724,0.032999858260154724,1.0,3.0,success
4254,-0.7337469458580017,0.4890342056751251,-0.00024746620329096913,0.03299958258867264,0.03299958258867264,1.0,3.0,success
4255,-0.7347747683525085,0.4892764091491699,-0.00024751044111326337,0.0329991914331913,0.0329991914331913,1.0,-3.0,success
4256,-0.7358020544052124,0.48952096700668335,-0.0002475554356351495,0.03299983963370323,0.03299983963370323,1.0,-3.0,success
4257,-0.7368289828300476,0.4897671639919281,-0.00024760165251791477,0.03300086781382561,0.03300086781382561,1.0,3.0,success
4258,-0.7378562688827515,0.4900115728378296,-0.00024761923123151064,0.032998763024806976,0.032998763024806976,1.0,-3.0,success
4259,-0.7388831973075867,0.4902576208114624,-0.0002476523513905704,0.032999783754348755,0.032999783754348755,1.0,3.0,success
4260,-0.7399105429649353,0.49050194025039673,-0.00024765971465967596,0.032999925315380096,0.032999925315380096,1.0,-3.0,success
4261,-0.740937352180481,0.4907486140727997,-0.0002476747613400221,0.033000726252794266,0.033000726252794266,1.0,-3.0,success
4262,-0.7419637441635132,0.49099692702293396,-0.00024769711308181286,0.033000051975250244,0.033000051975250244,1.0,3.0,success
4263,-0.7429905533790588,0.49124351143836975,-0.0002476955414749682,0.033000074326992035,0.033000070601701736,1.0,-3.0,success
4264,-0.7440168261528015,0.4914924204349518,-0.0002477034868206829,0.03300081938505173,0.03300081938505173,1.0,-3.0,success
4265,-0.7450425028800964,0.49174368381500244,-0.00024771035532467067,0.033000148832798004,0.033000148832798004,1.0,-3.0,success
4266,-0.7460675835609436,0.49199727177619934,-0.0002477160014677793,0.032999422401189804,0.032999422401189804,1.0,-3.0,success
4267,-0.7470921277999878,0.4922531247138977,-0.0002477206289768219,0.03300023078918457,0.03300023078918457,1.0,-3.0,success
4268,-0.748116135597229,0.4925112724304199,-0.0002477243833709508,0.03300142288208008,0.03300142288208008,1.0,-3.0,success
4269,-0.7481364607810974,0.492516428232193,-0.0002526191819924861,0.0006728948792442679,0.0006552785634994507,0.0,3.0,success
4270,-0.7491399645805359,0.4927697777748108,-0.00024706206750124693,0.032343924045562744,0.032343458384275436,1.0,-3.0,success
4271,-0.7501633763313293,0.4930301010608673,-0.00024689777637831867,0.03300005570054054,0.03300005570054054,1.0,-3.0,success
4272,-0.7511862516403198,0.4932926893234253,-0.00024705170653760433,0.033001337200403214,0.033001337200403214,1.0,-3.0,success
4273,-0.7512064576148987,0.4932986795902252,-0.0002520702255424112,0.0006770153995603323,0.0006586004165001214,0.0,-3.0,success
4274,-0.7522075772285461,0.49356094002723694,-0.0002466338046360761,0.032341115176677704,0.03234066814184189,1.0,-3.0,success
4275,-0.7532286047935486,0.4938305616378784,-0.00024655566085129976,0.03300084173679352,0.03300084173679352,1.0,-3.0,success
4276,-0.7542490363121033,0.4941023886203766,-0.0002467781596351415,0.033000506460666656,0.033000506460666656,1.0,-3.0,success
4277,-0.755268931388855,0.4943764805793762,-0.0002469700702931732,0.03300261124968529,0.03300261124968529,1.0,-3.0,success
4278,-0.7552890181541443,0.49438273906707764,-0.0002520057314541191,0.0006760442047379911,0.0006574741564691067,0.0,-3.0,success
4279,-0.7562872171401978,0.49465620517730713,-0.00024658231995999813,0.03234358876943588,0.03234314173460007,1.0,-3.0,success
4280,-0.7573052644729614,0.4949365556240082,-0.00024652358843013644,0.032998234033584595,0.032998234033584595,1.0,3.0,success
4281,-0.7583240866661072,0.4952143728733063,-0.00024675167514942586,0.03300066664814949,0.03300066664814949,1.0,3.0,success
4282,-0.7593433856964111,0.4954904019832611,-0.00024693828891031444,0.033000390976667404,0.033000390976667404,1.0,-3.0,success
4283,-0.7603622674942017,0.49576807022094727,-0.00024710773141123354,0.033001240342855453,0.033001240342855453,1.0,3.0,success
4284,-0.7613817453384399,0.49604329466819763,-0.00024723392562009394,0.032999224960803986,0.032999224960803986,1.0,3.0,success
4285,-0.7624017000198364,0.4963167905807495,-0.0002473244967404753,0.03299957513809204,0.03299957513809204,1.0,-3.0,success
4286,-0.7634210586547852,0.4965927004814148,-0.0002474064822308719,0.03300121799111366,0.03300121799111366,1.0,-3.0,success
4287,-0.7644398808479309,0.49687066674232483,-0.00024747755378484726,0.033001892268657684,0.033001892268657684,1.0,0.0,success
4288,-0.7654585838317871,0.49714890122413635,-0.00024752545868977904,0.03300050273537636,0.03300050273537636,1.0,-3.0,success
4289,-0.7664766311645508,0.4974294900894165,-0.00024756777565926313,0.03300021216273308,0.03300021216273308,1.0,-3.0,success
4290,-0.7674940228462219,0.4977123737335205,-0.0002476019144523889,0.03299959748983383,0.03299959748983383,1.0,-3.0,success
4291,-0.7685107588768005,0.49799755215644836,-0.0002476293593645096,0.032999154180288315,0.032999154180288315,1.0,-3.0,success
4292,-0.7695268988609314,0.4982850253582001,-0.0002476513618603349,0.03300066664814949,0.03300066664814949,1.0,-3.0,success
4293,-0.7705423831939697,0.49857470393180847,-0.00024766905698925257,0.03299979493021965,0.03299979493021965,1.0,-3.0,success
4294,-0.7715572714805603,0.49886661767959595,-0.000247683230554685,0.033001117408275604,0.033001117408275604,1.0,-3.0,success
4295,-0.7725715041160583,0.4991607666015625,-0.00024769463925622404,0.03300081938505173,0.03300081938505173,1.0,-3.0,success
4296,-0.7735850811004639,0.49945712089538574,-0.00024770377785898745,0.03300041705369949,0.03300041705369949,1.0,-3.0,success
4297,-0.7745981812477112,0.49975496530532837,-0.00024771993048489094,0.03299921751022339,0.03299921751022339,1.0,3.0,success
4298,-0.7746182084083557,0.49976134300231934,-0.00025259534595534205,0.0006742557743564248,0.0006568168173544109,0.0,-3.0,success
4299,-0.7756108641624451,0.500054121017456,-0.00024705330724827945,0.0323420874774456,0.03234162554144859,1.0,-3.0,success
4300,-0.7766231298446655,0.5003549456596375,-0.00024689093697816133,0.03300061076879501,0.03300061076879501,1.0,-3.0,success
4301,-0.7776347398757935,0.5006580352783203,-0.0002470461477059871,0.033001214265823364,0.033001214265823364,1.0,-3.0,success
4302,-0.7786253690719604,0.5009568333625793,-0.00024315326299984008,0.032334938645362854,0.03233471140265465,1.0,-3.0,success
4303,-0.7786256074905396,0.5009571313858032,-0.0002487417950760573,0.00017504840798210353,1.1926747902180068e-05,0.0,0.0,success
4304,-0.7786255478858948,0.5009573698043823,-0.0002487489255145192,7.683113835810218e-06,7.679882401134819e-06,0.0,0.0,success
4305,-0.779615581035614,0.5012587308883667,-0.00024366607249248773,0.03234050050377846,0.03234011307358742,1.0,-3.0,success
4306,-0.7796357274055481,0.5012644529342651,-0.0002490609185770154,0.0006758403033018112,0.0006544752395711839,0.0,3.0,success
4307,-0.7806257605552673,0.5015660524368286,-0.00024419953115284443,0.032342638820409775,0.03234228119254112,1.0,-3.0,success
4308,-0.7816352844238281,0.5018758773803711,-0.0002446073922328651,0.0329999104142189,0.032999906688928604,1.0,-3.0,success
4309,-0.7826440930366516,0.502187967300415,-0.0002452198532409966,0.032999396324157715,0.032999392598867416,1.0,-3.0,success
4310,-0.7836522459983826,0.5025023818016052,-0.00024572372785769403,0.0330013781785965,0.0330013744533062,1.0,-3.0,success
4311,-0.7846596837043762,0.5028189420700073,-0.00024612745619378984,0.033000074326992035,0.033000074326992035,1.0,-3.0,success
4312,-0.7856664061546326,0.5031377673149109,-0.0002464504214003682,0.033000051975250244,0.033000051975250244,1.0,-3.0,success
4313,-0.7866724729537964,0.5034587979316711,-0.0002467087469995022,0.033001407980918884,0.033001404255628586,1.0,-3.0,success
4314,-0.7876778244972229,0.5037820339202881,-0.00024691535509191453,0.033001139760017395,0.033001139760017395,1.0,-3.0,success
4315,-0.7886824607849121,0.5041074156761169,-0.00024708060664124787,0.03300046548247337,0.03300046548247337,1.0,-3.0,success
4316,-0.789686381816864,0.5044350028038025,-0.00024721279623918235,0.033000510185956955,0.033000510185956955,1.0,-3.0,success
4317,-0.7906897664070129,0.5047640800476074,-0.00024732723250053823,0.032999057322740555,0.032999057322740555,1.0,3.0,success
4318,-0.7916938066482544,0.5050912499427795,-0.000247400050284341,0.03300001472234726,0.03300001472234726,1.0,-3.0,success
4319,-0.7926973104476929,0.5054203867912292,-0.0002474720240570605,0.033003177493810654,0.033003177493810654,1.0,0.0,success
4320,-0.793700635433197,0.5057497024536133,-0.0002475213259458542,0.032999612390995026,0.032999612390995026,1.0,-3.0,success
4321,-0.7947032451629639,0.506081223487854,-0.0002475647197570652,0.03299994766712189,0.03299994766712189,1.0,-3.0,success
4322,-0.7957050800323486,0.5064150094985962,-0.00024759970256127417,0.03299925848841667,0.03299925848841667,1.0,-3.0,success
4323,-0.7957248091697693,0.5064222812652588,-0.0002525091404095292,0.0006747539737261832,0.0006570809055119753,0.0,-3.0,success
4324,-0.7967051267623901,0.5067542195320129,-0.00024698470951989293,0.03234391286969185,0.03234345465898514,1.0,-3.0,success
4325,-0.7977046370506287,0.5070949196815491,-0.0002468363963998854,0.0329994261264801,0.0329994261264801,1.0,-3.0,success
4326,-0.7987034320831299,0.5074378252029419,-0.00024700266658328474,0.03300058841705322,0.03300058841705322,1.0,-3.0,success
4327,-0.7997016906738281,0.5077822208404541,-0.000247158546699211,0.03299988433718681,0.03299988433718681,1.0,3.0,success
4328,-0.8007006049156189,0.5081247687339783,-0.0002472650376148522,0.033000484108924866,0.033000484108924866,1.0,-3.0,success
4329,-0.8016987442970276,0.5084695816040039,-0.00024735950864851475,0.03300062194466591,0.03300062194466591,1.0,-3.0,success
4330,-0.8026961088180542,0.508816659450531,-0.0002474355569574982,0.03300093114376068,0.03300093114376068,1.0,-3.0,success
4331,-0.8036926984786987,0.50916588306427,-0.00024749647127464414,0.03300017863512039,0.03300017863512039,1.0,-3.0,success
4332,-0.8046885132789612,0.5095173120498657,-0.00024754522019065917,0.033000193536281586,0.033000193536281586,1.0,-3.0,success
4333,-0.8056835532188416,0.5098709464073181,-0.0002475842775311321,0.03300037607550621,0.03300037607550621,1.0,-3.0,success
4334,-0.8066778182983398,0.5102267265319824,-0.00024761553504504263,0.033000096678733826,0.033000096678733826,1.0,-3.0,success
4335,-0.807671308517456,0.5105846524238586,-0.0002476405643392354,0.03299996629357338,0.03299996629357338,1.0,-3.0,success
4336,-0.808664083480835,0.5109447836875916,-0.0002476606168784201,0.033002372831106186,0.033002372831106186,1.0,-3.0,success
4337,-0.809656023979187,0.5113070011138916,-0.00024767668219283223,0.033000167459249496,0.033000167459249496,1.0,-3.0,success
4338,-0.810647189617157,0.5116713643074036,-0.00024768951698206365,0.03300049901008606,0.03300049901008606,1.0,-3.0,success
4339,-0.810666561126709,0.511679470539093,-0.000252581259701401,0.0006737948278896511,0.0006562249618582428,0.0,-3.0,success
4340,-0.8116362690925598,0.5120413303375244,-0.0002470423642080277,0.032344985753297806,0.0323445200920105,1.0,-3.0,success
4341,-0.8126249313354492,0.5124123692512512,-0.00024688278790563345,0.032999806106090546,0.032999806106090546,1.0,-3.0,success
4342,-0.8136128187179565,0.5127856135368347,-0.0002470398903824389,0.03300142660737038,0.03300142660737038,1.0,-3.0,success
4343,-0.814599871635437,0.5131610035896301,-0.00024717950145713985,0.03300081193447113,0.03300081193447113,1.0,-3.0,success
4344,-0.8155860900878906,0.5135385394096375,-0.0002472918713465333,0.03300035372376442,0.03300035372376442,1.0,-3.0,success
4345,-0.8165714740753174,0.5139181613922119,-0.00024738177307881415,0.03299938514828682,0.03299938514828682,1.0,-3.0,success
4346,-0.8175560832023621,0.5142999291419983,-0.0002474537177477032,0.033000972121953964,0.033000972121953964,1.0,-3.0,success
4347,-0.818540096282959,0.514683187007904,-0.00024751987075433135,0.03300047665834427,0.03300047665834427,1.0,3.0,success
4348,-0.8195248246192932,0.5150645971298218,-0.00024755409685894847,0.0330004058778286,0.0330004058778286,1.0,-3.0,success
4349,-0.8205087184906006,0.5154481530189514,-0.00024759076768532395,0.033000387251377106,0.033000387251377106,1.0,-3.0,success
4350,-0.8214917182922363,0.515833854675293,-0.00024762057000771165,0.032998789101839066,0.032998789101839066,1.0,-3.0,success
4351,-0.82247394323349,0.5162217617034912,-0.0002476444933563471,0.033001504838466644,0.033001501113176346,1.0,-3.0,success
4352,-0.823455274105072,0.5166118144989014,-0.00024766367278061807,0.03300022706389427,0.03300022706389427,1.0,-3.0,success
4353,-0.8244357705116272,0.5170040130615234,-0.0002476790396030992,0.03300084173679352,0.03300083801150322,1.0,-3.0,success
4354,-0.8254153728485107,0.5173983573913574,-0.0002476913505233824,0.032999880611896515,0.032999880611896515,1.0,-3.0,success
4355,-0.8263941407203674,0.5177947878837585,-0.0002477012458257377,0.03300011157989502,0.03300011157989502,1.0,-3.0,success
4356,-0.8273723125457764,0.518192708492279,-0.00024771783500909805,0.03300036862492561,0.03300036862492561,1.0,3.0,success
4357,-0.8283511996269226,0.5185887813568115,-0.00024771239259280264,0.032999373972415924,0.032999373972415924,1.0,-3.0,success
4358,-0.829329252243042,0.5189870595932007,-0.0002477173402439803,0.0330011285841465,0.0330011285841465,1.0,-3.0,success
4359,-0.8303064107894897,0.519387423992157,-0.0002477217640262097,0.0329999141395092,0.0329999141395092,1.0,-3.0,success
4360,-0.8312826752662659,0.51978999376297,-0.0002477254020050168,0.03300027549266815,0.03300027549266815,1.0,-3.0,success
4361,-0.8322580456733704,0.5201947093009949,-0.0002477283705957234,0.03300008922815323,0.03300008922815323,1.0,-3.0,success
4362,-0.8322771191596985,0.5202035307884216,-0.00025261231348849833,0.000674210605211556,0.0006567084928974509,0.0,-3.0,success
4363,-0.8332409858703613,0.5206077098846436,-0.00024702961673028767,0.03266231715679169,0.03266185149550438,1.0,3.0,success
4364,-0.8342156410217285,0.5210141539573669,-0.00024690700229257345,0.033000193536281586,0.033000193536281586,1.0,-3.0,success
4365,-0.8351894021034241,0.521422803401947,-0.0002470604085829109,0.033001020550727844,0.033001020550727844,1.0,-3.0,success
4366,-0.8361622095108032,0.5218336582183838,-0.0002471956249792129,0.033000294119119644,0.033000294119119644,1.0,-3.0,success
4367,-0.8371341228485107,0.5222466588020325,-0.0002473045024089515,0.03300072252750397,0.03300072252750397,1.0,-3.0,success
4368,-0.8381053805351257,0.5226612091064453,-0.00024740074877627194,0.033000845462083817,0.033000845462083817,1.0,3.0,success
4369,-0.8390775918960571,0.5230733156204224,-0.0002474678331054747,0.03299838304519653,0.03299838304519653,1.0,3.0,success
4370,-0.8400505781173706,0.5234836935997009,-0.00024751172168180346,0.03299964591860771,0.03299964591860771,1.0,-3.0,success
4371,-0.8410226702690125,0.523896336555481,-0.00024755645426921546,0.03300149738788605,0.03300149738788605,1.0,-3.0,success
4372,-0.8419937491416931,0.5243111848831177,-0.0002475928049534559,0.032999370247125626,0.03299936652183533,1.0,-3.0,success
4373,-0.8429639339447021,0.5247281789779663,-0.0002476220251992345,0.033000096678733826,0.033000096678733826,1.0,-3.0,success
4374,-0.8439331650733948,0.5251474380493164,-0.00024764551199041307,0.03300075605511665,0.03300075605511665,1.0,-3.0,success
4375,-0.8449015021324158,0.5255687832832336,-0.00024766437127254903,0.033001068979501724,0.033001068979501724,1.0,-3.0,success
4376,-0.8458688855171204,0.5259922742843628,-0.00024767950526438653,0.03300057724118233,0.03300057724118233,1.0,-3.0,success
4377,-0.8458877205848694,0.526001513004303,-0.0002525732561480254,0.0006731908652000129,0.0006555902073159814,0.0,-3.0,success
4378,-0.8468338847160339,0.5264211297035217,-0.00024703569943085313,0.03234541416168213,0.03234495222568512,1.0,-3.0,success
4379,-0.8477982878684998,0.5268512964248657,-0.00024687740369699895,0.03299971669912338,0.03299971669912338,1.0,-3.0,success
4380,-0.848762035369873,0.5272828936576843,-0.0002470444596838206,0.032999251037836075,0.032999251037836075,1.0,3.0,success
4381,-0.8497266173362732,0.5277127027511597,-0.0002471730695106089,0.033000268042087555,0.033000268042087555,1.0,-3.0,success
4382,-0.850690484046936,0.5281440615653992,-0.00024729533470235765,0.03299960494041443,0.03299960494041443,1.0,3.0,success
4383,-0.851655125617981,0.528573751449585,-0.00024737429339438677,0.03300045430660248,0.03300045430660248,1.0,-3.0,success
4384,-0.8526188135147095,0.5290055871009827,-0.0002474467037245631,0.03300059586763382,0.03300059586763382,1.0,-3.0,success
4385,-0.8535815477371216,0.5294396281242371,-0.00024750514421612024,0.03300166875123978,0.03300166875123978,1.0,-3.0,success
4386,-0.8536003828048706,0.5294488668441772,-0.00025243355776183307,0.0006734378403052688,0.0006555902073159814,0.0,-3.0,success
4387,-0.8545418381690979,0.5298787951469421,-0.0002469239116180688,0.03234347328543663,0.03234301507472992,1.0,-3.0,success
4388,-0.8555014729499817,0.5303195714950562,-0.00024678779300302267,0.03300068899989128,0.03300068899989128,1.0,-3.0,success
4389,-0.8564603924751282,0.5307618379592896,-0.0002469728933647275,0.032999858260154724,0.032999854534864426,1.0,3.0,success
4390,-0.8574201464653015,0.5312023162841797,-0.00024711579317227006,0.03300018608570099,0.03300018608570099,1.0,-3.0,success
4391,-0.8583788871765137,0.5316449999809265,-0.00024724003742448986,0.033000241965055466,0.033000241965055466,1.0,-3.0,success
4392,-0.8593366742134094,0.5320898294448853,-0.0002473399508744478,0.033001381903886795,0.0330013781785965,1.0,-3.0,success
4393,-0.860293447971344,0.5325368046760559,-0.0002474199573043734,0.03300098702311516,0.03300098702311516,1.0,-3.0,success
4394,-0.8612492084503174,0.5329858660697937,-0.0002474840439390391,0.032999973744153976,0.032999973744153976,1.0,-3.0,success
4395,-0.8622039556503296,0.5334370732307434,-0.0002475353248883039,0.0329999104142189,0.0329999104142189,1.0,-3.0,success
4396,-0.8631577491760254,0.5338903069496155,-0.00024757639039307833,0.033000100404024124,0.033000100404024124,1.0,-3.0,success
4397,-0.8641108274459839,0.5343450307846069,-0.0002476180379744619,0.03299993649125099,0.03299993649125099,1.0,3.0,success
4398,-0.8641297817230225,0.5343539714813232,-0.00025252430350519717,0.0006726174033246934,0.0006549098179675639,0.0,3.0,success
4399,-0.8650818467140198,0.534803569316864,-0.0002469030732754618,0.03290311247110367,0.03290264308452606,1.0,-3.0,success
4400,-0.8660361170768738,0.5352556705474854,-0.00024685863172635436,0.03299839049577713,0.03299839049577713,1.0,3.0,success
4401,-0.8669912815093994,0.5357061624526978,-0.0002470138715580106,0.033002160489559174,0.033002160489559174,1.0,-3.0,success
4402,-0.8679453730583191,0.5361587405204773,-0.00024715784820728004,0.03299972414970398,0.03299972414970398,1.0,-3.0,success
4403,-0.8688984513282776,0.5366135239601135,-0.00024727408890612423,0.03300074115395546,0.03300074115395546,1.0,-3.0,success
4404,-0.8698504567146301,0.5370704531669617,-0.0002473672211635858,0.032999444752931595,0.032999444752931595,1.0,-3.0,success
4405,-0.8708015084266663,0.537529468536377,-0.00024744178517721593,0.03300086408853531,0.03300086408853531,1.0,-3.0,success
4406,-0.8717517256736755,0.5379903316497803,-0.0002475058427080512,0.03300253674387932,0.03300253674387932,1.0,0.0,success
4407,-0.8727017641067505,0.5384513139724731,-0.0002475484798196703,0.03299913555383682,0.03299913555383682,1.0,-3.0,success
4408,-0.8736510872840881,0.5389137864112854,-0.00024759568623267114,0.032999396324157715,0.032999396324157715,1.0,3.0,success
4409,-0.8746015429496765,0.5393739342689514,-0.0002476237714290619,0.03299949690699577,0.03299949690699577,1.0,3.0,success
4410,-0.8746203780174255,0.5393832325935364,-0.00025251787155866623,0.0006739943055436015,0.0006564125651493669,0.0,-3.0,success
4411,-0.8755515217781067,0.5398349761962891,-0.0002469906467013061,0.0323423370718956,0.03234187886118889,1.0,-3.0,success
4412,-0.8765005469322205,0.5402981042861938,-0.0002468405873514712,0.033000003546476364,0.033000003546476364,1.0,-3.0,success
4413,-0.8774488568305969,0.5407627820968628,-0.0002470153267495334,0.03300119936466217,0.03300119936466217,1.0,3.0,success
4414,-0.8783978819847107,0.541225790977478,-0.00024714958271943033,0.03299836814403534,0.03299836814403534,1.0,-3.0,success
4415,-0.8793459534645081,0.54169100522995,-0.0002472668420523405,0.033001892268657684,0.033001892268657684,1.0,-3.0,success
4416,-0.8802928924560547,0.5421583652496338,-0.0002473612257745117,0.03299974277615547,0.03299974277615547,1.0,-3.0,success
4417,-0.8812387585639954,0.5426279306411743,-0.00024743686662986875,0.03300027176737785,0.03300027176737785,1.0,-3.0,success
4418,-0.8821836113929749,0.5430995225906372,-0.00024749746080487967,0.033000145107507706,0.033000145107507706,1.0,-3.0,success
4419,-0.8821835517883301,0.5431003570556641,-0.00025252855266444385,0.00015938041906338185,2.6143468858208507e-05,0.0,0.0,success
4420,-0.8831084370613098,0.5435649156570435,-0.0002469035389367491,0.032344263046979904,0.0323437862098217,1.0,-3.0,success
4421,-0.8840514421463013,0.5440402030944824,-0.0002467766171321273,0.03300030902028084,0.03300030902028084,1.0,3.0,success
4422,-0.8849952816963196,0.5445138216018677,-0.0002469446917530149,0.033000171184539795,0.033000171184539795,1.0,-3.0,success
4423,-0.8859380483627319,0.5449895262718201,-0.0002471024636179209,0.03299952670931816,0.03299952670931816,1.0,-3.0,success
4424,-0.8859566450119019,0.5449990034103394,-0.0002521226997487247,0.0006708598812110722,0.0006522582843899727,0.0,3.0,success
4425,-0.8868984580039978,0.5454744100570679,-0.0002465720463078469,0.03296917676925659,0.03296872228384018,1.0,-3.0,success
4426,-0.8878402709960938,0.5459520220756531,-0.000246593845076859,0.03299983590841293,0.03299983590841293,1.0,-3.0,success
4427,-0.8887810111045837,0.5464317202568054,-0.00024681250215508044,0.03299950063228607,0.03299950063228607,1.0,-3.0,success
4428,-0.8897210359573364,0.5469129085540771,-0.0002470067411195487,0.03300078213214874,0.03300078213214874,1.0,3.0,success
4429,-0.890661895275116,0.5473924279212952,-0.0002471436164341867,0.03300028294324875,0.03300028294324875,1.0,-3.0,success
4430,-0.8906804919242859,0.5474019050598145,-0.00025215520872734487,0.000670796784106642,0.0006522582843899727,0.0,3.0,success
4431,-0.8916204571723938,0.5478810667991638,-0.0002465979487169534,0.032970771193504333,0.03297031298279762,1.0,-3.0,success
4432,-0.8925603628158569,0.5483624339103699,-0.0002466146252118051,0.03300001472234726,0.03300001472234726,1.0,-3.0,success
4433,-0.893499493598938,0.5488452911376953,-0.0002468383754603565,0.03299972787499428,0.03299972414970398,1.0,3.0,success
4434,-0.8944394588470459,0.5493265390396118,-0.00024700837093405426,0.032999973744153976,0.032999973744153976,1.0,-3.0,success
4435,-0.8953787088394165,0.5498092174530029,-0.0002471637271810323,0.033000487834215164,0.033000487834215164,1.0,3.0,success
4436,-0.896318793296814,0.5502902865409851,-0.0002472689957357943,0.03300074115395546,0.03300074115395546,1.0,-3.0,success
4437,-0.8972577452659607,0.5507735013961792,-0.00024736238992772996,0.03299987316131592,0.03299987316131592,1.0,-3.0,success
4438,-0.8981959223747253,0.5512582063674927,-0.0002474472566973418,0.03299969062209129,0.03299969062209129,1.0,3.0,success
4439,-0.8991349339485168,0.5517413020133972,-0.0002474957727827132,0.03299982473254204,0.03299982473254204,1.0,-3.0,success
4440,-0.9000728726387024,0.5522264838218689,-0.00024754376499913633,0.0329999141395092,0.0329999141395092,1.0,-3.0,success
4441,-0.901009738445282,0.5527138710021973,-0.00024758270592428744,0.033001892268657684,0.033001892268657684,1.0,-3.0,success
4442,-0.9019457101821899,0.5532026886940002,-0.0002476233639754355,0.032997775822877884,0.032997775822877884,1.0,3.0,success
4443,-0.9028826355934143,0.5536898970603943,-0.0002476366644259542,0.03300096094608307,0.03300096094608307,1.0,-3.0,success
4444,-0.9038187265396118,0.5541785955429077,-0.0002476662048138678,0.03299935534596443,0.03299935534596443,1.0,3.0,success
4445,-0.904755711555481,0.5546656250953674,-0.00024767083232291043,0.03300003707408905,0.03300003707408905,1.0,-3.0,success
4446,-0.9050268530845642,0.5554088354110718,-0.00022386857017409056,0.024733852595090866,0.024722665548324585,1.0,3.0,success
