step,x,y,z,speed_3d,speed_xy,command_v,command_w,outcome
0,-4.2401442527771,-1.4926759004592896,-0.010204087942838669,0.0,0.0,0.0,0.0,timeout
1,-4.240156173706055,-1.492685317993164,-0.005283604841679335,0.15376582741737366,0.00047475166502408683,0.0,3.0,timeout
2,-4.24012565612793,-1.491651177406311,-0.004253110848367214,0.04563244432210922,0.0323309600353241,1.0,-3.0,timeout
3,-4.240092754364014,-1.4905956983566284,-0.0034509042743593454,0.04144195094704628,0.03299973905086517,1.0,-3.0,timeout
4,-4.240057468414307,-1.4895402193069458,-0.002809498691931367,0.03861217573285103,0.03300214558839798,1.0,-3.0,timeout
5,-4.24001932144165,-1.4884849786758423,-0.0022965276148170233,0.0366855189204216,0.03299780935049057,1.0,-3.0,timeout
6,-4.239979267120361,-1.4874297380447388,-0.0018862737342715263,0.03540288656949997,0.03300001844763756,1.0,-3.0,timeout
7,-4.239936828613281,-1.4863744974136353,-0.0015581694897264242,0.034558966755867004,0.03300292417407036,1.0,-3.0,timeout
8,-4.239892482757568,-1.4853194952011108,-0.0012957704020664096,0.034001510590314865,0.03299792855978012,1.0,3.0,timeout
9,-4.2398505210876465,-1.4842642545700073,-0.0010858983732759953,0.033647701144218445,0.0330023318529129,1.0,-3.0,timeout
10,-4.239805698394775,-1.483209252357483,-0.0009180621709674597,0.03341277688741684,0.03299855813384056,1.0,-3.0,timeout
11,-4.23975944519043,-1.4821542501449585,-0.0007838416495360434,0.03326597437262535,0.033000487834215164,1.0,3.0,timeout
12,-4.239715099334717,-1.4810991287231445,-0.000676480180118233,0.03317175433039665,0.033001650124788284,1.0,-3.0,timeout
13,-4.239668369293213,-1.4800442457199097,-0.000590626907069236,0.03310631215572357,0.03299742192029953,1.0,-3.0,timeout
14,-4.239619731903076,-1.4789892435073853,-0.000521969748660922,0.03307349979877472,0.03300383314490318,1.0,0.0,timeout
15,-4.239571571350098,-1.4779343605041504,-0.0004670608905144036,0.033044010400772095,0.0329994298517704,1.0,3.0,timeout
16,-4.239524841308594,-1.4768794775009155,-0.00042313264566473663,0.03302596136927605,0.03299742192029953,1.0,-3.0,timeout
17,-4.239476203918457,-1.4758245944976807,-0.00038801037590019405,0.033018358051776886,0.03300011157989502,1.0,-3.0,timeout
18,-4.239424705505371,-1.4747698307037354,-0.00035992165794596076,0.03301230072975159,0.033000633120536804,1.0,-3.0,timeout
19,-4.239371299743652,-1.4737151861190796,-0.0003374576335772872,0.03300733491778374,0.03299987316131592,1.0,-3.0,timeout
20,-4.239315032958984,-1.4726606607437134,-0.00031949198455549777,0.033005569130182266,0.03300079330801964,1.0,-3.0,timeout
21,-4.239256858825684,-1.4716062545776367,-0.00030512388912029564,0.03300335630774498,0.03300030529499054,1.0,-3.0,timeout
22,-4.239255428314209,-1.4715851545333862,-0.000298513361485675,0.0006924236076883972,0.0006608899566344917,0.0,-3.0,timeout
23,-4.239192962646484,-1.4705522060394287,-0.0002837783540599048,0.032341890037059784,0.03233860805630684,1.0,-3.0,timeout
24,-4.239191055297852,-1.4705311059951782,-0.00028114262386225164,0.0006671687588095665,0.00066206487827003,0.0,-3.0,timeout
25,-4.239123821258545,-1.4694983959197998,-0.0002698709140531719,0.03234243020415306,0.032340507954359055,1.0,-3.0,timeout
26,-4.2391228675842285,-1.4694981575012207,-0.00027012155624106526,3.170234413119033e-05,3.0719529604539275e-05,0.0,0.0,timeout
27,-4.239051818847656,-1.4684656858444214,-0.0002609589428175241,0.03234230726957321,0.032341040670871735,1.0,-3.0,timeout
28,-4.238978862762451,-1.4674122333526611,-0.0002580070577096194,0.032999370247125626,0.03299923986196518,1.0,-3.0,timeout
29,-4.238903999328613,-1.4663589000701904,-0.0002559454005677253,0.032999757677316666,0.03299969807267189,1.0,3.0,timeout
30,-4.238831520080566,-1.465305209159851,-0.00025429605739191175,0.03300568833947182,0.033005643635988235,1.0,0.0,timeout
31,-4.238831996917725,-1.4652842283248901,-0.00025787073536776006,0.0006652662414126098,0.0006558204186148942,0.0,3.0,timeout
32,-4.238760948181152,-1.4642516374588013,-0.0002512615465093404,0.03234541416168213,0.0323447547852993,1.0,-3.0,timeout
33,-4.238688945770264,-1.463198184967041,-0.0002502656716387719,0.03299720957875252,0.032997194677591324,1.0,3.0,timeout
34,-4.238618850708008,-1.4621444940567017,-0.0002497351379133761,0.03300062194466591,0.03300061821937561,1.0,-3.0,timeout
35,-4.238546371459961,-1.4610909223556519,-0.00024933391250669956,0.03300192952156067,0.03300192952156067,1.0,-3.0,timeout
36,-4.238471984863281,-1.4600375890731812,-0.0002490240440238267,0.032998643815517426,0.03299864009022713,1.0,3.0,timeout
37,-4.238400459289551,-1.4590054750442505,-0.0002447404258418828,0.0323311910033226,0.032330915331840515,1.0,-3.0,timeout
38,-4.238326072692871,-1.4579521417617798,-0.0002450356259942055,0.032998643815517426,0.03299864009022713,1.0,3.0,timeout
39,-4.238254070281982,-1.45689857006073,-0.00024556127027608454,0.03300091251730919,0.03300091251730919,1.0,3.0,timeout
40,-4.238254070281982,-1.4568774700164795,-0.0002508795296307653,0.0006799986585974693,0.0006593763246200979,0.0,3.0,timeout
41,-4.238185405731201,-1.455844759941101,-0.00024566950742155313,0.03234385699033737,0.03234344720840454,1.0,-3.0,timeout
42,-4.238186836242676,-1.4558236598968506,-0.0002506775490473956,0.0006791672785766423,0.0006608899566344917,0.0,3.0,timeout
43,-4.238117694854736,-1.4547909498214722,-0.00024549345835112035,0.032344844192266464,0.03234443813562393,1.0,-3.0,timeout
44,-4.238047122955322,-1.4537373781204224,-0.00024564197519794106,0.032997891306877136,0.032997891306877136,1.0,-3.0,timeout
45,-4.237975120544434,-1.4526838064193726,-0.0002460568503011018,0.03300091251730919,0.03300091251730919,1.0,3.0,timeout
46,-4.2379045486450195,-1.4516301155090332,-0.0002463831042405218,0.033001609146595,0.033001609146595,1.0,-3.0,timeout
47,-4.2378315925598145,-1.450576663017273,-0.0002466538571752608,0.03299924358725548,0.03299923986196518,1.0,-3.0,timeout
48,-4.237756252288818,-1.4495233297348022,-0.00024687094264663756,0.03300075605511665,0.03300075605511665,1.0,-3.0,timeout
49,-4.237678527832031,-1.4484702348709106,-0.0002470446634106338,0.03299872204661369,0.03299872204661369,1.0,-3.0,timeout
50,-4.237676620483398,-1.4484491348266602,-0.00025206469581462443,0.0006803969154134393,0.00066206487827003,0.0,-3.0,timeout
51,-4.23767614364624,-1.4484491348266602,-0.0002515192609280348,2.264003524032887e-05,1.4901160284352954e-05,0.0,0.0,timeout
52,-4.2375946044921875,-1.4474174976348877,-0.0002458885428495705,0.032339680939912796,0.03233920410275459,1.0,-3.0,timeout
53,-4.237509727478027,-1.4463648796081543,-0.0002459440438542515,0.03300107643008232,0.03300107643008232,1.0,-3.0,timeout
54,-4.237422466278076,-1.4453125,-0.00024628802202641964,0.03299972414970398,0.03299972042441368,1.0,-3.0,timeout
55,-4.237332820892334,-1.4442602396011353,-0.00024657786707393825,0.033002253621816635,0.03300224989652634,1.0,-3.0,timeout
56,-4.237241744995117,-1.4432082176208496,-0.00024681969080120325,0.03299865126609802,0.03299865126609802,1.0,3.0,timeout
57,-4.237152576446533,-1.4421560764312744,-0.0002469940227456391,0.03299727663397789,0.03299727663397789,1.0,-3.0,timeout
58,-4.237061500549316,-1.4411039352416992,-0.00024715226027183235,0.03300236165523529,0.03300236165523529,1.0,3.0,timeout
59,-4.237059593200684,-1.4410828351974487,-0.0002521408605389297,0.0006801711278967559,0.00066206487827003,0.0,-3.0,timeout
60,-4.237059116363525,-1.4410829544067383,-0.0002515747328288853,2.342885454709176e-05,1.5359764802269638e-05,0.0,-3.0,timeout
61,-4.23696756362915,-1.4400521516799927,-0.00024594791466370225,0.03233986720442772,0.032339390367269516,1.0,3.0,timeout
62,-4.236876487731934,-1.439000129699707,-0.0002459808310959488,0.03299865126609802,0.03299865126609802,1.0,-3.0,timeout
63,-4.236877918243408,-1.4389790296554565,-0.0002512106148060411,0.0006807974423281848,0.0006608899566344917,0.0,3.0,timeout
64,-4.236785888671875,-1.4379481077194214,-0.00024593304260633886,0.032344840466976166,0.03234441950917244,1.0,-3.0,timeout
65,-4.236692905426025,-1.4368960857391357,-0.00024600475444458425,0.03300384804606438,0.03300384804606438,1.0,3.0,timeout
66,-4.236602306365967,-1.4358439445495605,-0.000246337236603722,0.03300108388066292,0.03300108388066292,1.0,3.0,timeout
67,-4.236601829528809,-1.43582284450531,-0.0002514993248041719,0.000678985845297575,0.0006595447193831205,0.0,3.0,timeout
68,-4.236514091491699,-1.4347915649414062,-0.0002461653493810445,0.03234433755278587,0.03234390914440155,1.0,-3.0,timeout
69,-4.236425399780273,-1.4337393045425415,-0.00024618030874989927,0.032999731600284576,0.032999731600284576,1.0,-3.0,timeout
70,-4.236333847045898,-1.4326871633529663,-0.00024647742975503206,0.03300365433096886,0.03300365060567856,1.0,-3.0,timeout
71,-4.236240863800049,-1.4316352605819702,-0.00024673889856785536,0.03300013765692711,0.03300013765692711,1.0,3.0,timeout
72,-4.23615026473999,-1.4305832386016846,-0.0002469388709869236,0.03299737349152565,0.03299737349152565,1.0,3.0,timeout
73,-4.236062049865723,-1.4295308589935303,-0.00024709859280847013,0.03300220146775246,0.03300220146775246,1.0,3.0,timeout
74,-4.235975742340088,-1.4284783601760864,-0.0002472162013873458,0.03300098329782486,0.03300098329782486,1.0,-3.0,timeout
75,-4.23588752746582,-1.4274260997772217,-0.00024733025929890573,0.03299848362803459,0.03299848362803459,1.0,3.0,timeout
76,-4.235802173614502,-1.4263734817504883,-0.000247412157477811,0.033002275973558426,0.033002275973558426,1.0,3.0,timeout
77,-4.235718727111816,-1.4253208637237549,-0.00024747735005803406,0.03299751132726669,0.03299751132726669,1.0,3.0,timeout
78,-4.23563814163208,-1.4242678880691528,-0.0002475295914337039,0.03300171345472336,0.03300171345472336,1.0,3.0,timeout
79,-4.235637187957764,-1.4242467880249023,-0.0002524416777305305,0.0006776639493182302,0.0006600494962185621,0.0,-3.0,timeout
80,-4.235556602478027,-1.4232151508331299,-0.0002469302562531084,0.03233732655644417,0.03233686834573746,1.0,-3.0,timeout
81,-4.235555171966553,-1.4231940507888794,-0.0002516726672183722,0.0006773026543669403,0.0006608899566344917,0.0,-3.0,timeout
82,-4.235469341278076,-1.4221627712249756,-0.0002463010896462947,0.032339345663785934,0.032338909804821014,1.0,-3.0,timeout
83,-4.235380172729492,-1.4211106300354004,-0.00024629797553643584,0.03299727663397789,0.03299727663397789,1.0,3.0,timeout
84,-4.235292434692383,-1.4200581312179565,-0.00024656180175952613,0.03300467133522034,0.03300467133522034,1.0,-3.0,timeout
85,-4.23529052734375,-1.4200371503829956,-0.0002516770618967712,0.0006774833309464157,0.0006583547801710665,0.0,-3.0,timeout
86,-4.23529052734375,-1.4200371503829956,-0.0002512040373403579,1.4782016478420701e-05,0.0,0.0,-3.0,timeout
87,-4.235197067260742,-1.419006586074829,-0.0002456401998642832,0.03233776241540909,0.03233729302883148,1.0,-3.0,timeout
88,-4.235099792480469,-1.4179550409317017,-0.0002457453228998929,0.03300108760595322,0.03300108760595322,1.0,-3.0,timeout
89,-4.235000133514404,-1.4169037342071533,-0.00024612894048914313,0.03300061821937561,0.03300061821937561,1.0,-3.0,timeout
90,-4.234999179840088,-1.4169034957885742,-0.0002514338120818138,0.00016859946481417865,3.0719529604539275e-05,0.0,0.0,timeout
91,-4.234898567199707,-1.4158735275268555,-0.00024602824123576283,0.0323401540517807,0.032339710742235184,1.0,-3.0,timeout
92,-4.234794616699219,-1.4148226976394653,-0.0002460760297253728,0.032998714596033096,0.032998714596033096,1.0,3.0,timeout
93,-4.234692573547363,-1.413771629333496,-0.0002463842974975705,0.033000316470861435,0.033000316470861435,1.0,-3.0,timeout
94,-4.234588146209717,-1.412720799446106,-0.0002466541773173958,0.03300018608570099,0.03300018608570099,1.0,-3.0,timeout
95,-4.234481334686279,-1.411670207977295,-0.00024687120458111167,0.033000219613313675,0.033000219613313675,1.0,-3.0,timeout
96,-4.234372615814209,-1.4106197357177734,-0.00024705444229766726,0.03300260007381439,0.03300260007381439,1.0,3.0,timeout
97,-4.23426628112793,-1.4095691442489624,-0.0002471816842444241,0.032998718321323395,0.032998718321323395,1.0,-3.0,timeout
98,-4.234263896942139,-1.4095481634140015,-0.0002521736023481935,0.0006780594703741372,0.0006598707986995578,0.0,-3.0,timeout
99,-4.234153747558594,-1.4085191488265991,-0.0002467170124873519,0.03234085813164711,0.032340411096811295,1.0,-3.0,timeout
100,-4.234155654907227,-1.4084981679916382,-0.00025151576846838,0.0006752180634066463,0.0006583547801710665,0.0,3.0,timeout
101,-4.234155178070068,-1.4084981679916382,-0.00025105284294113517,2.0768291506101377e-05,1.4901160284352954e-05,0.0,0.0,timeout
102,-4.234044075012207,-1.407448172569275,-0.00024542241590097547,0.032996002584695816,0.03299553319811821,1.0,0.0,timeout
103,-4.234041690826416,-1.407427191734314,-0.000250540702836588,0.0006789788603782654,0.0006598707986995578,0.0,-3.0,timeout
104,-4.233930587768555,-1.4063984155654907,-0.00024540998856537044,0.03233658894896507,0.03233618661761284,1.0,3.0,timeout
105,-4.233819484710693,-1.4053481817245483,-0.0002455647918395698,0.03300294280052185,0.03300294280052185,1.0,-3.0,timeout
106,-4.233817100524902,-1.4053272008895874,-0.0002508661709725857,0.0006803494179621339,0.0006598707986995578,0.0,-3.0,timeout
107,-4.233703136444092,-1.4042986631393433,-0.00024566991487517953,0.03233891353011131,0.03233850374817848,1.0,-3.0,timeout
108,-4.233584880828857,-1.4032492637634277,-0.00024579386808909476,0.03300129249691963,0.03300129249691963,1.0,3.0,timeout
109,-4.233469486236572,-1.402199625968933,-0.00024616357404738665,0.03299880772829056,0.03299880400300026,1.0,0.0,timeout
110,-4.233354091644287,-1.401149868965149,-0.0002464833960402757,0.03300251066684723,0.03300251066684723,1.0,3.0,timeout
111,-4.2333526611328125,-1.4011287689208984,-0.0002516171371098608,0.0006800832343287766,0.0006608899566344917,0.0,3.0,timeout
112,-4.233353137969971,-1.4011287689208984,-0.00025115511380136013,2.0748662791447714e-05,1.4901160284352954e-05,0.0,3.0,timeout
113,-4.2333526611328125,-1.401128888130188,-0.00025047597591765225,2.6198102204944007e-05,1.5359764802269638e-05,0.0,-3.0,timeout
114,-4.233243465423584,-1.4000998735427856,-0.0002450422616675496,0.032337699085474014,0.0323372520506382,1.0,-3.0,timeout
115,-4.233129978179932,-1.3990498781204224,-0.00024527651839889586,0.03300345689058304,0.03300345689058304,1.0,3.0,timeout
116,-4.23301887512207,-1.3979997634887695,-0.0002457441878505051,0.03299924358725548,0.03299923986196518,1.0,-3.0,timeout
117,-4.23290491104126,-1.3969498872756958,-0.00024614197900518775,0.033001359552145004,0.033001359552145004,1.0,-3.0,timeout
118,-4.232788562774658,-1.3959003686904907,-0.0002464614517521113,0.032998375594615936,0.03299837186932564,1.0,-3.0,timeout
119,-4.232670307159424,-1.3948509693145752,-0.00024672684958204627,0.03300129249691963,0.03300129249691963,1.0,3.0,timeout
120,-4.232553958892822,-1.3938013315200806,-0.0002469196333549917,0.03300207480788231,0.03300207480788231,1.0,-3.0,timeout
121,-4.23243522644043,-1.3927520513534546,-0.0002470829931553453,0.03299925848841667,0.03299925848841667,1.0,-3.0,timeout
122,-4.2323150634765625,-1.3917028903961182,-0.0002472238556947559,0.03300061821937561,0.03300061821937561,1.0,3.0,timeout
123,-4.232197284698486,-1.3906534910202026,-0.00024732670863159,0.03299962729215622,0.03299962729215622,1.0,3.0,timeout
124,-4.232081413269043,-1.3896039724349976,-0.0002473987406119704,0.03299673646688461,0.03299673646688461,1.0,-3.0,timeout
125,-4.231965065002441,-1.388575792312622,-0.00024344312259927392,0.032335925847291946,0.032335687428712845,1.0,-3.0,timeout
126,-4.231843948364258,-1.3875268697738647,-0.00024398819368798286,0.03299662470817566,0.03299661725759506,1.0,-3.0,timeout
127,-4.231841087341309,-1.3875058889389038,-0.0002496057713869959,0.0006846090545877814,0.0006617189501412213,0.0,-3.0,timeout
128,-4.23184061050415,-1.3875060081481934,-0.000249546836130321,1.5469788195332512e-05,1.5359764802269638e-05,0.0,-3.0,timeout
129,-4.231714725494385,-1.3864789009094238,-0.0002443140547256917,0.03233769163489342,0.03233727440237999,1.0,-3.0,timeout
130,-4.231716632843018,-1.386457920074463,-0.00024958106223493814,0.0006786178564652801,0.0006583547801710665,0.0,3.0,timeout
131,-4.231716632843018,-1.386457920074463,-0.0002495089720468968,2.2528183762915432e-06,0.0,0.0,3.0,timeout
132,-4.231593608856201,-1.3854304552078247,-0.0002442835830152035,0.03233802691102028,0.03233761712908745,1.0,3.0,timeout
133,-4.231470584869385,-1.384381651878357,-0.0002446492435410619,0.03299981355667114,0.032999809831380844,1.0,-3.0,timeout
134,-4.231345176696777,-1.3833330869674683,-0.0002452517219353467,0.03300118073821068,0.03300117701292038,1.0,-3.0,timeout
135,-4.23134708404541,-1.3833121061325073,-0.0002506440505385399,0.0006795783410780132,0.0006583547801710665,0.0,3.0,timeout
136,-4.23121976852417,-1.3822846412658691,-0.00024547812063246965,0.032354239374399185,0.03235383704304695,1.0,-3.0,timeout
137,-4.231216907501221,-1.3822636604309082,-0.0002505142183508724,0.0006801762501709163,0.0006617189501412213,0.0,-3.0,timeout
138,-4.231088638305664,-1.3812367916107178,-0.00024537459830753505,0.0323394276201725,0.032339029014110565,1.0,-3.0,timeout
139,-4.230956077575684,-1.380189061164856,-0.0002455569338053465,0.033002592623233795,0.033002592623233795,1.0,3.0,timeout
140,-4.230825424194336,-1.3791412115097046,-0.00024596936418674886,0.032998863607645035,0.032998859882354736,1.0,-3.0,timeout
141,-4.230693340301514,-1.3780934810638428,-0.0002463322307448834,0.033000729978084564,0.033000726252794266,1.0,3.0,timeout
142,-4.230691432952881,-1.3780723810195923,-0.0002514963271096349,0.0006814490188844502,0.00066206487827003,0.0,3.0,timeout
143,-4.23056173324585,-1.3770452737808228,-0.00024616156588308513,0.032352425158023834,0.03235199302434921,1.0,-3.0,timeout
144,-4.23043155670166,-1.3759973049163818,-0.000246188894379884,0.03300071880221367,0.03300071880221367,1.0,3.0,timeout
145,-4.2304301261901855,-1.3759762048721313,-0.0002513672807253897,0.0006804136210121214,0.0006608899566344917,0.0,3.0,timeout
146,-4.2304301261901855,-1.3759762048721313,-0.00025095438468270004,1.2903000424557831e-05,0.0,0.0,3.0,timeout
147,-4.23030948638916,-1.3749483823776245,-0.0002454411587677896,0.0323403999209404,0.03233994171023369,1.0,3.0,timeout
148,-4.230189323425293,-1.373899221420288,-0.0002455749490763992,0.03300061821937561,0.03300061821937561,1.0,-3.0,timeout
149,-4.230066299438477,-1.3728504180908203,-0.00024599183234386146,0.03299981355667114,0.032999809831380844,1.0,-3.0,timeout
150,-4.230068206787109,-1.3728294372558594,-0.00025123561499640346,0.0006784421857446432,0.0006583547801710665,0.0,3.0,timeout
151,-4.229948043823242,-1.3718016147613525,-0.0002459643001202494,0.03233863040804863,0.032338209450244904,1.0,3.0,timeout
152,-4.229827880859375,-1.3707524538040161,-0.00024600798496976495,0.03300061821937561,0.03300061821937561,1.0,-3.0,timeout
153,-4.229705333709717,-1.3697035312652588,-0.0002463389828335494,0.03300178050994873,0.03300177678465843,1.0,-3.0,timeout
154,-4.229580879211426,-1.3686548471450806,-0.0002466282167006284,0.03300135210156441,0.03300134837627411,1.0,3.0,timeout
155,-4.229458332061768,-1.3676059246063232,-0.00024684544769115746,0.03300177678465843,0.03300177678465843,1.0,0.0,timeout
156,-4.229336738586426,-1.366557002067566,-0.0002470294712111354,0.032998330891132355,0.032998330891132355,1.0,3.0,timeout
157,-4.229217052459717,-1.36550772190094,-0.00024717135238461196,0.03300262615084648,0.03300262615084648,1.0,3.0,timeout
158,-4.229217529296875,-1.3655073642730713,-0.00025225768331438303,0.000160035488079302,1.862645149230957e-05,0.0,0.0,timeout
159,-4.229218006134033,-1.3655073642730713,-0.00025158151402138174,2.5856017600744963e-05,1.4901160284352954e-05,0.0,3.0,timeout
160,-4.229100704193115,-1.3644788265228271,-0.0002459263487253338,0.03235064074397087,0.03235015645623207,1.0,-3.0,timeout
161,-4.228982925415039,-1.3634294271469116,-0.0002459855459164828,0.03299962729215622,0.03299962729215622,1.0,3.0,timeout
162,-4.228867053985596,-1.362379789352417,-0.00024631121777929366,0.033000439405441284,0.033000439405441284,1.0,-3.0,timeout
163,-4.228864669799805,-1.362358808517456,-0.0002514767402317375,0.0006793281063437462,0.0006598707986995578,0.0,-3.0,timeout
164,-4.2287445068359375,-1.3613098859786987,-0.0002460678806528449,0.03299364820122719,0.03299321234226227,1.0,0.0,timeout
165,-4.228623390197754,-1.3602608442306519,-0.00024618994211778045,0.03300032392144203,0.03300032392144203,1.0,-3.0,timeout
166,-4.2285003662109375,-1.359212040901184,-0.0002464889839757234,0.03299981355667114,0.032999809831380844,1.0,-3.0,timeout
167,-4.228375434875488,-1.3581634759902954,-0.00024674832820892334,0.03299941122531891,0.03299940750002861,1.0,3.0,timeout
168,-4.228251934051514,-1.3571146726608276,-0.0002469367755111307,0.033001549541950226,0.033001549541950226,1.0,-3.0,timeout
169,-4.228127479553223,-1.356066107749939,-0.0002471066254656762,0.032997649163007736,0.032997649163007736,1.0,3.0,timeout
170,-4.2280049324035645,-1.3550171852111816,-0.00024723305250518024,0.03300177678465843,0.03300177678465843,1.0,3.0,timeout
171,-4.228002548217773,-1.3549962043762207,-0.00025220491806976497,0.0006779155228286982,0.0006598707986995578,0.0,-3.0,timeout
172,-4.227882385253906,-1.3539683818817139,-0.00024675269378349185,0.03233865648508072,0.032338209450244904,1.0,3.0,timeout
173,-4.227762699127197,-1.3529192209243774,-0.00024664934608154,0.03299892693758011,0.03299892693758011,1.0,3.0,timeout
174,-4.227645397186279,-1.3518697023391724,-0.00024685266544111073,0.033001672476530075,0.033001672476530075,1.0,3.0,timeout
175,-4.2276434898376465,-1.3518486022949219,-0.00025189988082274795,0.0006805932498537004,0.00066206487827003,0.0,-3.0,timeout
176,-4.227527141571045,-1.3508204221725464,-0.00024649666738696396,0.03233613073825836,0.032335687428712845,1.0,-3.0,timeout
177,-4.227406978607178,-1.34977126121521,-0.00024645525263622403,0.03300061821937561,0.03300061821937561,1.0,3.0,timeout
178,-4.227289199829102,-1.3487218618392944,-0.0002466978330630809,0.03299962729215622,0.03299962729215622,1.0,3.0,timeout
179,-4.227288246154785,-1.348700761795044,-0.0002517878310754895,0.0006789449253119528,0.0006600494962185621,0.0,3.0,timeout
180,-4.227288722991943,-1.3487006425857544,-0.00025129184359684587,2.1821095288032666e-05,1.5359764802269638e-05,0.0,3.0,timeout
181,-4.227175235748291,-1.347671627998352,-0.00024569855304434896,0.03235214948654175,0.03235167637467384,1.0,-3.0,timeout
182,-4.227060794830322,-1.3466218709945679,-0.0002457929658703506,0.03299926221370697,0.03299926221370697,1.0,-3.0,timeout
183,-4.227060794830322,-1.3466215133666992,-0.0002511505736038089,0.00016779782890807837,1.117586998589104e-05,0.0,0.0,timeout
184,-4.2269463539123535,-1.3455930948257446,-0.00024581162142567337,0.03233687952160835,0.03233644738793373,1.0,3.0,timeout
185,-4.226832866668701,-1.344543218612671,-0.0002458920353092253,0.03299975022673607,0.03299975022673607,1.0,3.0,timeout
186,-4.226831912994385,-1.3445221185684204,-0.0002511293569114059,0.0006800382398068905,0.0006600494962185621,0.0,3.0,timeout
187,-4.226831436157227,-1.3445221185684204,-0.00025075417943298817,1.8960583474836312e-05,1.4901160284352954e-05,0.0,-3.0,timeout
188,-4.22672176361084,-1.343493103981018,-0.00024527942878194153,0.03233927860856056,0.03233882784843445,1.0,-3.0,timeout
189,-4.226719379425049,-1.3434721231460571,-0.00025033860583789647,0.0006785460282117128,0.0006598707986995578,0.0,-3.0,timeout
190,-4.226605415344238,-1.342443585395813,-0.00024524444597773254,0.03233889862895012,0.03233850374817848,1.0,3.0,timeout
191,-4.226491928100586,-1.3413937091827393,-0.0002454421774018556,0.03299975022673607,0.03299975022673607,1.0,3.0,timeout
192,-4.226380348205566,-1.3403435945510864,-0.000245876784902066,0.03300081193447113,0.03300080820918083,1.0,-3.0,timeout
193,-4.226265907287598,-1.3392937183380127,-0.00024624785874038935,0.03300297260284424,0.03300296887755394,1.0,-3.0,timeout
194,-4.226150035858154,-1.338244080543518,-0.000246556184720248,0.033000439405441284,0.033000439405441284,1.0,3.0,timeout
195,-4.226036548614502,-1.3371942043304443,-0.0002467930025886744,0.03299975022673607,0.03299975022673607,1.0,3.0,timeout
196,-4.226034641265869,-1.3371732234954834,-0.00025185314007103443,0.0006770789623260498,0.0006583547801710665,0.0,-3.0,timeout
197,-4.225922107696533,-1.3361445665359497,-0.00024645961821079254,0.03233775496482849,0.03233731538057327,1.0,-3.0,timeout
198,-4.225805282592773,-1.3350950479507446,-0.00024641514755785465,0.03300001844763756,0.03300001844763756,1.0,-3.0,timeout
199,-4.225686550140381,-1.334045648574829,-0.0002466752484906465,0.03300296887755394,0.03300296515226364,1.0,3.0,timeout
200,-4.225686550140381,-1.33404541015625,-0.0002518607652746141,0.00016221858095377684,7.450580142176477e-06,0.0,0.0,timeout
201,-4.225571155548096,-1.3330169916152954,-0.00024636913440190256,0.03234020993113518,0.032339755445718765,1.0,-3.0,timeout
202,-4.225451469421387,-1.331967830657959,-0.00024633866269141436,0.03299892693758011,0.03299892693758011,1.0,-3.0,timeout
203,-4.225329399108887,-1.3309189081192017,-0.0002466039441060275,0.033000051975250244,0.033000051975250244,1.0,-3.0,timeout
204,-4.2253265380859375,-1.3308979272842407,-0.0002517115790396929,0.0006806970341131091,0.0006617189501412213,0.0,-3.0,timeout
205,-4.225201606750488,-1.3298707008361816,-0.00024634730652906,0.032337795943021774,0.03233736380934715,1.0,-3.0,timeout
206,-4.225203514099121,-1.3298497200012207,-0.00025122083025053144,0.0006757407682016492,0.0006583547801710665,0.0,3.0,timeout
207,-4.225203037261963,-1.3298497200012207,-0.00025082106003537774,1.9445182260824367e-05,1.4901160284352954e-05,0.0,3.0,timeout
208,-4.225081443786621,-1.328822135925293,-0.0002453333872836083,0.032336488366127014,0.0323360338807106,1.0,3.0,timeout
209,-4.224959850311279,-1.3277729749679565,-0.0002454935747664422,0.0330057367682457,0.0330057367682457,1.0,0.0,timeout
210,-4.224957466125488,-1.3277519941329956,-0.00025080444174818695,0.0006804217118769884,0.0006598707986995578,0.0,-3.0,timeout
211,-4.224835395812988,-1.3267244100570679,-0.0002456202346365899,0.03233819082379341,0.03233778849244118,1.0,-3.0,timeout
212,-4.22483491897583,-1.3267241716384888,-0.000250728044193238,0.00016048611723817885,1.6660003893775865e-05,0.0,0.0,timeout
213,-4.224710941314697,-1.3256968259811401,-0.0002454595814924687,0.032337892800569534,0.03233747556805611,1.0,3.0,timeout
214,-4.224586486816406,-1.324648141860962,-0.00024559989105910063,0.03300134837627411,0.03300134837627411,1.0,-3.0,timeout
215,-4.224588871002197,-1.324627161026001,-0.00025090781855396926,0.0006803992437198758,0.0006598707986995578,0.0,3.0,timeout
216,-4.224462509155273,-1.3235994577407837,-0.00024568842491135,0.032357990741729736,0.03235757723450661,1.0,-3.0,timeout
217,-4.224336624145508,-1.3225510120391846,-0.00024581022444181144,0.032999251037836075,0.032999251037836075,1.0,3.0,timeout
218,-4.224213123321533,-1.3215023279190063,-0.00024618167662993073,0.03299785405397415,0.03299785032868385,1.0,3.0,timeout
219,-4.224091053009033,-1.320453405380249,-0.00024648229009471834,0.033000051975250244,0.033000051975250244,1.0,-3.0,timeout
220,-4.223966598510742,-1.3194047212600708,-0.0002467329613864422,0.03300135210156441,0.03300134837627411,1.0,-3.0,timeout
221,-4.22383975982666,-1.3183562755584717,-0.00024693403975106776,0.0330028161406517,0.0330028161406517,1.0,-3.0,timeout
222,-4.223711013793945,-1.3173081874847412,-0.00024709501303732395,0.032998938113451004,0.032998938113451004,1.0,-3.0,timeout
223,-4.2235798835754395,-1.3162603378295898,-0.00024723345995880663,0.03300070762634277,0.03300070762634277,1.0,3.0,timeout
224,-4.223451614379883,-1.3152121305465698,-0.00024733427562750876,0.03300081938505173,0.03300081938505173,1.0,3.0,timeout
225,-4.223325729370117,-1.3141636848449707,-0.0002474096545483917,0.032999251037836075,0.032999251037836075,1.0,0.0,timeout
226,-4.223199844360352,-1.3131152391433716,-0.00024748066789470613,0.032999251037836075,0.032999251037836075,1.0,3.0,timeout
227,-4.2231974601745605,-1.3130942583084106,-0.0002524030569475144,0.0006775629008188844,0.0006598707986995578,0.0,-3.0,timeout
228,-4.2231974601745605,-1.3130942583084106,-0.0002517839602660388,1.9346769477124326e-05,0.0,0.0,-3.0,timeout
229,-4.223071575164795,-1.3120671510696411,-0.00024611540720798075,0.03233776241540909,0.03233727440237999,1.0,3.0,timeout
230,-4.22307014465332,-1.3120460510253906,-0.00025100790662690997,0.0006783444550819695,0.0006608899566344917,0.0,3.0,timeout
231,-4.222944259643555,-1.3110183477401733,-0.0002457553055137396,0.032356180250644684,0.032355763018131256,1.0,-3.0,timeout
232,-4.222817897796631,-1.3099699020385742,-0.00024585274513810873,0.03300102800130844,0.03300102800130844,1.0,-3.0,timeout
233,-4.222817897796631,-1.3099696636199951,-0.0002511991187930107,0.00016724021406844258,7.450580142176477e-06,0.0,0.0,timeout
234,-4.222691535949707,-1.3089425563812256,-0.00024585044593550265,0.03233952447772026,0.03233909234404564,1.0,3.0,timeout
235,-4.222690105438232,-1.308921456336975,-0.000250806100666523,0.0006787919555790722,0.0006608899566344917,0.0,3.0,timeout
236,-4.222690582275391,-1.308921456336975,-0.00025049145915545523,1.785283166100271e-05,1.4901160284352954e-05,0.0,3.0,timeout
237,-4.222571849822998,-1.3078933954238892,-0.00024507014313712716,0.032340895384550095,0.03234045207500458,1.0,3.0,timeout
238,-4.2224531173706055,-1.3068439960479736,-0.00024528315407224,0.03300296515226364,0.03300296515226364,1.0,0.0,timeout
239,-4.222334384918213,-1.3057947158813477,-0.0002457542868796736,0.03299926221370697,0.03299925848841667,1.0,-3.0,timeout
240,-4.222336769104004,-1.3057736158370972,-0.0002510454214643687,0.000683862715959549,0.000663572340272367,0.0,3.0,timeout
241,-4.222220420837402,-1.3047453165054321,-0.0002458124654367566,0.032339803874492645,0.032339394092559814,1.0,3.0,timeout
242,-4.222104549407959,-1.303695797920227,-0.0002458864764776081,0.03299673646688461,0.03299673646688461,1.0,-3.0,timeout
243,-4.222102165222168,-1.3036748170852661,-0.0002511233033146709,0.000679860997479409,0.0006598707986995578,0.0,-3.0,timeout
244,-4.221982955932617,-1.3026467561721802,-0.000245875446125865,0.032342579215765,0.03234216570854187,1.0,-3.0,timeout
245,-4.221859931945801,-1.3015979528427124,-0.0002459583047311753,0.032999809831380844,0.032999809831380844,1.0,3.0,timeout
246,-4.221859931945801,-1.3015975952148438,-0.00025127377011813223,0.0001664838200667873,1.117586998589104e-05,0.0,0.0,timeout
247,-4.221860408782959,-1.3015975952148438,-0.0002507936442270875,2.1146219296497293e-05,1.4901160284352954e-05,0.0,3.0,timeout
248,-4.221859931945801,-1.3015977144241333,-0.0002501830749679357,2.449448402330745e-05,1.5359764802269638e-05,0.0,-3.0,timeout
249,-4.221741676330566,-1.3005696535110474,-0.00024481918080709875,0.032339178025722504,0.03233874589204788,1.0,3.0,timeout
250,-4.221622943878174,-1.2995203733444214,-0.00024507727357558906,0.03299926221370697,0.03299925848841667,1.0,-3.0,timeout
251,-4.221502780914307,-1.298471212387085,-0.0002456042275298387,0.03300062194466591,0.03300061821937561,1.0,3.0,timeout
252,-4.221384525299072,-1.2974218130111694,-0.0002460310060996562,0.03300129249691963,0.03300129249691963,1.0,3.0,timeout
253,-4.221268653869629,-1.2963721752166748,-0.00024636241141706705,0.033000439405441284,0.033000439405441284,1.0,-3.0,timeout
254,-4.221149921417236,-1.2953228950500488,-0.0002466369478497654,0.03299926221370697,0.03299925848841667,1.0,-3.0,timeout
255,-4.221029281616211,-1.2942737340927124,-0.0002468673628754914,0.03300231695175171,0.03300231695175171,1.0,3.0,timeout
256,-4.220911502838135,-1.2932243347167969,-0.0002470418403390795,0.03299962729215622,0.03299962729215622,1.0,3.0,timeout
257,-4.22079610824585,-1.2921746969223022,-0.00024718110216781497,0.03299880400300026,0.03299880400300026,1.0,3.0,timeout
258,-4.220682621002197,-1.2911248207092285,-0.00024729256983846426,0.03299975022673607,0.03299975022673607,1.0,3.0,timeout
259,-4.220571994781494,-1.2900745868682861,-0.00024738183128647506,0.0330013781785965,0.0330013781785965,1.0,3.0,timeout
260,-4.220462799072266,-1.2890242338180542,-0.0002474424836691469,0.03300043195486069,0.03300043195486069,1.0,-3.0,timeout
261,-4.220351219177246,-1.287974238395691,-0.0002475004584994167,0.03299710527062416,0.03299710527062416,1.0,-3.0,timeout
262,-4.220353126525879,-1.2879531383514404,-0.0002524419396650046,0.0006798351532779634,0.00066206487827003,0.0,3.0,timeout
263,-4.220353603363037,-1.2879531383514404,-0.0002518135297577828,2.4651330022607e-05,1.4901160284352954e-05,0.0,3.0,timeout
264,-4.2202467918396,-1.286923885345459,-0.00024612864945083857,0.03233737498521805,0.03233688697218895,1.0,3.0,timeout
265,-4.220139980316162,-1.285873293876648,-0.000246124662226066,0.033000219613313675,0.033000219613313675,1.0,-3.0,timeout
266,-4.220137596130371,-1.2858521938323975,-0.0002513128856662661,0.0006830922793596983,0.000663572340272367,0.0,-3.0,timeout
267,-4.220028400421143,-1.2848231792449951,-0.00024603860219940543,0.032337673008441925,0.0323372520506382,1.0,3.0,timeout
268,-4.219919204711914,-1.2837728261947632,-0.00024606790975667536,0.03300043195486069,0.03300043195486069,1.0,-3.0,timeout
269,-4.219921588897705,-1.2837517261505127,-0.00025128162815235555,0.0006832818617112935,0.000663572340272367,0.0,3.0,timeout
270,-4.219814777374268,-1.2827223539352417,-0.0002460010873619467,0.03234101086854935,0.03234058991074562,1.0,3.0,timeout
271,-4.219709396362305,-1.2816716432571411,-0.00024604739155620337,0.0329994335770607,0.0329994335770607,1.0,3.0,timeout
272,-4.219707489013672,-1.2816505432128906,-0.00025124233798123896,0.0006816779496148229,0.00066206487827003,0.0,-3.0,timeout
273,-4.219602584838867,-1.28062105178833,-0.0002459700626786798,0.03233862295746803,0.03233819827437401,1.0,-3.0,timeout
274,-4.219604969024658,-1.2805999517440796,-0.0002509186160750687,0.0006813534419052303,0.000663572340272367,0.0,3.0,timeout
275,-4.219496250152588,-1.279570460319519,-0.000245684408582747,0.03235091269016266,0.03235050290822983,1.0,-3.0,timeout
276,-4.219387054443359,-1.278520107269287,-0.00024579570163041353,0.03300043195486069,0.03300043195486069,1.0,-3.0,timeout
277,-4.21927547454834,-1.2774699926376343,-0.0002461798139847815,0.03300080820918083,0.03300080820918083,1.0,3.0,timeout
278,-4.219273567199707,-1.2774490118026733,-0.0002513628569431603,0.000677986245136708,0.0006583547801710665,0.0,-3.0,timeout
279,-4.219273090362549,-1.2774490118026733,-0.0002509523183107376,1.9663069906528108e-05,1.4901160284352954e-05,0.0,-3.0,timeout
280,-4.219160556793213,-1.2764203548431396,-0.00024543871404603124,0.032337773591279984,0.03233731538057327,1.0,-3.0,timeout
281,-4.219043731689453,-1.275370717048645,-0.00024558426230214536,0.03300372138619423,0.03300372138619423,1.0,-3.0,timeout
282,-4.218924522399902,-1.274321436882019,-0.0002460001560393721,0.033000946044921875,0.03300094231963158,1.0,-3.0,timeout
283,-4.218803882598877,-1.2732723951339722,-0.0002463571145199239,0.032998617738485336,0.032998617738485336,1.0,3.0,timeout
284,-4.218684673309326,-1.2722231149673462,-0.0002466239966452122,0.03300094231963158,0.03300094231963158,1.0,-3.0,timeout
285,-4.218563079833984,-1.2711740732192993,-0.00024684661184437573,0.033002033829689026,0.033002033829689026,1.0,-3.0,timeout
286,-4.218560218811035,-1.271153211593628,-0.00025190634187310934,0.0006767582381144166,0.0006580279441550374,0.0,-3.0,timeout
287,-4.218436241149902,-1.2701257467269897,-0.0002465031575411558,0.0323416143655777,0.03234117478132248,1.0,-3.0,timeout
288,-4.218438148498535,-1.2701048851013184,-0.00025134539464488626,0.000671905989293009,0.0006546448566950858,0.0,3.0,timeout
289,-4.2183098793029785,-1.2690774202346802,-0.00024602466146461666,0.032357942312955856,0.03235751390457153,1.0,-3.0,timeout
290,-4.218181610107422,-1.2680292129516602,-0.00024607827072031796,0.03300081938505173,0.03300081938505173,1.0,3.0,timeout
291,-4.218179702758789,-1.2680082321166992,-0.0002512785722501576,0.0006781152915209532,0.0006583547801710665,0.0,3.0,timeout
292,-4.218179702758789,-1.2680082321166992,-0.00025088319671340287,1.2355484614090528e-05,0.0,0.0,3.0,timeout
293,-4.2180562019348145,-1.2669802904129028,-0.0002453713968861848,0.03235464543104172,0.03235418722033501,1.0,-3.0,timeout
294,-4.217932224273682,-1.265931487083435,-0.0002455369394738227,0.033003292977809906,0.033003292977809906,1.0,0.0,timeout
295,-4.217930316925049,-1.2659105062484741,-0.00025085086235776544,0.0006789749604649842,0.0006583547801710665,0.0,3.0,timeout
296,-4.217811584472656,-1.2648824453353882,-0.0002456574875395745,0.03234085813164711,0.03234045207500458,1.0,3.0,timeout
297,-4.217810153961182,-1.2648614645004272,-0.0002506556629668921,0.0006754798232577741,0.000657173281069845,0.0,3.0,timeout
298,-4.21781063079834,-1.2648613452911377,-0.00025037131854332983,1.7744834622135386e-05,1.5359764802269638e-05,0.0,3.0,timeout
299,-4.21769905090332,-1.2638325691223145,-0.00024497401318512857,0.032338231801986694,0.032337792217731476,1.0,3.0,timeout
300,-4.217588424682617,-1.262782335281372,-0.000245211529545486,0.0330013781785965,0.0330013781785965,1.0,3.0,timeout
301,-4.217479705810547,-1.2617319822311401,-0.0002456915390212089,0.03299889713525772,0.03299889340996742,1.0,-3.0,timeout
302,-4.217477321624756,-1.2617108821868896,-0.00025098121841438115,0.0006838517729192972,0.000663572340272367,0.0,-3.0,timeout
303,-4.2173662185668945,-1.2606821060180664,-0.0002457740483805537,0.03233660012483597,0.03233618661761284,1.0,3.0,timeout
304,-4.217255592346191,-1.259631872177124,-0.0002458666276652366,0.0330013781785965,0.0330013781785965,1.0,3.0,timeout
305,-4.217147350311279,-1.2585813999176025,-0.00024622672935947776,0.033001068979501724,0.033001068979501724,1.0,3.0,timeout
306,-4.217041015625,-1.2575308084487915,-0.0002465180295985192,0.03299872204661369,0.032998718321323395,1.0,-3.0,timeout
307,-4.2169318199157715,-1.2564804553985596,-0.0002467611921019852,0.03300043195486069,0.03300043195486069,1.0,-3.0,timeout
308,-4.2169342041015625,-1.256459355354309,-0.00025185089907608926,0.0006823681178502738,0.000663572340272367,0.0,3.0,timeout
309,-4.216933727264404,-1.256459355354309,-0.00025133107556030154,2.204377051384654e-05,1.4901160284352954e-05,0.0,-3.0,timeout
310,-4.216825008392334,-1.2554302215576172,-0.0002457525988575071,0.03233985975384712,0.032339390367269516,1.0,3.0,timeout
311,-4.216823101043701,-1.2554092407226562,-0.0002507063909433782,0.0006763105047866702,0.0006583547801710665,0.0,-3.0,timeout
312,-4.216713905334473,-1.254380226135254,-0.00024552663671784103,0.03233765810728073,0.0323372520506382,1.0,-3.0,timeout
313,-4.21660041809082,-1.2533302307128906,-0.0002456786169204861,0.03300345689058304,0.03300345689058304,1.0,3.0,timeout
314,-4.216489791870117,-1.2522799968719482,-0.000246076553594321,0.033001381903886795,0.0330013781785965,1.0,3.0,timeout
315,-4.216381549835205,-1.2512295246124268,-0.0002464084536768496,0.033001068979501724,0.033001068979501724,1.0,3.0,timeout
316,-4.216275215148926,-1.2501789331436157,-0.00024666415993124247,0.03299872204661369,0.032998718321323395,1.0,-3.0,timeout
317,-4.216273307800293,-1.2501579523086548,-0.00025175942573696375,0.0006773361237719655,0.0006583547801710665,0.0,-3.0,timeout
318,-4.216273307800293,-1.2501578330993652,-0.00025127484695985913,1.5594578144373372e-05,3.7252900710882386e-06,0.0,0.0,timeout
319,-4.216163158416748,-1.2491289377212524,-0.00024569264496676624,0.03233717754483223,0.03233670815825462,1.0,-3.0,timeout
320,-4.216160774230957,-1.2491079568862915,-0.000250668847002089,0.0006779466639272869,0.0006598707986995578,0.0,-3.0,timeout
321,-4.2160468101501465,-1.2480794191360474,-0.0002455086214467883,0.032338906079530716,0.03233850374817848,1.0,3.0,timeout
322,-4.216045379638672,-1.2480583190917969,-0.00025053651188500226,0.0006793104694224894,0.0006608899566344917,0.0,3.0,timeout
323,-4.215936183929443,-1.247029185295105,-0.00024539211881347,0.032341357320547104,0.03234095871448517,1.0,3.0,timeout
324,-4.215827465057373,-1.245978832244873,-0.0002455495996400714,0.03299889340996742,0.03299889340996742,1.0,-3.0,timeout
325,-4.2157158851623535,-1.2449287176132202,-0.00024597218725830317,0.03300081193447113,0.03300080820918083,1.0,-3.0,timeout
326,-4.215717792510986,-1.2449076175689697,-0.0002512194914743304,0.0006820694543421268,0.00066206487827003,0.0,3.0,timeout
327,-4.215608596801758,-1.2438786029815674,-0.00024595196009613574,0.032337673008441925,0.0323372520506382,1.0,3.0,timeout
328,-4.2154998779296875,-1.242828130722046,-0.00024599808966740966,0.03300260007381439,0.03300260007381439,1.0,-3.0,timeout
329,-4.215389728546143,-1.2417778968811035,-0.0002463413111399859,0.03299982100725174,0.03299982100725174,1.0,3.0,timeout
330,-4.215281009674072,-1.2407275438308716,-0.0002466104051563889,0.03299889713525772,0.03299889340996742,1.0,-3.0,timeout
331,-4.215169906616211,-1.2396774291992188,-0.00024683543597348034,0.03299923986196518,0.03299923986196518,1.0,-3.0,timeout
332,-4.2150559425354,-1.2386274337768555,-0.0002470160252414644,0.033005062490701675,0.033005062490701675,1.0,-3.0,timeout
333,-4.214941024780273,-1.2375777959823608,-0.00024717036285437644,0.03299717977643013,0.03299717977643013,1.0,3.0,timeout
334,-4.214939117431641,-1.2375566959381104,-0.00025216623907908797,0.0006802232819609344,0.00066206487827003,0.0,3.0,timeout
335,-4.2148308753967285,-1.2365275621414185,-0.00024671058054082096,0.032338276505470276,0.03233782574534416,1.0,3.0,timeout
336,-4.214828968048096,-1.2365065813064575,-0.0002514864318072796,0.0006750593893229961,0.0006583547801710665,0.0,-3.0,timeout
337,-4.214720726013184,-1.2354774475097656,-0.00024616310838609934,0.032338254153728485,0.03233782574534416,1.0,3.0,timeout
338,-4.2146124839782715,-1.2344269752502441,-0.00024616674636490643,0.033001068979501724,0.033001068979501724,1.0,-3.0,timeout
339,-4.214502334594727,-1.2333767414093018,-0.0002464657591190189,0.03299982100725174,0.03299982100725174,1.0,-3.0,timeout
340,-4.214501857757568,-1.233376383781433,-0.0002517029643058777,0.0001647191820666194,1.862645149230957e-05,0.0,0.0,timeout
341,-4.214391708374023,-1.2323474884033203,-0.00024625431979075074,0.03233715519309044,0.03233670815825462,1.0,3.0,timeout
342,-4.214282035827637,-1.2312971353530884,-0.0002462461998220533,0.03300197422504425,0.03300197422504425,1.0,3.0,timeout
343,-4.214174747467041,-1.230246663093567,-0.0002465298748575151,0.03299802541732788,0.03299802541732788,1.0,3.0,timeout
344,-4.214174270629883,-1.2302254438400269,-0.0002516534586902708,0.0006823207950219512,0.0006632690201513469,0.0,3.0,timeout
345,-4.214174747467041,-1.2302254438400269,-0.00025118442135863006,2.0901779862469994e-05,1.4901160284352954e-05,0.0,3.0,timeout
346,-4.214074611663818,-1.2291743755340576,-0.0002455230278428644,0.032995082437992096,0.03299460560083389,1.0,0.0,timeout
347,-4.213973522186279,-1.2281231880187988,-0.00024573877453804016,0.03300115466117859,0.03300115466117859,1.0,-3.0,timeout
348,-4.213871002197266,-1.2270722389221191,-0.0002461376425344497,0.03299805149435997,0.03299804776906967,1.0,3.0,timeout
349,-4.213769912719727,-1.2260210514068604,-0.0002464476565364748,0.03300115838646889,0.03300115466117859,1.0,-3.0,timeout
350,-4.2136664390563965,-1.2249701023101807,-0.0002467052254360169,0.03300096094608307,0.03300095722079277,1.0,-3.0,timeout
351,-4.213561058044434,-1.22391939163208,-0.0002469118044245988,0.0329994335770607,0.0329994335770607,1.0,-3.0,timeout
352,-4.213558197021484,-1.2238984107971191,-0.0002519583504181355,0.0006802519201301038,0.0006617189501412213,0.0,-3.0,timeout
353,-4.2134504318237305,-1.2228692770004272,-0.0002465556899551302,0.03233671188354492,0.0323362722992897,1.0,3.0,timeout
354,-4.213343143463135,-1.2218186855316162,-0.00024649137048982084,0.03300173580646515,0.03300173580646515,1.0,3.0,timeout
355,-4.213237762451172,-1.2207679748535156,-0.000246715935645625,0.0329994335770607,0.0329994335770607,1.0,-3.0,timeout
356,-4.213129997253418,-1.2197173833847046,-0.00024692408624105155,0.03300325199961662,0.03300325199961662,1.0,0.0,timeout
357,-4.2130231857299805,-1.2186667919158936,-0.0002470927429385483,0.033000219613313675,0.033000219613313675,1.0,3.0,timeout
358,-4.212918281555176,-1.217616081237793,-0.0002472219639457762,0.03299795463681221,0.03299795463681221,1.0,3.0,timeout
359,-4.21281623840332,-1.2165650129318237,-0.00024732519523240626,0.033000316470861435,0.033000316470861435,1.0,3.0,timeout
360,-4.2127156257629395,-1.215513825416565,-0.0002473972854204476,0.032999731600284576,0.032999731600284576,1.0,-3.0,timeout
361,-4.212717533111572,-1.2154927253723145,-0.00025235876091755927,0.000679977354593575,0.00066206487827003,0.0,3.0,timeout
362,-4.212619304656982,-1.2144626379013062,-0.0002468641032464802,0.03233671560883522,0.03233626112341881,1.0,3.0,timeout
363,-4.212521076202393,-1.2134110927581787,-0.0002467274316586554,0.03300384432077408,0.03300384432077408,1.0,-3.0,timeout
364,-4.212421417236328,-1.21235990524292,-0.0002469246683176607,0.03299690783023834,0.03299690783023834,1.0,3.0,timeout
365,-4.2124199867248535,-1.2123388051986694,-0.00025195805937983096,0.0006793502834625542,0.0006608899566344917,0.0,-3.0,timeout
366,-4.212320804595947,-1.2113087177276611,-0.0002465435245539993,0.03233954682946205,0.032339103519916534,1.0,-3.0,timeout
367,-4.212217330932617,-1.2102577686309814,-0.0002464822318870574,0.03300095722079277,0.03300095722079277,1.0,-3.0,timeout
368,-4.212111473083496,-1.2092070579528809,-0.0002467188169248402,0.03300092741847038,0.03300092741847038,1.0,-3.0,timeout
369,-4.212003231048584,-1.2081565856933594,-0.00024692213628441095,0.033001068979501724,0.033001068979501724,1.0,-3.0,timeout
370,-4.211892604827881,-1.2071064710617065,-0.0002470855542924255,0.032997675240039825,0.032997675240039825,1.0,-3.0,timeout
371,-4.2118940353393555,-1.2070854902267456,-0.00025210989406332374,0.0006756693474017084,0.000657173281069845,0.0,3.0,timeout
372,-4.211785793304443,-1.2060562372207642,-0.0002466640144120902,0.03234197944402695,0.03234152868390083,1.0,3.0,timeout
373,-4.211678981781006,-1.2050056457519531,-0.0002465772849973291,0.033000219613313675,0.033000219613313675,1.0,3.0,timeout
374,-4.211574077606201,-1.2039549350738525,-0.00024678464978933334,0.03299795463681221,0.03299795463681221,1.0,-3.0,timeout
375,-4.211575984954834,-1.203933835029602,-0.0002518683031667024,0.0006808580947108567,0.00066206487827003,0.0,3.0,timeout
376,-4.211575508117676,-1.203933835029602,-0.00025134507450275123,2.2122303562355228e-05,1.4901160284352954e-05,0.0,-3.0,timeout
377,-4.211575031280518,-1.2039339542388916,-0.00025063741486519575,2.6925217753159814e-05,1.5359764802269638e-05,0.0,-3.0,timeout
378,-4.211574554443359,-1.2039339542388916,-0.0002500572009012103,2.346918518014718e-05,1.4901160284352954e-05,0.0,-3.0,timeout
379,-4.211574077606201,-1.2039340734481812,-0.00024959241272881627,2.11397073144326e-05,1.5359764802269638e-05,0.0,-3.0,timeout
380,-4.211574077606201,-1.2039340734481812,-0.0002492206695023924,1.161697491625091e-05,0.0,0.0,-3.0,timeout
381,-4.211460113525391,-1.202905535697937,-0.0002440489479340613,0.032338909804821014,0.03233850374817848,1.0,3.0,timeout
382,-4.211459159851074,-1.202884316444397,-0.0002493552165105939,0.0006841699942015111,0.0006637710030190647,0.0,3.0,timeout
383,-4.211350440979004,-1.201855182647705,-0.0002444461570121348,0.03233975172042847,0.032339390367269516,1.0,3.0,timeout
384,-4.211242198944092,-1.2008047103881836,-0.00024479313287883997,0.033001068979501724,0.033001068979501724,1.0,-3.0,timeout
385,-4.211131572723389,-1.1997544765472412,-0.0002453672350384295,0.033001381903886795,0.0330013781785965,1.0,-3.0,timeout
386,-4.2110185623168945,-1.1987046003341675,-0.0002458409871906042,0.032998159527778625,0.03299815580248833,1.0,-3.0,timeout
387,-4.210903167724609,-1.1976548433303833,-0.0002462256234139204,0.03300251066684723,0.03300251066684723,1.0,0.0,timeout
388,-4.210788249969482,-1.1966050863265991,-0.0002465340949129313,0.0330008864402771,0.0330008827149868,1.0,3.0,timeout
389,-4.210675239562988,-1.1955552101135254,-0.0002467651793267578,0.03299815580248833,0.03299815580248833,1.0,-3.0,timeout
390,-4.210560321807861,-1.1945054531097412,-0.0002469694591127336,0.0330008827149868,0.0330008827149868,1.0,3.0,timeout
391,-4.210447311401367,-1.193455457687378,-0.00024711352307349443,0.033001858741045,0.033001858741045,1.0,-3.0,timeout
392,-4.210444927215576,-1.193434476852417,-0.0002521190035622567,0.000678157084621489,0.0006598707986995578,0.0,-3.0,timeout
393,-4.210444450378418,-1.1934345960617065,-0.000251557445153594,2.3321217668126337e-05,1.5359764802269638e-05,0.0,-3.0,timeout
394,-4.210444450378418,-1.1934345960617065,-0.0002508180623408407,2.310571107955184e-05,0.0,0.0,3.0,timeout
395,-4.2103271484375,-1.1923853158950806,-0.0002452156040817499,0.03299473226070404,0.03299426659941673,1.0,0.0,timeout
396,-4.210209846496582,-1.191335916519165,-0.0002455025096423924,0.032997969537973404,0.032997969537973404,1.0,3.0,timeout
397,-4.210207939147949,-1.191314935684204,-0.00025081043713726103,0.0006789291510358453,0.0006583547801710665,0.0,-3.0,timeout
398,-4.210092544555664,-1.1902865171432495,-0.00024563641636632383,0.0323401615023613,0.032339755445718765,1.0,3.0,timeout
399,-4.209978103637695,-1.1892366409301758,-0.0002457565860822797,0.03300296887755394,0.03300296887755394,1.0,3.0,timeout
400,-4.209977149963379,-1.1892155408859253,-0.00025102143990807235,0.0006802458083257079,0.0006600494962185621,0.0,3.0,timeout
401,-4.209868907928467,-1.1881862878799438,-0.0002457943628542125,0.03234194219112396,0.03234152868390083,1.0,3.0,timeout
402,-4.209762096405029,-1.1871356964111328,-0.00024588251835666597,0.033000219613313675,0.033000219613313675,1.0,3.0,timeout
403,-4.209657192230225,-1.1860849857330322,-0.0002462395641487092,0.03299795463681221,0.03299795463681221,1.0,3.0,timeout
404,-4.209656715393066,-1.1860637664794922,-0.00025142161757685244,0.0006827518809586763,0.0006632690201513469,0.0,3.0,timeout
405,-4.209657669067383,-1.1860636472702026,-0.00025099923368543386,3.280675082351081e-05,3.003424899361562e-05,0.0,3.0,timeout
406,-4.209658622741699,-1.186063528060913,-0.00025036168517544866,3.60416088369675e-05,3.003424899361562e-05,0.0,3.0,timeout
407,-4.209564208984375,-1.1850330829620361,-0.0002449526509735733,0.03233673423528671,0.032336290925741196,1.0,3.0,timeout
408,-4.209471225738525,-1.18398118019104,-0.00024519397993572056,0.03300013765692711,0.03300013765692711,1.0,3.0,timeout
409,-4.20937967300415,-1.1829290390014648,-0.000245677336351946,0.03300365433096886,0.03300365060567856,1.0,-3.0,timeout
410,-4.209285736083984,-1.1818772554397583,-0.0002460880496073514,0.03299906477332115,0.03299906477332115,1.0,-3.0,timeout
411,-4.209188938140869,-1.1808257102966309,-0.00024641797062940896,0.03299972042441368,0.03299972042441368,1.0,-3.0,timeout
412,-4.209090709686279,-1.179774284362793,-0.0002466922451276332,0.03300013765692711,0.03300013765692711,1.0,3.0,timeout
413,-4.2089948654174805,-1.178722620010376,-0.00024690182181075215,0.03300070762634277,0.03300070762634277,1.0,3.0,timeout
414,-4.208901405334473,-1.1776707172393799,-0.00024706911062821746,0.03300144895911217,0.03300144895911217,1.0,3.0,timeout
415,-4.208810329437256,-1.1766186952590942,-0.0002472030173521489,0.03299865126609802,0.03299865126609802,1.0,3.0,timeout
416,-4.20872163772583,-1.17556631565094,-0.00024731020675972104,0.03300344571471214,0.03300344571471214,1.0,3.0,timeout
417,-4.20872163772583,-1.1755452156066895,-0.00025227811420336366,0.0006774059729650617,0.0006593763246200979,0.0,3.0,timeout
418,-4.208722114562988,-1.1755450963974,-0.00025167877902276814,2.422201941953972e-05,1.5359764802269638e-05,0.0,0.0,timeout
419,-4.208723068237305,-1.1755449771881104,-0.000250910670729354,3.8447607948910445e-05,3.003424899361562e-05,0.0,3.0,timeout
420,-4.208639144897461,-1.1745134592056274,-0.00024538004072383046,0.03234190493822098,0.03234144300222397,1.0,-3.0,timeout
421,-4.208553791046143,-1.173460841178894,-0.0002455365611240268,0.033002275973558426,0.033002275973558426,1.0,-3.0,timeout
422,-4.208466529846191,-1.1724084615707397,-0.00024596668663434684,0.03299972414970398,0.03299972042441368,1.0,0.0,timeout
423,-4.208379745483398,-1.1713560819625854,-0.00024632629356347024,0.03299849480390549,0.03299849480390549,1.0,3.0,timeout
424,-4.208294868469238,-1.170303463935852,-0.0002466089208610356,0.03300107643008232,0.03300107643008232,1.0,3.0,timeout
425,-4.208212852478027,-1.1692506074905396,-0.00024683488300070167,0.03300143778324127,0.03300143778324127,1.0,3.0,timeout
426,-4.208133220672607,-1.1681976318359375,-0.00024701570509932935,0.03299944847822189,0.03299944847822189,1.0,3.0,timeout
427,-4.208055019378662,-1.167144536972046,-0.00024714975734241307,0.03299982473254204,0.03299982473254204,1.0,-3.0,timeout
428,-4.207975387573242,-1.1660915613174438,-0.00024727723211981356,0.03299944847822189,0.03299944847822189,1.0,3.0,timeout
429,-4.207974910736084,-1.1660703420639038,-0.00025225200806744397,0.0006812445935793221,0.0006632690201513469,0.0,3.0,timeout
430,-4.207898139953613,-1.1650382280349731,-0.0002467678568791598,0.032343119382858276,0.032342664897441864,1.0,-3.0,timeout
431,-4.207819938659668,-1.1639851331710815,-0.00024666174431331456,0.03299982473254204,0.03299982473254204,1.0,-3.0,timeout
432,-4.207738876342773,-1.162932276725769,-0.00024686232791282237,0.03299913555383682,0.03299913555383682,1.0,-3.0,timeout
433,-4.207655906677246,-1.161879539489746,-0.00024704672978259623,0.033000051975250244,0.033000051975250244,1.0,3.0,timeout
434,-4.20757532119751,-1.160826563835144,-0.00024718011263757944,0.03300171345472336,0.03300171345472336,1.0,0.0,timeout
435,-4.207574367523193,-1.1608054637908936,-0.00025217930669896305,0.0006782857817597687,0.0006600494962185621,0.0,3.0,timeout
436,-4.207495212554932,-1.1597734689712524,-0.0002467099984642118,0.032345011830329895,0.03234456107020378,1.0,-3.0,timeout
437,-4.207414150238037,-1.15872061252594,-0.0002466158475726843,0.03299913555383682,0.03299913555383682,1.0,-3.0,timeout
438,-4.207411766052246,-1.1586995124816895,-0.0002517069806344807,0.0006823784788139164,0.000663572340272367,0.0,-3.0,timeout
439,-4.207411766052246,-1.1586995124816895,-0.0002512323553673923,1.4832038687018212e-05,0.0,0.0,0.0,timeout
440,-4.207411766052246,-1.1586995124816895,-0.00025055359583348036,2.121123361575883e-05,0.0,0.0,3.0,timeout
441,-4.207411289215088,-1.1586995124816895,-0.0002499852853361517,2.318300357728731e-05,1.4901160284352954e-05,0.0,0.0,timeout
442,-4.207329750061035,-1.1576679944992065,-0.00024465605383738875,0.03233591839671135,0.032335489988327026,1.0,3.0,timeout
443,-4.207329273223877,-1.1576467752456665,-0.0002498397952876985,0.0006827643956057727,0.0006632690201513469,0.0,3.0,timeout
444,-4.207328796386719,-1.157646894454956,-0.00024970824597403407,1.5900377547950484e-05,1.5359764802269638e-05,0.0,-3.0,timeout
445,-4.207329273223877,-1.157646894454956,-0.0002493379288353026,1.8867040125769563e-05,1.4901160284352954e-05,0.0,3.0,timeout
446,-4.207249641418457,-1.156614899635315,-0.00024412214406765997,0.03234611079096794,0.03234570473432541,1.0,-3.0,timeout
447,-4.2071685791015625,-1.1555620431900024,-0.00024453079095110297,0.03299913927912712,0.03299913555383682,1.0,-3.0,timeout
448,-4.207086086273193,-1.1545093059539795,-0.0002451675245538354,0.03299889340996742,0.032998885959386826,1.0,3.0,timeout
449,-4.207005023956299,-1.1534563302993774,-0.0002456718357279897,0.03300285339355469,0.03300284966826439,1.0,-3.0,timeout
450,-4.20692253112793,-1.1524035930633545,-0.00024609509273432195,0.032998889684677124,0.032998885959386826,1.0,3.0,timeout
451,-4.206841468811035,-1.1513506174087524,-0.00024641433265060186,0.03300285339355469,0.03300284966826439,1.0,-3.0,timeout
452,-4.206841468811035,-1.1513503789901733,-0.0002516622480470687,0.00016416650032624602,7.450580142176477e-06,0.0,0.0,timeout
453,-4.206758975982666,-1.1503188610076904,-0.0002462108968757093,0.03233829885721207,0.03233785182237625,1.0,-3.0,timeout
454,-4.206757068634033,-1.15029776096344,-0.00025109376292675734,0.0006794214132241905,0.00066206487827003,0.0,-3.0,timeout
455,-4.206669807434082,-1.1492666006088257,-0.0002458381641190499,0.03233935311436653,0.032338935881853104,1.0,-3.0,timeout
456,-4.206579208374023,-1.1482144594192505,-0.000245922536123544,0.03300108388066292,0.03300108388066292,1.0,0.0,timeout
457,-4.206577777862549,-1.148193359375,-0.00025115959579125047,0.0006808520993217826,0.0006608899566344917,0.0,3.0,timeout
458,-4.206488132476807,-1.1471621990203857,-0.0002458931994624436,0.0323457196354866,0.032345302402973175,1.0,-3.0,timeout
459,-4.206398010253906,-1.1461100578308105,-0.00024597279843874276,0.032999806106090546,0.032999806106090546,1.0,3.0,timeout
460,-4.206396102905273,-1.1460890769958496,-0.0002511834027245641,0.0006781924748793244,0.0006583547801710665,0.0,-3.0,timeout
461,-4.206306457519531,-1.1450581550598145,-0.0002459235256537795,0.03233829885721207,0.03233787789940834,1.0,-3.0,timeout
462,-4.206213474273682,-1.1440062522888184,-0.00024599654716439545,0.03300013765692711,0.03300013765692711,1.0,3.0,timeout
463,-4.206122875213623,-1.1429541110992432,-0.0002463306300342083,0.03300108388066292,0.03300108388066292,1.0,3.0,timeout
464,-4.206035137176514,-1.1419017314910889,-0.0002466114819981158,0.03300096094608307,0.03300095722079277,1.0,3.0,timeout
465,-4.205949306488037,-1.140849232673645,-0.0002468369493726641,0.03299977257847786,0.03299977257847786,1.0,3.0,timeout
466,-4.205949306488037,-1.140828013420105,-0.00025189973530359566,0.0006817146786488593,0.0006631016149185598,0.0,3.0,timeout
467,-4.205949306488037,-1.140828013420105,-0.0002513710060156882,1.6522790247108787e-05,0.0,0.0,-3.0,timeout
468,-4.205867290496826,-1.1397963762283325,-0.00024578472948633134,0.03234085068106651,0.03234037756919861,1.0,3.0,timeout
469,-4.205786228179932,-1.13874351978302,-0.0002458500093780458,0.03299913555383682,0.03299913555383682,1.0,-3.0,timeout
470,-4.2057881355285645,-1.1387224197387695,-0.0002511058992240578,0.0006821340066380799,0.00066206487827003,0.0,3.0,timeout
471,-4.205705642700195,-1.1376906633377075,-0.0002458496019244194,0.032345693558454514,0.032345280051231384,1.0,-3.0,timeout
472,-4.205621719360352,-1.1366379261016846,-0.0002459276875015348,0.03300240635871887,0.03300240635871887,1.0,-3.0,timeout
473,-4.205535411834717,-1.1355854272842407,-0.0002462754200678319,0.03300098702311516,0.03300098329782486,1.0,-3.0,timeout
474,-4.205447196960449,-1.134533166885376,-0.00024657734320499003,0.03299848735332489,0.03299848362803459,1.0,3.0,timeout
475,-4.205361843109131,-1.1334805488586426,-0.0002468096499796957,0.033002275973558426,0.033002275973558426,1.0,3.0,timeout
476,-4.2053608894348145,-1.133459448814392,-0.0002518775872886181,0.0006787837482988834,0.0006600494962185621,0.0,3.0,timeout
477,-4.205281734466553,-1.13242769241333,-0.00024647993268445134,0.03233756870031357,0.03233713284134865,1.0,3.0,timeout
478,-4.2052812576293945,-1.13240647315979,-0.00025131317670457065,0.0006802488933317363,0.0006632690201513469,0.0,3.0,timeout
479,-4.205204010009766,-1.1313743591308594,-0.0002460019604768604,0.03234419971704483,0.03234377130866051,1.0,-3.0,timeout
480,-4.205124855041504,-1.1303213834762573,-0.0002460485848132521,0.032998327165842056,0.032998327165842056,1.0,-3.0,timeout
481,-4.2051262855529785,-1.1303001642227173,-0.00025126556283794343,0.0006843107403255999,0.0006646068068221211,0.0,3.0,timeout
482,-4.205046653747559,-1.1292682886123657,-0.0002459776878822595,0.03234241157770157,0.03234199061989784,1.0,-3.0,timeout
483,-4.205044746398926,-1.1292471885681152,-0.0002509119512978941,0.0006797839305363595,0.00066206487827003,0.0,-3.0,timeout
484,-4.204961776733398,-1.1282156705856323,-0.00024569290690124035,0.03233945369720459,0.03233904391527176,1.0,-3.0,timeout
485,-4.204959869384766,-1.1281945705413818,-0.0002506833989173174,0.0006801846902817488,0.00066206487827003,0.0,-3.0,timeout
486,-4.204872131347656,-1.1271635293960571,-0.0002455101057421416,0.03233688697218895,0.03233648091554642,1.0,-3.0,timeout
487,-4.2047810554504395,-1.126111388206482,-0.00024566520005464554,0.03300236165523529,0.03300236165523529,1.0,3.0,timeout
488,-4.204692840576172,-1.1250591278076172,-0.000246065465034917,0.03299848735332489,0.03299848362803459,1.0,3.0,timeout
489,-4.204606056213379,-1.1240066289901733,-0.0002463894197717309,0.033002205193042755,0.033002205193042755,1.0,-3.0,timeout
490,-4.204517841339111,-1.122954249382019,-0.00024666893295943737,0.03300220146775246,0.03300220146775246,1.0,3.0,timeout
491,-4.204431056976318,-1.1219018697738647,-0.0002468732127454132,0.03299849480390549,0.03299849480390549,1.0,-3.0,timeout
492,-4.204342365264893,-1.120849609375,-0.00024704571114853024,0.032999731600284576,0.032999731600284576,1.0,-3.0,timeout
493,-4.204341888427734,-1.1208492517471313,-0.00025216734502464533,0.00016113126184791327,1.862645149230957e-05,0.0,0.0,timeout
494,-4.204251766204834,-1.1198184490203857,-0.00024661511997692287,0.032335929572582245,0.03233546391129494,1.0,-3.0,timeout
495,-4.204253196716309,-1.1197973489761353,-0.000251429300988093,0.0006777969538234174,0.0006608899566344917,0.0,3.0,timeout
496,-4.204163551330566,-1.1187664270401,-0.00024610530817881227,0.03233831003308296,0.03233787789940834,1.0,3.0,timeout
497,-4.20416259765625,-1.1187453269958496,-0.00025101262144744396,0.0006776301888749003,0.0006600494962185621,0.0,3.0,timeout
498,-4.204078674316406,-1.1177139282226562,-0.0002457729715388268,0.03233814612030983,0.0323377326130867,1.0,3.0,timeout
499,-4.204077243804932,-1.1176928281784058,-0.00025073601864278316,0.0006788446917198598,0.0006608899566344917,0.0,-3.0,timeout
500,-4.2039923667907715,-1.1166614294052124,-0.00024555122945457697,0.03234056755900383,0.032340165227651596,1.0,-3.0,timeout
501,-4.20390510559082,-1.1156305074691772,-0.0002419373340671882,0.03233170881867409,0.03233151137828827,1.0,-3.0,timeout
502,-4.2038140296936035,-1.1145784854888916,-0.0002427827857900411,0.03299866244196892,0.03299865126609802,1.0,-3.0,timeout
503,-4.2038116455078125,-1.1145575046539307,-0.00024864214356057346,0.0006848042248748243,0.0006598707986995578,0.0,-3.0,timeout
504,-4.2038116455078125,-1.1145575046539307,-0.00024878629483282566,4.5047272578813136e-06,0.0,0.0,3.0,timeout
505,-4.2037200927734375,-1.1135268211364746,-0.00024370673054363579,0.03233606740832329,0.03233567625284195,1.0,3.0,timeout
506,-4.203718185424805,-1.1135057210922241,-0.00024907063925638795,0.0006829546764492989,0.00066206487827003,0.0,-3.0,timeout
507,-4.203718185424805,-1.1135057210922241,-0.00024910864885896444,1.1878000805154443e-06,0.0,0.0,0.0,timeout
508,-4.203627109527588,-1.1124749183654785,-0.00024396978551521897,0.032338473945856094,0.03233807161450386,1.0,3.0,timeout
509,-4.203625202178955,-1.1124539375305176,-0.0002492810017429292,0.000678954238537699,0.0006583547801710665,0.0,-3.0,timeout
510,-4.20353364944458,-1.111423134803772,-0.00024438631953671575,0.03233974799513817,0.032339390367269516,1.0,-3.0,timeout
511,-4.203533172607422,-1.1114228963851929,-0.0002497408422641456,0.00016815615526866168,1.6660003893775865e-05,0.0,0.0,timeout
512,-4.203439235687256,-1.1103923320770264,-0.0002446698199491948,0.032339032739400864,0.032338641583919525,1.0,3.0,timeout
513,-4.2033467292785645,-1.1093404293060303,-0.00024497826234437525,0.03299883008003235,0.03299882635474205,1.0,3.0,timeout
514,-4.203255653381348,-1.108288288116455,-0.00024550556554459035,0.03300236538052559,0.03300236165523529,1.0,-3.0,timeout
515,-4.203254222869873,-1.1082671880722046,-0.00025083261425606906,0.0006815335364080966,0.0006608899566344917,0.0,-3.0,timeout
516,-4.203254699707031,-1.1082671880722046,-0.000250539043918252,1.7498805391369388e-05,1.4901160284352954e-05,0.0,3.0,timeout
517,-4.203159332275391,-1.1072365045547485,-0.00024509747163392603,0.03234688565135002,0.032346442341804504,1.0,-3.0,timeout
518,-4.203062534332275,-1.106184959411621,-0.0002453119959682226,0.03299972042441368,0.03299972042441368,1.0,-3.0,timeout
519,-4.202963829040527,-1.1051335334777832,-0.00024578237207606435,0.033001530915498734,0.033001527190208435,1.0,-3.0,timeout
520,-4.20286226272583,-1.1040823459625244,-0.00024617332383058965,0.0330025888979435,0.0330025851726532,1.0,-3.0,timeout
521,-4.202863693237305,-1.1040613651275635,-0.0002513804065529257,0.0006770191248506308,0.000657173281069845,0.0,3.0,timeout
522,-4.202763080596924,-1.1030104160308838,-0.0002459787065163255,0.03299274668097496,0.03299231454730034,1.0,0.0,timeout
523,-4.202661991119385,-1.101959228515625,-0.0002461183175910264,0.03300115466117859,0.03300115466117859,1.0,-3.0,timeout
524,-4.202663421630859,-1.1019381284713745,-0.00025132569135166705,0.0006806296878494322,0.0006608899566344917,0.0,3.0,timeout
525,-4.202662944793701,-1.101938247680664,-0.00025092007126659155,1.9914665244868957e-05,1.5359764802269638e-05,0.0,3.0,timeout
526,-4.202567100524902,-1.1009079217910767,-0.00024541348102502525,0.03233714774250984,0.03233668953180313,1.0,3.0,timeout
527,-4.2024712562561035,-1.0998562574386597,-0.00024555285926908255,0.03300070762634277,0.03300070762634277,1.0,-3.0,timeout
528,-4.202470779418945,-1.099855899810791,-0.0002509581099729985,0.00016993796452879906,1.862645149230957e-05,0.0,0.0,timeout
529,-4.202374458312988,-1.0988255739212036,-0.00024564669001847506,0.032338500022888184,0.03233807533979416,1.0,-3.0,timeout
530,-4.20237398147583,-1.0988253355026245,-0.0002507449244149029,0.00016018851601984352,1.6660003893775865e-05,0.0,0.0,timeout
531,-4.202373027801514,-1.098825454711914,-0.0002503471332602203,3.25051587424241e-05,3.003424899361562e-05,0.0,-3.0,timeout
532,-4.2023725509643555,-1.0988255739212036,-0.0002498348767403513,2.2185105990502052e-05,1.5359764802269638e-05,0.0,-3.0,timeout
533,-4.202269077301025,-1.097795844078064,-0.00024452974321320653,0.03234153613448143,0.032341111451387405,1.0,-3.0,timeout
534,-4.2021613121032715,-1.0967453718185425,-0.0002448566956445575,0.03299954906105995,0.03299954533576965,1.0,-3.0,timeout
535,-4.202052116394043,-1.0956950187683105,-0.00024542800383642316,0.033000435680150986,0.03300043195486069,1.0,3.0,timeout
536,-4.201944351196289,-1.094644546508789,-0.0002458802191540599,0.03299954906105995,0.03299954533576965,1.0,-3.0,timeout
537,-4.201941967010498,-1.0946235656738281,-0.0002511332568246871,0.0006799831753596663,0.0006598707986995578,0.0,-3.0,timeout
538,-4.201832294464111,-1.0935945510864258,-0.00024589549866504967,0.03233924135565758,0.03233882784843445,1.0,3.0,timeout
539,-4.201723098754883,-1.0925441980361938,-0.00024596345610916615,0.03300043195486069,0.03300043195486069,1.0,3.0,timeout
540,-4.2016167640686035,-1.0914934873580933,-0.00024630388361401856,0.033002424985170364,0.033002424985170364,1.0,3.0,timeout
541,-4.201615333557129,-1.0914725065231323,-0.00025146128609776497,0.000676647643558681,0.000657173281069845,0.0,-3.0,timeout
542,-4.201510429382324,-1.0904428958892822,-0.0002461578114889562,0.032342329621315,0.03234190493822098,1.0,3.0,timeout
543,-4.20150899887085,-1.0904219150543213,-0.0002510449558030814,0.0006746859289705753,0.000657173281069845,0.0,-3.0,timeout
544,-4.20150899887085,-1.0904219150543213,-0.0002506829041521996,1.1314113180560526e-05,0.0,0.0,-3.0,timeout
545,-4.201401233673096,-1.0893926620483398,-0.0002452221233397722,0.03234042599797249,0.032339975237846375,1.0,-3.0,timeout
546,-4.201399326324463,-1.089371681213379,-0.00025029267999343574,0.0006771550397388637,0.0006583547801710665,0.0,-3.0,timeout
547,-4.201399326324463,-1.0893715620040894,-0.00025009180535562336,7.299498975044116e-06,3.7252900710882386e-06,0.0,3.0,timeout
548,-4.201399326324463,-1.089371681213379,-0.0002496254164725542,1.5043214261822868e-05,3.7252900710882386e-06,0.0,-3.0,timeout
549,-4.201286792755127,-1.0883429050445557,-0.00024437319370917976,0.03234143182635307,0.032341018319129944,1.0,3.0,timeout
550,-4.201174736022949,-1.0872927904129028,-0.00024472063523717225,0.03300238773226738,0.03300238773226738,1.0,-3.0,timeout
551,-4.20117712020874,-1.0872716903686523,-0.00025020402972586453,0.0006853402010165155,0.000663572340272367,0.0,3.0,timeout
552,-4.20106315612793,-1.0862427949905396,-0.0002451262262184173,0.032349999994039536,0.032349612563848495,1.0,-3.0,timeout
553,-4.200949192047119,-1.0851929187774658,-0.00024536027922295034,0.033001359552145004,0.033001359552145004,1.0,3.0,timeout
554,-4.2008376121521,-1.084142804145813,-0.00024582192418165505,0.03300081193447113,0.03300080820918083,1.0,3.0,timeout
555,-4.200836181640625,-1.0841217041015625,-0.0002510874473955482,0.000681066419929266,0.0006608899566344917,0.0,3.0,timeout
556,-4.2007269859313965,-1.083092212677002,-0.00024583510821685195,0.03235248476266861,0.03235207125544548,1.0,-3.0,timeout
557,-4.200616836547852,-1.0820419788360596,-0.0002459168608766049,0.03299982100725174,0.03299982100725174,1.0,-3.0,timeout
558,-4.2006144523620605,-1.0820209980010986,-0.00025114830350503325,0.0006798205431550741,0.0006598707986995578,0.0,-3.0,timeout
559,-4.200500011444092,-1.080971360206604,-0.000245804461883381,0.03299598768353462,0.0329955630004406,1.0,0.0,timeout
560,-4.200385570526123,-1.0799216032028198,-0.00024598921299912035,0.03299926221370697,0.03299926221370697,1.0,3.0,timeout
561,-4.200384140014648,-1.0799005031585693,-0.00025121145881712437,0.0006807409226894379,0.0006608899566344917,0.0,3.0,timeout
562,-4.200384140014648,-1.0799006223678589,-0.0002508201578166336,1.2783018974005245e-05,3.7252900710882386e-06,0.0,-3.0,timeout
563,-4.200384140014648,-1.0799005031585693,-0.00025022795307449996,1.8877619368140586e-05,3.7252900710882386e-06,0.0,3.0,timeout
564,-4.200384616851807,-1.0799005031585693,-0.000249730161158368,2.154144021915272e-05,1.4901160284352954e-05,0.0,3.0,timeout
565,-4.200275421142578,-1.0788711309432983,-0.0002444339042995125,0.032348789274692535,0.03234836459159851,1.0,-3.0,timeout
566,-4.200165271759033,-1.077820897102356,-0.000244791095610708,0.03299982100725174,0.03299982100725174,1.0,3.0,timeout
567,-4.200057506561279,-1.0767704248428345,-0.00024535608827136457,0.03299954906105995,0.03299954533576965,1.0,-3.0,timeout
568,-4.199947357177734,-1.0757200717926025,-0.00024584188940934837,0.03300352767109871,0.03300352767109871,1.0,3.0,timeout
569,-4.199840068817139,-1.074669599533081,-0.0002462217235006392,0.03299802541732788,0.03299802541732788,1.0,3.0,timeout
570,-4.199734687805176,-1.073618769645691,-0.0002465150028001517,0.03300314396619797,0.03300314396619797,1.0,-3.0,timeout
571,-4.199626445770264,-1.0725682973861694,-0.0002467590675223619,0.033001068979501724,0.033001068979501724,1.0,-3.0,timeout
572,-4.199516296386719,-1.0715181827545166,-0.0002469548489898443,0.03299611806869507,0.03299611806869507,1.0,-3.0,timeout
573,-4.199403285980225,-1.0704681873321533,-0.0002471116022206843,0.033001858741045,0.033001858741045,1.0,-3.0,timeout
574,-4.1992878913879395,-1.0694184303283691,-0.0002472370979376137,0.03300251066684723,0.03300251066684723,1.0,-3.0,timeout
575,-4.199289321899414,-1.0693974494934082,-0.0002522312570363283,0.0006754507776349783,0.000657173281069845,0.0,3.0,timeout
576,-4.199172496795654,-1.068368911743164,-0.0002467490267008543,0.03234892711043358,0.032348472625017166,1.0,-3.0,timeout
577,-4.199054718017578,-1.067319393157959,-0.0002466484147589654,0.03300332650542259,0.03300332650542259,1.0,-3.0,timeout
578,-4.199051856994629,-1.0672985315322876,-0.00025173340691253543,0.0006769430474378169,0.0006580279441550374,0.0,-3.0,timeout
579,-4.1989312171936035,-1.0662707090377808,-0.00024636415764689445,0.03234037756919861,0.03233994171023369,1.0,-3.0,timeout
580,-4.198930740356445,-1.0662704706192017,-0.0002513228973839432,0.00015585360233671963,1.6660003893775865e-05,0.0,0.0,timeout
581,-4.198806285858154,-1.0652220249176025,-0.00024583321646787226,0.03299439698457718,0.032993949949741364,1.0,0.0,timeout
582,-4.1986823081970215,-1.0641733407974243,-0.0002460069372318685,0.03299959376454353,0.03299959376454353,1.0,3.0,timeout
583,-4.198680400848389,-1.0641522407531738,-0.0002512252249289304,0.000681852048728615,0.00066206487827003,0.0,3.0,timeout
584,-4.198558807373047,-1.063124179840088,-0.0002459444513078779,0.03235125169157982,0.03235083073377609,1.0,-3.0,timeout
585,-4.198436260223389,-1.0620752573013306,-0.0002460048708599061,0.03300177678465843,0.03300177678465843,1.0,-3.0,timeout
586,-4.198312282562256,-1.0610265731811523,-0.0002463471028022468,0.03299959748983383,0.03299959376454353,1.0,3.0,timeout
587,-4.198190689086914,-1.059977650642395,-0.00024662481155246496,0.03299833461642265,0.032998330891132355,1.0,3.0,timeout
588,-4.1981892585754395,-1.0599565505981445,-0.00025172988534905016,0.0006798724643886089,0.0006608899566344917,0.0,3.0,timeout
589,-4.1981892585754395,-1.0599565505981445,-0.000251235265750438,1.5456862456630915e-05,0.0,0.0,-3.0,timeout
590,-4.198071479797363,-1.0589284896850586,-0.00024566453066654503,0.03233751654624939,0.03233704715967178,1.0,-3.0,timeout
591,-4.197949409484863,-1.0578795671463013,-0.00024576467694714665,0.033000051975250244,0.033000051975250244,1.0,-3.0,timeout
592,-4.197951316833496,-1.0578585863113403,-0.00025103928055614233,0.0006786754820495844,0.0006583547801710665,0.0,3.0,timeout
593,-4.197831630706787,-1.056830644607544,-0.00024580638273619115,0.03234059736132622,0.03234018757939339,1.0,3.0,timeout
594,-4.197713375091553,-1.0557812452316284,-0.0002458915114402771,0.03300129249691963,0.03300129249691963,1.0,3.0,timeout
595,-4.197597026824951,-1.0547316074371338,-0.00024624637444503605,0.03300207480788231,0.03300207480788231,1.0,3.0,timeout
596,-4.197482585906982,-1.0536818504333496,-0.00024653386208228767,0.03299926593899727,0.03299926221370697,1.0,-3.0,timeout
597,-4.19748067855835,-1.0536608695983887,-0.00025165529223158956,0.00067752884933725,0.0006583547801710665,0.0,-3.0,timeout
598,-4.19748067855835,-1.0536607503890991,-0.0002511915809009224,1.4962161003495567e-05,3.7252900710882386e-06,0.0,0.0,timeout
599,-4.197362899780273,-1.0526326894760132,-0.00024562605540268123,0.03233751282095909,0.03233704715967178,1.0,-3.0,timeout
600,-4.197241306304932,-1.0515836477279663,-0.0002457439841236919,0.033002033829689026,0.033002033829689026,1.0,3.0,timeout
601,-4.197239398956299,-1.0515626668930054,-0.00025099969934672117,0.0006785323494113982,0.0006583547801710665,0.0,-3.0,timeout
602,-4.197238922119141,-1.0515626668930054,-0.0002506609307602048,1.827892083383631e-05,1.4901160284352954e-05,0.0,-3.0,timeout
603,-4.197116374969482,-1.0505352020263672,-0.0002452054468449205,0.03233630210161209,0.03233584761619568,1.0,-3.0,timeout
604,-4.196990013122559,-1.049486756324768,-0.00024540777667425573,0.03300102800130844,0.03300102800130844,1.0,3.0,timeout
605,-4.196865081787109,-1.0484381914138794,-0.00024584922357462347,0.03299941122531891,0.03299940750002861,1.0,-3.0,timeout
606,-4.196738243103027,-1.0473897457122803,-0.0002462260308675468,0.033002819865942,0.0330028161406517,1.0,-3.0,timeout
607,-4.196735382080078,-1.0473688840866089,-0.0002514100924599916,0.0006776765221729875,0.0006580279441550374,0.0,-3.0,timeout
608,-4.196605205535889,-1.046342134475708,-0.00024610597756691277,0.03234320133924484,0.03234277665615082,1.0,-3.0,timeout
609,-4.196470737457275,-1.0452947616577148,-0.0002461328112985939,0.03299904242157936,0.03299904242157936,1.0,-3.0,timeout
610,-4.196472644805908,-1.0452739000320435,-0.0002513347426429391,0.0006745263235643506,0.0006546448566950858,0.0,3.0,timeout
611,-4.196341037750244,-1.0442473888397217,-0.00024604209465906024,0.03234146162867546,0.032341040670871735,1.0,3.0,timeout
612,-4.19620943069458,-1.0431996583938599,-0.00024607026716694236,0.03299886733293533,0.03299886733293533,1.0,-3.0,timeout
613,-4.196208953857422,-1.0431993007659912,-0.0002513724903110415,0.00016673812933731824,1.862645149230957e-05,0.0,0.0,timeout
614,-4.196077823638916,-1.0421727895736694,-0.0002459890383761376,0.032339584082365036,0.032339148223400116,1.0,3.0,timeout
615,-4.19594669342041,-1.0411250591278076,-0.0002460240793880075,0.0329970121383667,0.0329970121383667,1.0,-3.0,timeout
616,-4.1958136558532715,-1.0400774478912354,-0.0002463618584442884,0.033000774681568146,0.033000774681568146,1.0,3.0,timeout
617,-4.195683479309082,-1.0390294790267944,-0.00024663680233061314,0.03300071880221367,0.03300071880221367,1.0,3.0,timeout
618,-4.195681571960449,-1.039008378982544,-0.0002517396060284227,0.0006809979095123708,0.00066206487827003,0.0,3.0,timeout
619,-4.195558071136475,-1.0379810333251953,-0.00024636948364786804,0.03233613073825836,0.03233569115400314,1.0,3.0,timeout
620,-4.195435047149658,-1.036932110786438,-0.0002463370328769088,0.03300350904464722,0.03300350904464722,1.0,0.0,timeout
621,-4.195312023162842,-1.0358833074569702,-0.00024660839699208736,0.03299981355667114,0.032999809831380844,1.0,3.0,timeout
622,-4.195191383361816,-1.0348342657089233,-0.00024683415540494025,0.032998617738485336,0.032998617738485336,1.0,3.0,timeout
623,-4.195073127746582,-1.0337848663330078,-0.00024701523943804204,0.03300129249691963,0.03300129249691963,1.0,3.0,timeout
624,-4.194957256317139,-1.0327352285385132,-0.0002471601765137166,0.033000439405441284,0.033000439405441284,1.0,3.0,timeout
625,-4.19484281539917,-1.031685471534729,-0.00024726512492634356,0.03299926221370697,0.03299926221370697,1.0,-3.0,timeout
626,-4.19472599029541,-1.030635952949524,-0.0002473585191182792,0.03300001844763756,0.03300001844763756,1.0,-3.0,timeout
627,-4.194607257843018,-1.029586672782898,-0.00024744452093727887,0.03299925848841667,0.03299925848841667,1.0,3.0,timeout
628,-4.194607734680176,-1.0295863151550293,-0.0002524765150155872,0.0001583491248311475,1.862645149230957e-05,0.0,0.0,timeout
629,-4.194607257843018,-1.0295863151550293,-0.00025174603797495365,2.7260502974968404e-05,1.4901160284352954e-05,0.0,-3.0,timeout
630,-4.1944899559021,-1.0285582542419434,-0.000246069161221385,0.03233584016561508,0.03233535587787628,1.0,-3.0,timeout
631,-4.1943678855896,-1.027509331703186,-0.0002460879913996905,0.033000051975250244,0.033000051975250244,1.0,-3.0,timeout
632,-4.1943678855896,-1.0275089740753174,-0.0002513863146305084,0.00016594934277236462,1.117586998589104e-05,0.0,0.0,timeout
633,-4.194245338439941,-1.0264815092086792,-0.00024598927120678127,0.032336290925741196,0.03233584761619568,1.0,-3.0,timeout
634,-4.194118022918701,-1.0254331827163696,-0.0002460351097397506,0.03300091251730919,0.03300091251730919,1.0,-3.0,timeout
635,-4.194119930267334,-1.0254122018814087,-0.0002512560458853841,0.000678270123898983,0.0006583547801710665,0.0,3.0,timeout
636,-4.194118976593018,-1.0254123210906982,-0.0002508540346752852,3.255582123529166e-05,3.003424899361562e-05,0.0,-3.0,timeout
637,-4.193991661071777,-1.0243853330612183,-0.00024535960983484983,0.03233950585126877,0.03233904764056206,1.0,-3.0,timeout
638,-4.193860054016113,-1.023337483406067,-0.00024552125250920653,0.03300256282091141,0.03300256282091141,1.0,-3.0,timeout
639,-4.193726062774658,-1.0222899913787842,-0.00024594992282800376,0.033000845462083817,0.033000845462083817,1.0,-3.0,timeout
640,-4.193722724914551,-1.0222691297531128,-0.00025118893245235085,0.0006802142015658319,0.000660217716358602,0.0,-3.0,timeout
641,-4.193586826324463,-1.0212432146072388,-0.0002459398237988353,0.03234031796455383,0.032339900732040405,1.0,3.0,timeout
642,-4.193451881408691,-1.0201959609985352,-0.00024599875905551016,0.0329972468316555,0.0329972468316555,1.0,3.0,timeout
643,-4.1933183670043945,-1.0191484689712524,-0.000246322073508054,0.032998956739902496,0.032998956739902496,1.0,-3.0,timeout
644,-4.193182468414307,-1.0181012153625488,-0.00024660417693667114,0.03300107270479202,0.03300107270479202,1.0,-3.0,timeout
645,-4.1930437088012695,-1.0170542001724243,-0.0002468310995027423,0.033005308359861374,0.033005308359861374,1.0,-3.0,timeout
646,-4.19304084777832,-1.017033338546753,-0.00025189394364133477,0.0006767809391021729,0.0006580279441550374,0.0,-3.0,timeout
647,-4.193039894104004,-1.0170334577560425,-0.0002513777290005237,3.4092347050318494e-05,3.003424899361562e-05,0.0,-3.0,timeout
648,-4.192897796630859,-1.0160083770751953,-0.0002457901427987963,0.032340552657842636,0.03234007954597473,1.0,3.0,timeout
649,-4.192756175994873,-1.0149619579315186,-0.00024586456129327416,0.032998718321323395,0.032998718321323395,1.0,3.0,timeout
650,-4.192615985870361,-1.0139153003692627,-0.0002462139236740768,0.03300013765692711,0.03300013765692711,1.0,-3.0,timeout
651,-4.192473888397217,-1.012868881225586,-0.00024651753483340144,0.03300071880221367,0.03300071880221367,1.0,-3.0,timeout
652,-4.192329406738281,-1.0118228197097778,-0.000246771756792441,0.032999757677316666,0.03299975395202637,1.0,3.0,timeout
653,-4.192326545715332,-1.0118019580841064,-0.0002518368128221482,0.0006767971208319068,0.0006580279441550374,0.0,-3.0,timeout
654,-4.192326545715332,-1.0118019580841064,-0.0002513312210794538,1.579974195919931e-05,0.0,0.0,-3.0,timeout
655,-4.192182540893555,-1.0107771158218384,-0.0002457530936226249,0.03234141319990158,0.032340943813323975,1.0,3.0,timeout
656,-4.1921796798706055,-1.010756254196167,-0.00025070697301998734,0.0006759930402040482,0.0006580279441550374,0.0,-3.0,timeout
657,-4.192036151885986,-1.0097312927246094,-0.0002455386274959892,0.03234296292066574,0.03234255686402321,1.0,3.0,timeout
658,-4.191892623901367,-1.0086851119995117,-0.0002456777438055724,0.03299938514828682,0.03299938514828682,1.0,3.0,timeout
659,-4.191891193389893,-1.0086640119552612,-0.0002509585174266249,0.0006811817293055356,0.0006608899566344917,0.0,3.0,timeout
660,-4.191891670227051,-1.0086638927459717,-0.00025062786880880594,1.8511847883928567e-05,1.5359764802269638e-05,0.0,3.0,timeout
661,-4.1917572021484375,-1.007637858390808,-0.00024518021382391453,0.03233820199966431,0.03233775496482849,1.0,3.0,timeout
662,-4.191755294799805,-1.0076167583465576,-0.0002502483257558197,0.0006807449390180409,0.00066206487827003,0.0,-3.0,timeout
663,-4.191620349884033,-1.0065908432006836,-0.00024515981203876436,0.03233639523386955,0.032336000353097916,1.0,-3.0,timeout
664,-4.191617488861084,-1.0065698623657227,-0.0002502568531781435,0.0006806195015087724,0.0006617189501412213,0.0,-3.0,timeout
665,-4.191617488861084,-1.0065698623657227,-0.00025005327188409865,6.361914984154282e-06,0.0,0.0,-3.0,timeout
666,-4.191474914550781,-1.005544900894165,-0.00024471848155371845,0.03233886882662773,0.03233844041824341,1.0,-3.0,timeout
667,-4.191327095031738,-1.0044991970062256,-0.00024500821018591523,0.033003125339746475,0.033003125339746475,1.0,-3.0,timeout
668,-4.191177845001221,-1.0034538507461548,-0.0002455493377055973,0.03299834951758385,0.03299834579229355,1.0,3.0,timeout
669,-4.191175937652588,-1.0034327507019043,-0.00025086980895139277,0.0006826227763667703,0.00066206487827003,0.0,3.0,timeout
670,-4.191033840179443,-1.0024076700210571,-0.00024567326181568205,0.03234048932790756,0.03234007954597473,1.0,3.0,timeout
671,-4.190891742706299,-1.00136137008667,-0.00024577529984526336,0.03299702703952789,0.03299702703952789,1.0,-3.0,timeout
672,-4.19088888168335,-1.001340389251709,-0.00025103447842411697,0.0006818230031058192,0.0006617189501412213,0.0,-3.0,timeout
673,-4.190888404846191,-1.0013405084609985,-0.00025068921968340874,1.8770511815091595e-05,1.5359764802269638e-05,0.0,-3.0,timeout
674,-4.190741539001465,-1.0003161430358887,-0.0002452280605211854,0.03233920410275459,0.03233875334262848,1.0,-3.0,timeout
675,-4.190738201141357,-1.0002951622009277,-0.0002502979477867484,0.0006825392483733594,0.0006638964405283332,0.0,-3.0,timeout
676,-4.190586090087891,-0.9992715716362,-0.00024520052829757333,0.03233886510133743,0.032338473945856094,1.0,-3.0,timeout
677,-4.190428733825684,-0.9982272982597351,-0.000245407922193408,0.03300194814801216,0.03300194814801216,1.0,-3.0,timeout
678,-4.190269470214844,-0.9971832633018494,-0.00024586464860476553,0.03300352022051811,0.033003516495227814,1.0,0.0,timeout
679,-4.190110206604004,-0.996139407157898,-0.00024623502395115793,0.03299799934029579,0.03299799561500549,1.0,-3.0,timeout
680,-4.1901068687438965,-0.9961185455322266,-0.00025142834056168795,0.0006798719405196607,0.000660217716358602,0.0,3.0,timeout
681,-4.189951419830322,-0.9950954914093018,-0.00024612006382085383,0.032337818294763565,0.03233739361166954,1.0,3.0,timeout
682,-4.189794540405273,-0.9940511584281921,-0.00024613284040242434,0.033001575618982315,0.033001575618982315,1.0,-3.0,timeout
683,-4.189635753631592,-0.9930071830749512,-0.0002464389835949987,0.0329994335770607,0.0329994335770607,1.0,-3.0,timeout
684,-4.189632415771484,-0.9929863810539246,-0.00025157976779155433,0.000677694974001497,0.0006583785288967192,0.0,-3.0,timeout
685,-4.189471244812012,-0.9919641017913818,-0.00024624154320918024,0.03234124928712845,0.03234081715345383,1.0,-3.0,timeout
686,-4.189305782318115,-0.990921139717102,-0.0002462510601617396,0.03300017490983009,0.03300017490983009,1.0,3.0,timeout
687,-4.189141750335693,-0.9898779392242432,-0.0002465244906488806,0.033000558614730835,0.033000554889440536,1.0,-3.0,timeout
688,-4.189138889312744,-0.989857017993927,-0.00025165887200273573,0.0006791000487282872,0.0006598734180442989,0.0,3.0,timeout
689,-4.189138412475586,-0.9898571372032166,-0.0002511789498385042,2.1467403712449595e-05,1.5359764802269638e-05,0.0,-3.0,timeout
690,-4.188976287841797,-0.9888350367546082,-0.0002456306538078934,0.03234041854739189,0.032339952886104584,1.0,3.0,timeout
691,-4.188973903656006,-0.988814115524292,-0.0002506203018128872,0.0006762421689927578,0.0006580200861208141,0.0,3.0,timeout
692,-4.188815593719482,-0.9877912998199463,-0.0002454472123645246,0.03234398737549782,0.032343585044145584,1.0,-3.0,timeout
693,-4.188652515411377,-0.9867479801177979,-0.0002456046058796346,0.03299961984157562,0.03299961984157562,1.0,-3.0,timeout
694,-4.188486576080322,-0.9857050776481628,-0.00024601706536486745,0.03300067037343979,0.03300067037343979,1.0,-3.0,timeout
695,-4.188319206237793,-0.9846624135971069,-0.0002463707060087472,0.03300036862492561,0.03300036862492561,1.0,3.0,timeout
696,-4.188154697418213,-0.9836193323135376,-0.0002466443693265319,0.0329991951584816,0.0329991951584816,1.0,3.0,timeout
697,-4.187992095947266,-0.9825758934020996,-0.0002468630555085838,0.03300100192427635,0.03300100192427635,1.0,3.0,timeout
698,-4.187831401824951,-0.9815321564674377,-0.0002470278413966298,0.03300108760595322,0.03300108760595322,1.0,-3.0,timeout
699,-4.187668323516846,-0.9804887771606445,-0.0002471691695973277,0.03300146013498306,0.03300146013498306,1.0,-3.0,timeout
700,-4.187503337860107,-0.9794456958770752,-0.00024728773860260844,0.03300151973962784,0.03300151973962784,1.0,0.0,timeout
701,-4.187337875366211,-0.9784027934074402,-0.00024737362400628626,0.032998330891132355,0.032998330891132355,1.0,-3.0,timeout
702,-4.187170505523682,-0.9773601293563843,-0.000247456191573292,0.03300036862492561,0.03300036862492561,1.0,3.0,timeout
703,-4.187167167663574,-0.9773392677307129,-0.00025238393573090434,0.0006779387476854026,0.000660217716358602,0.0,-3.0,timeout
704,-4.187003135681152,-0.9763175249099731,-0.0002468956809025258,0.03233876824378967,0.03233831375837326,1.0,3.0,timeout
705,-4.186838626861572,-0.9752744436264038,-0.0002467636368237436,0.0329991951584816,0.0329991951584816,1.0,3.0,timeout
706,-4.186676025390625,-0.9742310047149658,-0.00024693354498595,0.03300100192427635,0.03300100192427635,1.0,-3.0,timeout
707,-4.186673641204834,-0.9742100834846497,-0.0002519859990570694,0.0006766974693164229,0.0006580200861208141,0.0,3.0,timeout
708,-4.186514377593994,-0.9731875061988831,-0.00024656677851453424,0.032341234385967255,0.032340794801712036,1.0,3.0,timeout
709,-4.186354160308838,-0.9721437096595764,-0.00024648988619446754,0.03300065919756889,0.03300065919756889,1.0,-3.0,timeout
710,-4.186191558837891,-0.9711002707481384,-0.0002467242011334747,0.03300100192427635,0.03300100192427635,1.0,-3.0,timeout
711,-4.186026573181152,-0.9700572490692139,-0.00024692618171684444,0.032999683171510696,0.032999683171510696,1.0,-3.0,timeout
712,-4.185859680175781,-0.9690145254135132,-0.00024709850549697876,0.03299985080957413,0.03299985080957413,1.0,3.0,timeout
713,-4.185859680175781,-0.9690142273902893,-0.0002521998540032655,0.00015968894877005368,9.313225746154785e-06,0.0,0.0,timeout
714,-4.185859680175781,-0.9690141677856445,-0.00025152985472232103,2.102016514982097e-05,1.8626450355441193e-06,0.0,0.0,timeout
715,-4.185697555541992,-0.9679921269416809,-0.000245892268139869,0.032338596880435944,0.03233811631798744,1.0,-3.0,timeout
716,-4.185530662536621,-0.9669494032859802,-0.00024595673312433064,0.03299985080957413,0.03299985080957413,1.0,3.0,timeout
717,-4.185365676879883,-0.9659063816070557,-0.00024628822575323284,0.032999683171510696,0.032999683171510696,1.0,-3.0,timeout
718,-4.185198783874512,-0.964863657951355,-0.0002465872385073453,0.03299985080957413,0.03299985080957413,1.0,3.0,timeout
719,-4.185195446014404,-0.9648427963256836,-0.0002516892272979021,0.0006791962659917772,0.000660217716358602,0.0,-3.0,timeout
720,-4.185195446014404,-0.9648427367210388,-0.0002512182400096208,1.4835744877927937e-05,1.8626450355441193e-06,0.0,0.0,timeout
721,-4.185031890869141,-0.9638209939002991,-0.00024565838975831866,0.03233642131090164,0.032335951924324036,1.0,3.0,timeout
722,-4.1848673820495605,-0.9627777934074402,-0.00024575923453085124,0.03300287574529648,0.03300287574529648,1.0,3.0,timeout
723,-4.1848649978637695,-0.9627569317817688,-0.0002510112535674125,0.0006763841956853867,0.0006561694317497313,0.0,-3.0,timeout
724,-4.184703350067139,-0.9617346525192261,-0.00024579677847214043,0.032343555241823196,0.03234314173460007,1.0,3.0,timeout
725,-4.184701442718506,-0.9617136120796204,-0.00025076812016777694,0.0006782418349757791,0.0006602098001167178,0.0,3.0,timeout
726,-4.184544086456299,-0.9606907963752747,-0.00024556618882343173,0.03233944624662399,0.03233903646469116,1.0,-3.0,timeout
727,-4.184381484985352,-0.9596473574638367,-0.00024569942615926266,0.03300100192427635,0.03300100192427635,1.0,-3.0,timeout
728,-4.184216499328613,-0.9586043357849121,-0.0002460926480125636,0.032999683171510696,0.032999683171510696,1.0,-3.0,timeout
729,-4.184048652648926,-0.957561731338501,-0.0002464213175699115,0.0330008938908577,0.0330008938908577,1.0,-3.0,timeout
730,-4.183879375457764,-0.956519365310669,-0.00024669471895322204,0.03300067409873009,0.03300067409873009,1.0,3.0,timeout
731,-4.183876037597656,-0.9564985632896423,-0.0002517753164283931,0.0006772516062483191,0.0006583785288967192,0.0,-3.0,timeout
732,-4.183708667755127,-0.955477237701416,-0.00024639751063659787,0.032342579215765,0.03234214335680008,1.0,-3.0,timeout
733,-4.183537006378174,-0.9544353485107422,-0.0002463758282829076,0.03299799934029579,0.03299799934029579,1.0,3.0,timeout
734,-4.183366775512695,-0.9533931016921997,-0.00024662420037202537,0.03300178796052933,0.03300178796052933,1.0,-3.0,timeout
735,-4.183194160461426,-0.9523512721061707,-0.00024684591335244477,0.033001016825437546,0.033001016825437546,1.0,-3.0,timeout
736,-4.183191299438477,-0.9523304104804993,-0.0002519168774597347,0.0006768403109163046,0.0006580279441550374,0.0,3.0,timeout
737,-4.183022499084473,-0.9513094425201416,-0.00024651107378304005,0.03233881667256355,0.032338377088308334,1.0,3.0,timeout
738,-4.1828532218933105,-0.9502671360969543,-0.000246445502853021,0.03299883380532265,0.03299883380532265,1.0,-3.0,timeout
739,-4.182681083679199,-0.9492251873016357,-0.0002466889563947916,0.03300226107239723,0.03300226107239723,1.0,-3.0,timeout
740,-4.182506561279297,-0.9481836557388306,-0.000246898242039606,0.033001627773046494,0.033001627773046494,1.0,-3.0,timeout
741,-4.182506084442139,-0.9481834173202515,-0.00025204947451129556,0.00016183580737560987,1.6660003893775865e-05,0.0,0.0,timeout
742,-4.182332992553711,-0.9471631646156311,-0.00024653124273754656,0.032338947057724,0.03233848139643669,1.0,3.0,timeout
743,-4.18233060836792,-0.9471422433853149,-0.0002513504587113857,0.0006750340689904988,0.0006580200861208141,0.0,3.0,timeout
744,-4.182161808013916,-0.9461211562156677,-0.0002460319083184004,0.03234247863292694,0.03234205022454262,1.0,-3.0,timeout
745,-4.181987762451172,-0.9450796246528625,-0.00024607236264273524,0.03299916908144951,0.03299916908144951,1.0,-3.0,timeout
746,-4.181811809539795,-0.9440383315086365,-0.00024640094488859177,0.033001698553562164,0.033001698553562164,1.0,3.0,timeout
747,-4.181811809539795,-0.9440380334854126,-0.0002516414679121226,0.00016403094923589379,9.313225746154785e-06,0.0,0.0,timeout
748,-4.181811332702637,-0.9440381526947021,-0.00025107842520810664,2.3356140445685014e-05,1.5359764802269638e-05,0.0,-3.0,timeout
749,-4.181811809539795,-0.9440381526947021,-0.0002504306030459702,2.5137262127827853e-05,1.4901160284352954e-05,0.0,3.0,timeout
750,-4.181641578674316,-0.9430173635482788,-0.0002450075407978147,0.032340630888938904,0.03234018757939339,1.0,3.0,timeout
751,-4.181471347808838,-0.9419752359390259,-0.0002452376065775752,0.032998111099004745,0.032998111099004745,1.0,3.0,timeout
752,-4.181468963623047,-0.9419541954994202,-0.00025060580810531974,0.0006826547905802727,0.0006617215112783015,0.0,3.0,timeout
753,-4.181305408477783,-0.9409323334693909,-0.0002454502391628921,0.03234003484249115,0.032339632511138916,1.0,-3.0,timeout
754,-4.1811370849609375,-0.9398897886276245,-0.0002456180227454752,0.03300142660737038,0.03300142660737038,1.0,3.0,timeout
755,-4.180970668792725,-0.938847005367279,-0.00024601799668744206,0.03299934044480324,0.03299933671951294,1.0,-3.0,timeout
756,-4.1808013916015625,-0.937804639339447,-0.00024636092712171376,0.03300067409873009,0.03300067409873009,1.0,-3.0,timeout
757,-4.180629730224609,-0.9367626309394836,-0.0002466364821884781,0.033001672476530075,0.033001672476530075,1.0,-3.0,timeout
758,-4.180629253387451,-0.9367623925209045,-0.00025184027617797256,0.00016346972552128136,1.6660003893775865e-05,0.0,0.0,timeout
759,-4.180459499359131,-0.9357416033744812,-0.00024636395392008126,0.03233819082379341,0.032337736338377,1.0,3.0,timeout
760,-4.180288791656494,-0.9346994757652283,-0.0002463337732478976,0.03300051391124725,0.03300051391124725,1.0,3.0,timeout
761,-4.180120468139648,-0.9336568713188171,-0.00024659460177645087,0.03300326690077782,0.03300326690077782,1.0,0.0,timeout
762,-4.179952621459961,-0.9326143264770508,-0.0002468282182235271,0.032999057322740555,0.032999057322740555,1.0,3.0,timeout
763,-4.17995023727417,-0.9325933456420898,-0.0002518929250072688,0.0006785864243283868,0.0006598707986995578,0.0,3.0,timeout
764,-4.179790019989014,-0.9315709471702576,-0.00024649209808558226,0.032340314239263535,0.032339874655008316,1.0,3.0,timeout
765,-4.179787635803223,-0.9315500855445862,-0.0002513118088245392,0.0006732335896231234,0.0006561694317497313,0.0,-3.0,timeout
766,-4.179788112640381,-0.9315499663352966,-0.00025090714916586876,1.9895574951078743e-05,1.5359764802269638e-05,0.0,3.0,timeout
767,-4.179788589477539,-0.9315499067306519,-0.0002502875868231058,2.450254760333337e-05,1.501712449680781e-05,0.0,3.0,timeout
768,-4.179632663726807,-0.930526852607727,-0.00024489310453645885,0.032340072095394135,0.032339636236429214,1.0,3.0,timeout
769,-4.179476737976074,-0.9294824004173279,-0.0002451463369652629,0.033000845462083817,0.033000845462083817,1.0,3.0,timeout
770,-4.1794753074646,-0.9294613003730774,-0.00025053301942534745,0.0006819911068305373,0.0006608899566344917,0.0,3.0,timeout
771,-4.17932653427124,-0.9284371733665466,-0.0002454034110996872,0.032340288162231445,0.03233988955616951,1.0,3.0,timeout
772,-4.179177284240723,-0.927391767501831,-0.0002455592912156135,0.03300018981099129,0.03300018981099129,1.0,-3.0,timeout
773,-4.179174423217773,-0.9273708462715149,-0.0002508615725673735,0.0006803588476032019,0.0006598734180442989,0.0,-3.0,timeout
774,-4.179023265838623,-0.9263470768928528,-0.0002456774818710983,0.03234003484249115,0.032339632511138916,1.0,3.0,timeout
775,-4.178872108459473,-0.9253019094467163,-0.00024578950251452625,0.03300129249691963,0.03300129249691963,1.0,3.0,timeout
776,-4.178722858428955,-0.9242565035820007,-0.0002461544645484537,0.03300018981099129,0.03300018981099129,1.0,-3.0,timeout
777,-4.178570747375488,-0.9232115149497986,-0.00024646977544762194,0.03300004079937935,0.03300004079937935,1.0,-3.0,timeout
778,-4.1784162521362305,-0.9221668243408203,-0.000246723328018561,0.033001646399497986,0.033001646399497986,1.0,-3.0,timeout
779,-4.178259372711182,-0.9211225509643555,-0.0002469263563398272,0.032999731600284576,0.032999731600284576,1.0,-3.0,timeout
780,-4.178101062774658,-0.9200785160064697,-0.00024709865101613104,0.032999034970998764,0.032999034970998764,1.0,3.0,timeout
781,-4.177944660186768,-0.9190341234207153,-0.00024722659145481884,0.03300120681524277,0.03300120681524277,1.0,3.0,timeout
782,-4.177790641784668,-0.9179894328117371,-0.0002473187050782144,0.032999467104673386,0.032999467104673386,1.0,-3.0,timeout
783,-4.177633762359619,-0.9169451594352722,-0.00024740188382565975,0.032999731600284576,0.032999731600284576,1.0,-3.0,timeout
784,-4.17763090133667,-0.916924238204956,-0.00025236138026230037,0.0006778296665288508,0.0006598734180442989,0.0,3.0,timeout
785,-4.17747688293457,-0.9159008860588074,-0.0002468563034199178,0.03234037384390831,0.0323399156332016,1.0,-3.0,timeout
786,-4.1773176193237305,-0.9148569703102112,-0.0002467325539328158,0.03299983590841293,0.03299983590841293,1.0,-3.0,timeout
787,-4.1771559715271,-0.9138133525848389,-0.00024691931321285665,0.03300195187330246,0.03300195187330246,1.0,-3.0,timeout
788,-4.176992416381836,-0.9127700924873352,-0.0002470921026542783,0.03300008550286293,0.03300008550286293,1.0,3.0,timeout
789,-4.176831245422363,-0.9117264747619629,-0.0002472118067089468,0.0329996757209301,0.0329996757209301,1.0,-3.0,timeout
790,-4.176828384399414,-0.9117056131362915,-0.0002522089926060289,0.0006763042183592916,0.0006580279441550374,0.0,3.0,timeout
791,-4.176827430725098,-0.911705732345581,-0.00025161899975501,3.524186467984691e-05,3.003424899361562e-05,0.0,-3.0,timeout
792,-4.1766676902771,-0.9106833338737488,-0.00024598269374109805,0.03233804553747177,0.03233756497502327,1.0,3.0,timeout
793,-4.176507472991943,-0.9096394777297974,-0.0002460185205563903,0.03300250321626663,0.03300250321626663,1.0,3.0,timeout
794,-4.176504611968994,-0.9096185564994812,-0.0002512186474632472,0.0006795884692110121,0.0006598734180442989,0.0,-3.0,timeout
795,-4.176347732543945,-0.9085956811904907,-0.00024596264120191336,0.032339032739400864,0.032338619232177734,1.0,3.0,timeout
796,-4.176345348358154,-0.908574640750885,-0.00025090062990784645,0.0006794759538024664,0.0006617215112783015,0.0,3.0,timeout
797,-4.176346302032471,-0.9085745215415955,-0.00025056744925677776,3.178778933943249e-05,3.003424899361562e-05,0.0,3.0,timeout
798,-4.17619514465332,-0.9075507521629333,-0.00024511985247954726,0.03234007954597473,0.032339632511138916,1.0,-3.0,timeout
799,-4.1761932373046875,-0.9075297713279724,-0.0002502225979696959,0.0006773911882191896,0.0006583547801710665,0.0,3.0,timeout
800,-4.176042079925537,-0.9065059423446655,-0.00024512948584742844,0.03234186768531799,0.032341472804546356,1.0,-3.0,timeout
801,-4.175886154174805,-0.9054614901542664,-0.0002453606284689158,0.033000845462083817,0.033000845462083817,1.0,3.0,timeout
802,-4.175732135772705,-0.9044167399406433,-0.00024581229081377387,0.03300131484866142,0.033001311123371124,1.0,-3.0,timeout
803,-4.1755757331848145,-0.9033723473548889,-0.0002461965777911246,0.03300120681524277,0.03300120681524277,1.0,-3.0,timeout
804,-4.175416946411133,-0.902328372001648,-0.0002465051948092878,0.0329994335770607,0.0329994335770607,1.0,-3.0,timeout
805,-4.175413608551025,-0.9023075103759766,-0.0002516335225664079,0.0006793899810872972,0.000660217716358602,0.0,-3.0,timeout
806,-4.175413608551025,-0.9023075699806213,-0.00025117924087680876,1.4317975910671521e-05,1.8626450355441193e-06,0.0,3.0,timeout
807,-4.175413131713867,-0.9023076295852661,-0.00025050537078641355,2.5864492272376083e-05,1.501712449680781e-05,0.0,3.0,timeout
808,-4.175257205963135,-0.9012845754623413,-0.0002450564643368125,0.03234008327126503,0.032339636236429214,1.0,-3.0,timeout
809,-4.1752543449401855,-0.9012637138366699,-0.0002501709386706352,0.0006771599291823804,0.0006580279441550374,0.0,3.0,timeout
810,-4.175253391265869,-0.9012637734413147,-0.00024997361470013857,3.0490520657622255e-05,2.9860471840947866e-05,0.0,-3.0,timeout
811,-4.175092697143555,-0.9002202749252319,-0.0002445631835144013,0.03299415111541748,0.03299371898174286,1.0,0.0,timeout
812,-4.1750898361206055,-0.9001993536949158,-0.00024986526113934815,0.0006803572759963572,0.0006598734180442989,0.0,3.0,timeout
813,-4.175089359283447,-0.9001994132995605,-0.0002497330424375832,1.5575176803395152e-05,1.501712449680781e-05,0.0,-3.0,timeout
814,-4.174931526184082,-0.8991767168045044,-0.0002444620768073946,0.03233804181218147,0.032337624579668045,1.0,-3.0,timeout
815,-4.174768924713135,-0.8981333374977112,-0.0002448133018333465,0.03299916535615921,0.03299916535615921,1.0,3.0,timeout
816,-4.17460823059082,-0.8970895409584045,-0.0002453836495988071,0.033002931624650955,0.03300292417407036,1.0,3.0,timeout
817,-4.1746063232421875,-0.8970685601234436,-0.0002507371245883405,0.0006792783387936652,0.0006583547801710665,0.0,3.0,timeout
818,-4.174452781677246,-0.8960450887680054,-0.00024555620620958507,0.032341793179512024,0.03234138712286949,1.0,-3.0,timeout
819,-4.174449443817139,-0.896024227142334,-0.00025057437596842647,0.0006785861914977431,0.000660217716358602,0.0,-3.0,timeout
820,-4.174449920654297,-0.896024227142334,-0.0002503176801837981,1.6923147995839827e-05,1.4901160284352954e-05,0.0,3.0,timeout
821,-4.174293518066406,-0.895001232624054,-0.0002449207240715623,0.032340485602617264,0.03234004229307175,1.0,-3.0,timeout
822,-4.174131870269775,-0.8939576148986816,-0.00024516970734111965,0.03300195187330246,0.03300195187330246,1.0,-3.0,timeout
823,-4.1739678382873535,-0.8929142951965332,-0.00024567340733483434,0.033004239201545715,0.03300423547625542,1.0,0.0,timeout
824,-4.1739678382873535,-0.8929140567779541,-0.00025106544489972293,0.00016866580699570477,7.450580142176477e-06,0.0,0.0,timeout
825,-4.173806667327881,-0.8918918371200562,-0.00024573312839493155,0.03233940899372101,0.03233897686004639,1.0,-3.0,timeout
826,-4.173640727996826,-0.8908489346504211,-0.0002458401140756905,0.03300067037343979,0.03300067037343979,1.0,3.0,timeout
827,-4.1734771728515625,-0.8898056745529175,-0.0002462051925249398,0.03300008550286293,0.03300008550286293,1.0,3.0,timeout
828,-4.17331600189209,-0.8887621164321899,-0.00024650112027302384,0.03299783542752266,0.03299783170223236,1.0,-3.0,timeout
829,-4.173151969909668,-0.887718915939331,-0.00024674803717061877,0.033000558614730835,0.033000554889440536,1.0,-3.0,timeout
830,-4.172985553741455,-0.8866760730743408,-0.00024694614694453776,0.03300117701292038,0.03300117701292038,1.0,-3.0,timeout
831,-4.172817230224609,-0.8856335282325745,-0.00024711445439606905,0.03300142660737038,0.03300142660737038,1.0,3.0,timeout
832,-4.172651767730713,-0.8845906257629395,-0.00024723916430957615,0.032998330891132355,0.032998330891132355,1.0,3.0,timeout
833,-4.172488689422607,-0.883547306060791,-0.0002473386994097382,0.03299961984157562,0.03299961984157562,1.0,3.0,timeout
834,-4.172327995300293,-0.8825035691261292,-0.0002474184730090201,0.03300108760595322,0.03300108760595322,1.0,3.0,timeout
835,-4.172169208526611,-0.8814595937728882,-0.00024747190764173865,0.0329994335770607,0.0329994335770607,1.0,-3.0,timeout
836,-4.172008037567139,-0.8804159164428711,-0.00024753480101935565,0.03300151601433754,0.03300151601433754,1.0,3.0,timeout
837,-4.1720051765441895,-0.8803950548171997,-0.0002524465962778777,0.0006756930961273611,0.0006580279441550374,0.0,-3.0,timeout
838,-4.171847343444824,-0.8793722987174988,-0.000246945972321555,0.032339923083782196,0.032339464873075485,1.0,3.0,timeout
839,-4.171844482421875,-0.8793513774871826,-0.00025167519925162196,0.0006762205739505589,0.0006598734180442989,0.0,-3.0,timeout
840,-4.17168664932251,-0.8783286213874817,-0.0002463140699546784,0.032339900732040405,0.032339464873075485,1.0,3.0,timeout
841,-4.171684741973877,-0.8783075213432312,-0.00025118092889897525,0.0006793092470616102,0.00066206487827003,0.0,3.0,timeout
842,-4.171531677246094,-0.877284049987793,-0.0002459077804815024,0.03233959898352623,0.032339178025722504,1.0,3.0,timeout
843,-4.1713786125183105,-0.8762391805648804,-0.00024597259471192956,0.03300066292285919,0.03300066292285919,1.0,3.0,timeout
844,-4.171226978302002,-0.8751941323280334,-0.00024630074040032923,0.03299974277615547,0.03299974277615547,1.0,-3.0,timeout
845,-4.171073913574219,-0.8741492629051208,-0.00024659757036715746,0.03300066292285919,0.03300066292285919,1.0,3.0,timeout
846,-4.170921802520752,-0.8731042146682739,-0.00024681584909558296,0.033001888543367386,0.033001888543367386,1.0,-3.0,timeout
847,-4.17092227935791,-0.8731038570404053,-0.0002519831177778542,0.00016254787624347955,1.862645149230957e-05,0.0,0.0,timeout
848,-4.170770645141602,-0.8720802068710327,-0.0002464672434143722,0.03233858570456505,0.03233812749385834,1.0,-3.0,timeout
849,-4.1706132888793945,-0.8710359334945679,-0.0002464171848259866,0.03300194814801216,0.03300194814801216,1.0,-3.0,timeout
850,-4.1706109046936035,-0.8710150122642517,-0.0002515592786949128,0.0006773564964532852,0.0006580200861208141,0.0,3.0,timeout
851,-4.170610427856445,-0.8710150122642517,-0.00025110325077548623,2.0618726921384223e-05,1.4901160284352954e-05,0.0,0.0,timeout
852,-4.170609951019287,-0.8710151314735413,-0.00025044006179086864,2.5796000045374967e-05,1.5359764802269638e-05,0.0,-3.0,timeout
853,-4.170454502105713,-0.8699920773506165,-0.00024502509040758014,0.03233783692121506,0.03233739361166954,1.0,3.0,timeout
854,-4.170298099517822,-0.8689476847648621,-0.0002452420594636351,0.03300120681524277,0.03300120681524277,1.0,-3.0,timeout
855,-4.170139789581299,-0.8679035902023315,-0.00024573595146648586,0.0330008827149868,0.0330008789896965,1.0,3.0,timeout
856,-4.170137882232666,-0.8678825497627258,-0.0002510191116016358,0.0006805399316363037,0.0006602098001167178,0.0,3.0,timeout
857,-4.169985771179199,-0.8668588399887085,-0.00024578155716881156,0.032342568039894104,0.03234215825796127,1.0,-3.0,timeout
858,-4.169983386993408,-0.8668378591537476,-0.0002507663448341191,0.0006780082476325333,0.0006598707986995578,0.0,3.0,timeout
859,-4.169832706451416,-0.8658140301704407,-0.00024557620054110885,0.032339710742235184,0.03233930096030235,1.0,3.0,timeout
860,-4.169682025909424,-0.8647688031196594,-0.0002457069931551814,0.03300100564956665,0.03300100564956665,1.0,3.0,timeout
861,-4.1695332527160645,-0.8637233376502991,-0.00024608851526863873,0.03299993276596069,0.032999929040670395,1.0,-3.0,timeout
862,-4.169382572174072,-0.8626781702041626,-0.00024642772041261196,0.03299916535615921,0.03299916535615921,1.0,3.0,timeout
863,-4.169234275817871,-0.8616325855255127,-0.000246690382482484,0.033001527190208435,0.03300152346491814,1.0,3.0,timeout
864,-4.169232368469238,-0.8616114854812622,-0.00025178262148983777,0.0006809207261539996,0.00066206487827003,0.0,3.0,timeout
865,-4.169091701507568,-0.8605862855911255,-0.00024640397168695927,0.03233810141682625,0.03233766555786133,1.0,3.0,timeout
866,-4.1690897941589355,-0.860565185546875,-0.0002512528735678643,0.0006791838095523417,0.00066206487827003,0.0,3.0,timeout
867,-4.168951034545898,-0.8595185279846191,-0.0002458629896864295,0.03299466148018837,0.03299423307180405,1.0,0.0,timeout
868,-4.168949604034424,-0.8594974279403687,-0.0002509180922061205,0.0006795076769776642,0.0006608899566344917,0.0,3.0,timeout
869,-4.168816089630127,-0.8584712743759155,-0.0002457018999848515,0.03233800455927849,0.03233759105205536,1.0,3.0,timeout
870,-4.168814659118652,-0.8584501147270203,-0.00025069096591323614,0.0006808397592976689,0.000662748352624476,0.0,3.0,timeout
871,-4.168685436248779,-0.8574233055114746,-0.0002455159556120634,0.03234129399061203,0.032340891659259796,1.0,3.0,timeout
872,-4.168557167053223,-0.8563750982284546,-0.0002456591173540801,0.03300081938505173,0.03300081938505173,1.0,3.0,timeout
873,-4.16855525970459,-0.8563541173934937,-0.00025093182921409607,0.0006786611047573388,0.0006583547801710665,0.0,-3.0,timeout
874,-4.168428897857666,-0.8553269505500793,-0.0002457334485370666,0.03234134986996651,0.032340943813323975,1.0,3.0,timeout
875,-4.16842794418335,-0.8553057909011841,-0.0002507174212951213,0.0006799874827265739,0.0006619102787226439,0.0,3.0,timeout
876,-4.168301582336426,-0.8542782068252563,-0.0002455234935041517,0.032354291528463364,0.03235388174653053,1.0,-3.0,timeout
877,-4.168175220489502,-0.8532297611236572,-0.0002456780639477074,0.03300102800130844,0.03300102800130844,1.0,3.0,timeout
878,-4.168050289154053,-0.8521811366081238,-0.0002460659889038652,0.033001262694597244,0.033001262694597244,1.0,-3.0,timeout
879,-4.168047904968262,-0.8521601557731628,-0.0002512807259336114,0.0006796952220611274,0.0006598707986995578,0.0,-3.0,timeout
880,-4.1679205894470215,-0.8511332273483276,-0.0002460020186845213,0.03233762085437775,0.03233719989657402,1.0,-3.0,timeout
881,-4.167788505554199,-0.850085437297821,-0.0002460596151649952,0.0330025739967823,0.0330025739967823,1.0,3.0,timeout
882,-4.167659282684326,-0.8490374088287354,-0.00024638118338771164,0.032998908311128616,0.032998908311128616,1.0,3.0,timeout
883,-4.167532444000244,-0.847989022731781,-0.000246652023633942,0.033000968396663666,0.03300096467137337,1.0,3.0,timeout
884,-4.167407989501953,-0.8469403386116028,-0.0002468694292474538,0.03300134837627411,0.03300134837627411,1.0,3.0,timeout
885,-4.167284965515137,-0.845891535282135,-0.00024703278904780746,0.032999809831380844,0.032999809831380844,1.0,-3.0,timeout
886,-4.1671600341796875,-0.8448429703712463,-0.00024717289488762617,0.03299940750002861,0.03299940750002861,1.0,-3.0,timeout
887,-4.167032718658447,-0.8437946438789368,-0.0002472960331942886,0.03300091251730919,0.03300091251730919,1.0,3.0,timeout
888,-4.167031288146973,-0.8437735438346863,-0.00025226696743629873,0.0006789010367356241,0.0006608899566344917,0.0,3.0,timeout
889,-4.167031764984131,-0.8437735438346863,-0.00025167487910948694,2.37570347962901e-05,1.4901160284352954e-05,0.0,3.0,timeout
890,-4.167031288146973,-0.8437735438346863,-0.0002508916659280658,2.8654672860284336e-05,1.4901160284352954e-05,0.0,-3.0,timeout
891,-4.167031764984131,-0.8437734842300415,-0.00025026508956216276,2.4676110115251504e-05,1.501712449680781e-05,0.0,0.0,timeout
892,-4.1669111251831055,-0.8427456617355347,-0.00024488047347404063,0.03234038129448891,0.03233994171023369,1.0,3.0,timeout
893,-4.166791915893555,-0.8416965007781982,-0.00024513626703992486,0.032997239381074905,0.032997239381074905,1.0,3.0,timeout
894,-4.16667366027832,-0.8406471014022827,-0.00024563129409216344,0.03300129249691963,0.03300129249691963,1.0,-3.0,timeout
895,-4.166553974151611,-0.8395978808403015,-0.000246062088990584,0.033000778406858444,0.033000778406858444,1.0,3.0,timeout
896,-4.166436672210693,-0.8385484218597412,-0.00024639806360937655,0.03299982100725174,0.03299982100725174,1.0,3.0,timeout
897,-4.166321754455566,-0.837498664855957,-0.00024666645913384855,0.0330008864402771,0.0330008827149868,1.0,3.0,timeout
898,-4.166321277618408,-0.8374775052070618,-0.0002517635584808886,0.0006803164724260569,0.0006614068406634033,0.0,3.0,timeout
899,-4.166321277618408,-0.8374775052070618,-0.00025126204127445817,1.56724127009511e-05,0.0,0.0,-3.0,timeout
900,-4.166209697723389,-0.8364486694335938,-0.0002456856018397957,0.03234011307358742,0.03233964368700981,1.0,-3.0,timeout
901,-4.166093826293945,-0.8353990912437439,-0.00024578129523433745,0.03299858793616295,0.03299858793616295,1.0,-3.0,timeout
902,-4.165975093841553,-0.8343496918678284,-0.0002461574331391603,0.03300296887755394,0.03300296515226364,1.0,-3.0,timeout
903,-4.1658549308776855,-0.8333005905151367,-0.00024648301769047976,0.03299877047538757,0.032998766750097275,1.0,3.0,timeout
904,-4.1658525466918945,-0.8332796096801758,-0.00025160593213513494,0.0006790129118598998,0.0006598707986995578,0.0,-3.0,timeout
905,-4.165733814239502,-0.8322516083717346,-0.00024626206140965223,0.032339032739400864,0.03233860060572624,1.0,-3.0,timeout
906,-4.165735721588135,-0.8322305679321289,-0.00025115255266427994,0.0006776676164008677,0.0006602098001167178,0.0,3.0,timeout
907,-4.165612697601318,-0.8312026262283325,-0.00024587061489000916,0.032352834939956665,0.03235241398215294,1.0,-3.0,timeout
908,-4.165609836578369,-0.8311816453933716,-0.00025082696811296046,0.000679604010656476,0.0006617189501412213,0.0,-3.0,timeout
909,-4.165609359741211,-0.8311817049980164,-0.0002505097654648125,1.7993701476370916e-05,1.501712449680781e-05,0.0,-3.0,timeout
910,-4.165482997894287,-0.8301545977592468,-0.000245084025664255,0.032339539378881454,0.03233909234404564,1.0,-3.0,timeout
911,-4.165480136871338,-0.8301336765289307,-0.0002501827839296311,0.000678837881423533,0.0006598734180442989,0.0,-3.0,timeout
912,-4.165349006652832,-0.8291071653366089,-0.0002451086766086519,0.032339539378881454,0.032339148223400116,1.0,-3.0,timeout
913,-4.165350914001465,-0.829086184501648,-0.00025023025227710605,0.0006775298970751464,0.0006583547801710665,0.0,3.0,timeout
914,-4.165215015411377,-0.8280596733093262,-0.0002451317268423736,0.03235876187682152,0.03235836699604988,1.0,-3.0,timeout
915,-4.1650800704956055,-0.8270123600959778,-0.0002453645574860275,0.03299909830093384,0.03299909830093384,1.0,3.0,timeout
916,-4.16494607925415,-0.8259648084640503,-0.0002458156377542764,0.03300269693136215,0.033002693206071854,1.0,-3.0,timeout
917,-4.164811134338379,-0.8249174952507019,-0.0002462092670612037,0.03299909830093384,0.03299909830093384,1.0,3.0,timeout
918,-4.164677619934082,-0.8238699436187744,-0.0002465056604705751,0.03300080448389053,0.03300080448389053,1.0,-3.0,timeout
919,-4.164674758911133,-0.8238490223884583,-0.000251633144216612,0.0006790491752326488,0.0006598734180442989,0.0,-3.0,timeout
920,-4.164538860321045,-0.8228231072425842,-0.00024628444225527346,0.032340336591005325,0.032339900732040405,1.0,-3.0,timeout
921,-4.164398670196533,-0.8217764496803284,-0.00024628531537018716,0.03300013765692711,0.03300013765692711,1.0,3.0,timeout
922,-4.164395809173584,-0.8217555284500122,-0.00025143325910903513,0.0006792003405280411,0.0006598734180442989,0.0,-3.0,timeout
923,-4.164395809173584,-0.8217555284500122,-0.00025101820938289165,1.2970303032489028e-05,0.0,0.0,3.0,timeout
924,-4.164395332336426,-0.821755588054657,-0.00025036706938408315,2.5289527911809273e-05,1.501712449680781e-05,0.0,-3.0,timeout
925,-4.164257526397705,-0.8207299113273621,-0.0002449665335007012,0.03234083950519562,0.0323403999209404,1.0,3.0,timeout
926,-4.164119720458984,-0.8196829557418823,-0.00024519520229659975,0.032999563962221146,0.032999563962221146,1.0,-3.0,timeout
927,-4.163980007171631,-0.8186362385749817,-0.00024569855304434896,0.03300001472234726,0.03300001099705696,1.0,3.0,timeout
928,-4.16384220123291,-0.8175891637802124,-0.0002461012627463788,0.03300325945019722,0.03300325572490692,1.0,0.0,timeout
929,-4.163703918457031,-0.8165422677993774,-0.00024642408243380487,0.032999664545059204,0.032999660819768906,1.0,-3.0,timeout
930,-4.163564205169678,-0.8154955506324768,-0.0002466969599481672,0.03300001099705696,0.03300001099705696,1.0,3.0,timeout
931,-4.163426399230957,-0.8144485354423523,-0.000246905634412542,0.033001407980918884,0.033001407980918884,1.0,3.0,timeout
932,-4.163290977478027,-0.8134013414382935,-0.00024706186377443373,0.032997310161590576,0.032997310161590576,1.0,-3.0,timeout
933,-4.163288116455078,-0.8133804202079773,-0.00025207747239619493,0.0006782327545806766,0.0006598734180442989,0.0,-3.0,timeout
934,-4.163150787353516,-0.8123547434806824,-0.00024665106320753694,0.03233886510133743,0.03233841806650162,1.0,3.0,timeout
935,-4.163012504577637,-0.8113077878952026,-0.00024655781453475356,0.03300150856375694,0.03300150856375694,1.0,-3.0,timeout
936,-4.1630096435546875,-0.8112868666648865,-0.00025165994884446263,0.0006788626778870821,0.0006598734180442989,0.0,-3.0,timeout
937,-4.162869453430176,-0.810261607170105,-0.00024630475672893226,0.032337918877601624,0.032337486743927,1.0,-3.0,timeout
938,-4.162871837615967,-0.810240626335144,-0.00025118773919530213,0.0006772843771614134,0.0006598707986995578,0.0,3.0,timeout
939,-4.162726402282715,-0.8092153668403625,-0.0002458968374412507,0.03236052393913269,0.032360099256038666,1.0,-3.0,timeout
940,-4.162723064422607,-0.8091945052146912,-0.0002508488541934639,0.0006781114498153329,0.000660217716358602,0.0,-3.0,timeout
941,-4.162578105926514,-0.8081698417663574,-0.00024565329658798873,0.032339975237846375,0.03233956918120384,1.0,3.0,timeout
942,-4.162575721740723,-0.8081488013267517,-0.00025065219961106777,0.0006799108232371509,0.0006617215112783015,0.0,3.0,timeout
943,-4.162430286407471,-0.8071235418319702,-0.0002454706991557032,0.0323605090379715,0.032360099256038666,1.0,-3.0,timeout
944,-4.162284851074219,-0.8060775995254517,-0.00024562623002566397,0.0330001562833786,0.0330001562833786,1.0,-3.0,timeout
945,-4.162136554718018,-0.8050320148468018,-0.0002460345276631415,0.033001527190208435,0.03300152346491814,1.0,-3.0,timeout
946,-4.162134170532227,-0.8050110936164856,-0.00025126751279458404,0.0006780359544791281,0.0006580200861208141,0.0,3.0,timeout
947,-4.161983489990234,-0.8039864897727966,-0.00024597812443971634,0.03236367926001549,0.03236325830221176,1.0,-3.0,timeout
948,-4.161833763122559,-0.8029411435127258,-0.00024604290956631303,0.033000458031892776,0.033000458031892776,1.0,3.0,timeout
949,-4.161685943603516,-0.8018955588340759,-0.00024635816225782037,0.0329994335770607,0.0329994335770607,1.0,-3.0,timeout
950,-4.161682605743408,-0.8018746972084045,-0.00025151463341899216,0.000679597957059741,0.000660217716358602,0.0,-3.0,timeout
951,-4.161532402038574,-0.8008508086204529,-0.0002461895637679845,0.03233940526843071,0.03233897686004639,1.0,-3.0,timeout
952,-4.161376953125,-0.7998062372207642,-0.0002461997210048139,0.0330023355782032,0.0330023355782032,1.0,-3.0,timeout
953,-4.161373138427734,-0.7997854351997375,-0.00025137464399449527,0.0006804006989113986,0.0006609031115658581,0.0,-3.0,timeout
954,-4.161372184753418,-0.7997855544090271,-0.00025096177705563605,3.268822547397576e-05,3.003424899361562e-05,0.0,-3.0,timeout
955,-4.161210536956787,-0.7987422347068787,-0.0002453550696372986,0.03299321234226227,0.03299274668097496,1.0,0.0,timeout
956,-4.161048412322998,-0.7976987361907959,-0.00024560539168305695,0.033000554889440536,0.033000554889440536,1.0,-3.0,timeout
957,-4.160884380340576,-0.796655535697937,-0.00024603071506135166,0.033000558614730835,0.033000554889440536,1.0,3.0,timeout
958,-4.160884380340576,-0.7966552376747131,-0.0002513456856831908,0.0001663537259446457,9.313225746154785e-06,0.0,0.0,timeout
959,-4.1607255935668945,-0.7956326007843018,-0.000245967908995226,0.03234077990055084,0.03234034404158592,1.0,3.0,timeout
960,-4.160567283630371,-0.794588565826416,-0.0002460172399878502,0.032999034970998764,0.032999034970998764,1.0,3.0,timeout
961,-4.1604108810424805,-0.7935441732406616,-0.00024634681176394224,0.03300120681524277,0.03300120681524277,1.0,3.0,timeout
962,-4.160409450531006,-0.7935231328010559,-0.0002515072701498866,0.0006784754223190248,0.0006590316188521683,0.0,3.0,timeout
963,-4.160409927368164,-0.7935230135917664,-0.00025106739485636353,2.0612560547306202e-05,1.5359764802269638e-05,0.0,3.0,timeout
964,-4.160263538360596,-0.7924985885620117,-0.0002455318463034928,0.032338947057724,0.03233848139643669,1.0,3.0,timeout
965,-4.160261631011963,-0.7924774885177612,-0.00025054108118638396,0.0006803191499784589,0.00066206487827003,0.0,3.0,timeout
966,-4.160120010375977,-0.7914524078369141,-0.0002453952038194984,0.03233844041824341,0.032338038086891174,1.0,3.0,timeout
967,-4.160120487213135,-0.7914519906044006,-0.0002505363372620195,0.00016187592700589448,1.98001889657462e-05,0.0,0.0,timeout
968,-4.160121440887451,-0.7914518713951111,-0.0002501902054063976,3.192264921381138e-05,3.003424899361562e-05,0.0,3.0,timeout
969,-4.159981727600098,-0.7904263138771057,-0.0002448130107950419,0.03234513849020004,0.032344698905944824,1.0,-3.0,timeout
970,-4.159984588623047,-0.7904052734375,-0.00024998094886541367,0.0006829344783909619,0.0006635645404458046,0.0,3.0,timeout
971,-4.159847259521484,-0.7893795371055603,-0.0002449445892125368,0.032340649515390396,0.032340265810489655,1.0,3.0,timeout
972,-4.159709453582764,-0.7883325815200806,-0.00024519162252545357,0.032999563962221146,0.032999563962221146,1.0,-3.0,timeout
973,-4.159568786621094,-0.7872859239578247,-0.0002456859510857612,0.03300211951136589,0.03300211951136589,1.0,-3.0,timeout
974,-4.159427165985107,-0.786239504814148,-0.0002461060939822346,0.03299872204661369,0.032998718321323395,1.0,3.0,timeout
975,-4.159286975860596,-0.7851928472518921,-0.0002464230637997389,0.03300013765692711,0.03300013765692711,1.0,-3.0,timeout
976,-4.159144878387451,-0.7841464281082153,-0.00024669591221027076,0.03300071880221367,0.03300071880221367,1.0,3.0,timeout
977,-4.159005165100098,-0.7830996513366699,-0.0002469047321937978,0.0330018550157547,0.0330018550157547,1.0,3.0,timeout
978,-4.158868312835693,-0.7820525765419006,-0.00024707146803848445,0.03299938142299652,0.03299938142299652,1.0,3.0,timeout
979,-4.158733367919922,-0.7810052037239075,-0.00024720493820495903,0.033000946044921875,0.033000946044921875,1.0,3.0,timeout
980,-4.1587324142456055,-0.7809840440750122,-0.00025219403323717415,0.0006800242117606103,0.0006619102787226439,0.0,3.0,timeout
981,-4.158604621887207,-0.779957115650177,-0.00024673325242474675,0.03233948349952698,0.03233903646469116,1.0,3.0,timeout
982,-4.15847635269165,-0.778908908367157,-0.00024662280338816345,0.03300081938505173,0.03300081938505173,1.0,-3.0,timeout
983,-4.158346176147461,-0.7778609991073608,-0.0002468302263878286,0.03299887105822563,0.03299887105822563,1.0,-3.0,timeout
984,-4.158343315124512,-0.7778400182723999,-0.0002518920518923551,0.0006803626893088222,0.0006617189501412213,0.0,-3.0,timeout
985,-4.158210277557373,-0.776813805103302,-0.00024649116676300764,0.03233795985579491,0.03233752027153969,1.0,-3.0,timeout
986,-4.158072471618652,-0.7757667899131775,-0.00024645079975016415,0.033001407980918884,0.033001407980918884,1.0,3.0,timeout
987,-4.158070087432861,-0.7757458686828613,-0.000251565536018461,0.00067715416662395,0.0006580200861208141,0.0,-3.0,timeout
988,-4.157934665679932,-0.7747198343276978,-0.0002462402917444706,0.03234206885099411,0.032341644167900085,1.0,3.0,timeout
989,-4.15793514251709,-0.7747194766998291,-0.00025121308863162994,0.0001565122074680403,1.862645149230957e-05,0.0,0.0,timeout
990,-4.157801628112793,-0.773693323135376,-0.000245836068643257,0.03233802691102028,0.03233759105205536,1.0,-3.0,timeout
991,-4.157804489135742,-0.7736722826957703,-0.00025080767227336764,0.000681509671267122,0.0006635645404458046,0.0,3.0,timeout
992,-4.157804489135742,-0.7736722826957703,-0.0002504904696252197,9.912581845128443e-06,0.0,0.0,3.0,timeout
993,-4.1576738357543945,-0.7726457118988037,-0.00024506915360689163,0.03233955800533295,0.03233911097049713,1.0,3.0,timeout
994,-4.15767240524292,-0.7726246118545532,-0.0002501708222553134,0.0006798474933020771,0.0006608899566344917,0.0,3.0,timeout
995,-4.157546520233154,-0.7715973854064941,-0.00024509881041012704,0.0323413610458374,0.03234097361564636,1.0,3.0,timeout
996,-4.157421588897705,-0.7705488204956055,-0.0002453253837302327,0.03299940750002861,0.03299940750002861,1.0,3.0,timeout
997,-4.157420635223389,-0.7705276608467102,-0.00025067676324397326,0.0006827087490819395,0.0006619102787226439,0.0,3.0,timeout
998,-4.157297611236572,-0.769499659538269,-0.0002455051289871335,0.03235466405749321,0.032354261726140976,1.0,-3.0,timeout
999,-4.157174110412598,-0.768450915813446,-0.0002456532674841583,0.03299970179796219,0.03299970179796219,1.0,-3.0,timeout
1000,-4.157047748565674,-0.7674024701118469,-0.0002460558607708663,0.03300103172659874,0.03300102800130844,1.0,-3.0,timeout
1001,-4.156919956207275,-0.7663542032241821,-0.0002464018471073359,0.03300086408853531,0.03300086036324501,1.0,3.0,timeout
1002,-4.156794548034668,-0.7653056979179382,-0.0002466694568283856,0.03299932926893234,0.032999325543642044,1.0,3.0,timeout
1003,-4.156671524047852,-0.7642568349838257,-0.0002468832244630903,0.03300166130065918,0.03300166130065918,1.0,3.0,timeout
1004,-4.156550884246826,-0.763207733631134,-0.000247054296778515,0.03300046548247337,0.03300046548247337,1.0,3.0,timeout
1005,-4.156432151794434,-0.7621584534645081,-0.0002471806656103581,0.03299925848841667,0.03299925848841667,1.0,-3.0,timeout
1006,-4.156310558319092,-0.761109471321106,-0.00024729117285460234,0.03300018608570099,0.03300018608570099,1.0,-3.0,timeout
1007,-4.156308174133301,-0.761088490486145,-0.00025226129218935966,0.0006779030663892627,0.0006598707986995578,0.0,-3.0,timeout
1008,-4.156307697296143,-0.7610885500907898,-0.0002516712120268494,2.37812473642407e-05,1.501712449680781e-05,0.0,-3.0,timeout
1009,-4.156181335449219,-0.7600614428520203,-0.00024601383483968675,0.03233957290649414,0.03233909234404564,1.0,-3.0,timeout
1010,-4.1561784744262695,-0.7600405216217041,-0.00025092597934417427,0.0006774928187951446,0.0006598734180442989,0.0,-3.0,timeout
1011,-4.1560468673706055,-0.7590140700340271,-0.0002457030932419002,0.03233960270881653,0.0323391929268837,1.0,-3.0,timeout
1012,-4.155911445617676,-0.7579668164253235,-0.0002458196540828794,0.03299915790557861,0.03299915790557861,1.0,3.0,timeout
1013,-4.155910968780518,-0.7579665184020996,-0.0002511628845240921,0.0001678980333963409,1.7572157958056778e-05,0.0,0.0,timeout
1014,-4.1557793617248535,-0.7569400668144226,-0.00024581007892265916,0.03233962506055832,0.0323391929268837,1.0,-3.0,timeout
1015,-4.155643463134766,-0.7558928728103638,-0.00024590163957327604,0.032999224960803986,0.032999224960803986,1.0,3.0,timeout
1016,-4.1555094718933105,-0.754845380783081,-0.0002462447446305305,0.033000845462083817,0.033000845462083817,1.0,-3.0,timeout
1017,-4.1553730964660645,-0.753798246383667,-0.00024654241860844195,0.032999299466609955,0.032999299466609955,1.0,-3.0,timeout
1018,-4.155375003814697,-0.753777265548706,-0.0002516769745852798,0.0006776258815079927,0.0006583547801710665,0.0,3.0,timeout
1019,-4.155236721038818,-0.7527511715888977,-0.0002463036507833749,0.032355744391679764,0.032355308532714844,1.0,-3.0,timeout
1020,-4.1550984382629395,-0.7517042756080627,-0.0002463026612531394,0.032999660819768906,0.032999660819768906,1.0,3.0,timeout
1021,-4.154961585998535,-0.7506570816040039,-0.00024656581808812916,0.033003076910972595,0.0330030731856823,1.0,-3.0,timeout
1022,-4.154961585998535,-0.7506568431854248,-0.00025178262148983777,0.00016319526184815913,7.450580142176477e-06,0.0,0.0,timeout
1023,-4.154961585998535,-0.7506568431854248,-0.0002512015344109386,1.8158971215598285e-05,0.0,0.0,3.0,timeout
1024,-4.154822826385498,-0.7496307492256165,-0.0002456217189319432,0.03235777094960213,0.03235730156302452,1.0,-3.0,timeout
1025,-4.154684066772461,-0.7485839128494263,-0.00024574255803599954,0.03299977257847786,0.03299977257847786,1.0,3.0,timeout
1026,-4.154681205749512,-0.7485629916191101,-0.00025099876802414656,0.000680009659845382,0.0006598734180442989,0.0,-3.0,timeout
1027,-4.154544830322266,-0.7475371956825256,-0.00024577550357207656,0.03233858197927475,0.03233817219734192,1.0,-3.0,timeout
1028,-4.1544036865234375,-0.7464906573295593,-0.00024587829830124974,0.033000413328409195,0.033000413328409195,1.0,3.0,timeout
1029,-4.1542649269104,-0.7454437613487244,-0.0002462361007928848,0.0330016165971756,0.0330016165971756,1.0,3.0,timeout
1030,-4.154263019561768,-0.7454227209091187,-0.0002514186198823154,0.0006797838141210377,0.0006602098001167178,0.0,3.0,timeout
1031,-4.1541266441345215,-0.7443963289260864,-0.00024609887623228133,0.03235706314444542,0.032356634736061096,1.0,-3.0,timeout
1032,-4.153990268707275,-0.7433491945266724,-0.000246139126829803,0.032999299466609955,0.032999299466609955,1.0,3.0,timeout
1033,-4.153987884521484,-0.7433282136917114,-0.0002513164363335818,0.0006794157670810819,0.0006598707986995578,0.0,-3.0,timeout
1034,-4.153988361358643,-0.7433281540870667,-0.000250924815190956,1.937231354531832e-05,1.501712449680781e-05,0.0,3.0,timeout
1035,-4.153988361358643,-0.7433280944824219,-0.0002502971328794956,1.9703311409102753e-05,1.8626450355441193e-06,0.0,0.0,timeout
1036,-4.153988838195801,-0.7433280944824219,-0.0002497907553333789,2.1735984773840755e-05,1.4901160284352954e-05,0.0,3.0,timeout
1037,-4.153988361358643,-0.7433281540870667,-0.00024936965201050043,1.996711944229901e-05,1.501712449680781e-05,0.0,-3.0,timeout
1038,-4.15385627746582,-0.7423017621040344,-0.00024416777887381613,0.03233965113759041,0.032339245080947876,1.0,3.0,timeout
1039,-4.153724193572998,-0.7412540316581726,-0.000244556344114244,0.033000729978084564,0.033000726252794266,1.0,-3.0,timeout
1040,-4.153589248657227,-0.7402066588401794,-0.0002451772161293775,0.03300094977021217,0.033000946044921875,1.0,-3.0,timeout
1041,-4.153586387634277,-0.7401857376098633,-0.0002505708544049412,0.0006810597842559218,0.0006598734180442989,0.0,-3.0,timeout
1042,-4.153450012207031,-0.7391599416732788,-0.00024544555344618857,0.032338567078113556,0.03233817219734192,1.0,3.0,timeout
1043,-4.153447151184082,-0.7391389608383179,-0.0002504758595023304,0.0006801344570703804,0.0006617189501412213,0.0,-3.0,timeout
1044,-4.153311252593994,-0.7381131052970886,-0.00024535448756068945,0.0323384553194046,0.03233805671334267,1.0,3.0,timeout
1045,-4.15317440032959,-0.7370659708976746,-0.0002455201465636492,0.03300122544169426,0.03300122544169426,1.0,-3.0,timeout
1046,-4.153176784515381,-0.7370449304580688,-0.0002508449542801827,0.0006823228322900832,0.0006617215112783015,0.0,3.0,timeout
1047,-4.153176784515381,-0.7370448708534241,-0.0002505294105503708,1.0035121704277117e-05,1.8626450355441193e-06,0.0,0.0,timeout
1048,-4.153177261352539,-0.7370448112487793,-0.00024999098968692124,2.255252911709249e-05,1.501712449680781e-05,0.0,3.0,timeout
1049,-4.153040409088135,-0.7360184788703918,-0.0002446424914523959,0.03235718607902527,0.03235675394535065,1.0,-3.0,timeout
1050,-4.152904033660889,-0.7349713444709778,-0.0002449589956086129,0.032999299466609955,0.032999299466609955,1.0,3.0,timeout
1051,-4.152770042419434,-0.7339238524436951,-0.0002455002977512777,0.033000849187374115,0.033000845462083817,1.0,3.0,timeout
1052,-4.1526384353637695,-0.7328760623931885,-0.0002459475363139063,0.03300071880221367,0.03300071507692337,1.0,3.0,timeout
1053,-4.1525092124938965,-0.731827974319458,-0.00024630603729747236,0.03300075605511665,0.03300075605511665,1.0,3.0,timeout
1054,-4.15250825881958,-0.7318068146705627,-0.00025147548876702785,0.0006813384243287146,0.0006619102787226439,0.0,3.0,timeout
1055,-4.15238094329834,-0.7307793498039246,-0.0002461447147652507,0.032354265451431274,0.03235383704304695,1.0,-3.0,timeout
1056,-4.152254104614258,-0.729731023311615,-0.00024617553572170436,0.03299911692738533,0.03299911692738533,1.0,3.0,timeout
1057,-4.152128219604492,-0.7286825180053711,-0.0002464638964738697,0.03300110250711441,0.03300110250711441,1.0,-3.0,timeout
1058,-4.152000427246094,-0.7276342511177063,-0.0002467174199409783,0.03300086408853531,0.03300086036324501,1.0,-3.0,timeout
1059,-4.151869773864746,-0.7265863418579102,-0.0002469214960001409,0.03300071135163307,0.03300071135163307,1.0,-3.0,timeout
1060,-4.151737213134766,-0.7255387306213379,-0.00024708491400815547,0.03299890086054802,0.03299890086054802,1.0,-3.0,timeout
1061,-4.151602745056152,-0.7244913578033447,-0.0002472254273016006,0.03299904242157936,0.03299904242157936,1.0,3.0,timeout
1062,-4.151600360870361,-0.724470317363739,-0.0002522102149669081,0.0006798096001148224,0.0006617215112783015,0.0,3.0,timeout
1063,-4.151599884033203,-0.7244703769683838,-0.00025161958183161914,2.3794649678166024e-05,1.501712449680781e-05,0.0,-3.0,timeout
1064,-4.151469707489014,-0.7234438061714172,-0.0002459720999468118,0.03233771398663521,0.032337237149477005,1.0,-3.0,timeout
1065,-4.151334762573242,-0.7223964333534241,-0.00024601086624898016,0.033000946044921875,0.033000946044921875,1.0,-3.0,timeout
1066,-4.1511969566345215,-0.7213494181632996,-0.0002463413402438164,0.03300141170620918,0.033001407980918884,1.0,-3.0,timeout
1067,-4.151198863983154,-0.7213284969329834,-0.00025151539011858404,0.0006761178956367075,0.0006564998184330761,0.0,3.0,timeout
1068,-4.151198863983154,-0.7213285565376282,-0.00025107088731601834,1.4015038686920889e-05,1.8626450355441193e-06,0.0,3.0,timeout
1069,-4.151198863983154,-0.7213285565376282,-0.0002504180301912129,2.0401783331180923e-05,0.0,0.0,3.0,timeout
1070,-4.151198863983154,-0.721328616142273,-0.0002498813846614212,1.687329677224625e-05,1.8626450355441193e-06,0.0,3.0,timeout
1071,-4.151071548461914,-0.720301628112793,-0.0002445670834276825,0.03233947232365608,0.03233904764056206,1.0,3.0,timeout
1072,-4.151069641113281,-0.7202805876731873,-0.0002497685491107404,0.0006799250841140747,0.0006602098001167178,0.0,3.0,timeout
1073,-4.1510701179504395,-0.7202805280685425,-0.0002496610686648637,1.538815558888018e-05,1.501712449680781e-05,0.0,3.0,timeout
1074,-4.15094518661499,-0.7192527651786804,-0.0002443926641717553,0.03235442191362381,0.03235400468111038,1.0,-3.0,timeout
1075,-4.150942325592041,-0.7192317843437195,-0.0002496316155884415,0.0006816709064878523,0.0006617189501412213,0.0,-3.0,timeout
1076,-4.150817394256592,-0.7182044982910156,-0.0002446788130328059,0.03233958035707474,0.03233921155333519,1.0,3.0,timeout
1077,-4.150692462921143,-0.717155933380127,-0.0002449798339512199,0.03299941122531891,0.03299940750002861,1.0,-3.0,timeout
1078,-4.150691986083984,-0.7171555757522583,-0.0002505008305888623,0.0001735336845740676,1.862645149230957e-05,0.0,0.0,timeout
1079,-4.150566577911377,-0.716128408908844,-0.00024528076755814254,0.032337725162506104,0.03233731538057327,1.0,-3.0,timeout
1080,-4.150436878204346,-0.7150803804397583,-0.00024547838256694376,0.03300073370337486,0.03300073370337486,1.0,3.0,timeout
1081,-4.150309085845947,-0.7140321731567383,-0.0002459062961861491,0.03299901634454727,0.03299901261925697,1.0,-3.0,timeout
1082,-4.15031099319458,-0.7140111327171326,-0.0002511670463718474,0.0006803703145124018,0.0006602098001167178,0.0,3.0,timeout
1083,-4.150181293487549,-0.7129839658737183,-0.00024589631357230246,0.032354261726140976,0.03235384449362755,1.0,-3.0,timeout
1084,-4.150051116943359,-0.7119359970092773,-0.0002459667739458382,0.03300071880221367,0.03300071880221367,1.0,-3.0,timeout
1085,-4.150047779083252,-0.7119150757789612,-0.0002511884376872331,0.0006818696274422109,0.0006620570202358067,0.0,-3.0,timeout
1086,-4.14991569519043,-0.7108887434005737,-0.00024593883426859975,0.03233781084418297,0.03233739361166954,1.0,3.0,timeout
1087,-4.149783134460449,-0.7098410129547119,-0.0002459883689880371,0.033002592623233795,0.033002592623233795,1.0,-3.0,timeout
1088,-4.1497802734375,-0.7098200917243958,-0.00025120499776676297,0.0006797119276598096,0.0006598734180442989,0.0,-3.0,timeout
1089,-4.149779796600342,-0.7098201513290405,-0.0002508258621674031,1.9128219719277695e-05,1.501712449680781e-05,0.0,-3.0,timeout
1090,-4.149779796600342,-0.7098201513290405,-0.00025023287162184715,1.8530954548623413e-05,0.0,0.0,3.0,timeout
1091,-4.149779319763184,-0.7098202705383301,-0.0002497243694961071,2.2100597561802715e-05,1.5359764802269638e-05,0.0,-3.0,timeout
1092,-4.149778842926025,-0.7098203301429749,-0.00024932590895332396,1.95080410776427e-05,1.501712449680781e-05,0.0,-3.0,timeout
1093,-4.1496405601501465,-0.7087947726249695,-0.0002441330871079117,0.032339103519916534,0.032338693737983704,1.0,3.0,timeout
1094,-4.149638652801514,-0.708773672580719,-0.0002494224172551185,0.0006823863950558007,0.00066206487827003,0.0,3.0,timeout
1095,-4.149500370025635,-0.7077475786209106,-0.0002444863202981651,0.03235567733645439,0.032355308532714844,1.0,-3.0,timeout
1096,-4.149361610412598,-0.7067006230354309,-0.00024484354071319103,0.033003464341163635,0.03300346061587334,1.0,0.0,timeout
1097,-4.149359226226807,-0.7066795825958252,-0.0002502974821254611,0.0006833181832917035,0.0006617215112783015,0.0,3.0,timeout
1098,-4.14922571182251,-0.7056534290313721,-0.00024521490558981895,0.0323379822075367,0.03233759105205536,1.0,3.0,timeout
1099,-4.149092197418213,-0.7046059370040894,-0.00024540870799683034,0.032998956739902496,0.032998956739902496,1.0,-3.0,timeout
1100,-4.148955821990967,-0.7035587430000305,-0.0002458597009535879,0.03300114721059799,0.033001143485307693,1.0,-3.0,timeout
1101,-4.148817539215088,-0.7025117874145508,-0.00024624497746117413,0.03300151228904724,0.03300150856375694,1.0,3.0,timeout
1102,-4.148681163787842,-0.7014645934104919,-0.0002465341822244227,0.03300114721059799,0.033001143485307693,1.0,-3.0,timeout
1103,-4.148542404174805,-0.7004177570343018,-0.00024677463807165623,0.03299977257847786,0.03299977257847786,1.0,-3.0,timeout
1104,-4.148401260375977,-0.6993712186813354,-0.00024696748005226254,0.033000413328409195,0.033000413328409195,1.0,-3.0,timeout
1105,-4.148398399353027,-0.6993503570556641,-0.0002520030830055475,0.000676582392770797,0.0006580279441550374,0.0,-3.0,timeout
1106,-4.148255825042725,-0.698325514793396,-0.00024720263900235295,0.03233509883284569,0.03233475238084793,1.0,3.0,timeout
1107,-4.148113250732422,-0.6972792744636536,-0.00024698645574972034,0.032997190952301025,0.032997190952301025,1.0,-3.0,timeout
1108,-4.148113250732422,-0.6972789764404297,-0.00025210404419340193,0.00016019557369872928,9.313225746154785e-06,0.0,0.0,timeout
1109,-4.147971153259277,-0.6962539553642273,-0.00024657417088747025,0.032338697463274,0.03233823552727699,1.0,3.0,timeout
1110,-4.147828578948975,-0.6952076554298401,-0.0002464918652549386,0.032999034970998764,0.032999034970998764,1.0,-3.0,timeout
1111,-4.147826671600342,-0.6951866745948792,-0.0002516187960281968,0.0006775694782845676,0.0006583547801710665,0.0,3.0,timeout
1112,-4.147681713104248,-0.6941613554954529,-0.00024625836522318423,0.03236028924584389,0.032359857112169266,1.0,-3.0,timeout
1113,-4.147536277770996,-0.6931154131889343,-0.0002462568518240005,0.0330001562833786,0.0330001562833786,1.0,-3.0,timeout
1114,-4.1473894119262695,-0.6920696496963501,-0.0002465486468281597,0.03300081193447113,0.03300080820918083,1.0,3.0,timeout
1115,-4.147244453430176,-0.6910236477851868,-0.00024677638430148363,0.032999951392412186,0.032999951392412186,1.0,-3.0,timeout
1116,-4.147097587585449,-0.6899779438972473,-0.00024697830667719245,0.03299896419048309,0.03299896419048309,1.0,3.0,timeout
1117,-4.146953105926514,-0.6889318227767944,-0.0002471304323989898,0.033001601696014404,0.033001601696014404,1.0,3.0,timeout
1118,-4.146811485290527,-0.6878854036331177,-0.00024725182447582483,0.032998718321323395,0.032998718321323395,1.0,3.0,timeout
1119,-4.146671295166016,-0.6868387460708618,-0.0002473386994097382,0.03300013765692711,0.03300013765692711,1.0,-3.0,timeout
1120,-4.146670341491699,-0.6868177056312561,-0.0002523112343624234,0.0006762832053937018,0.0006581887719221413,0.0,3.0,timeout
1121,-4.146669864654541,-0.6868177652359009,-0.000251700053922832,2.4296103219967335e-05,1.501712449680781e-05,0.0,-3.0,timeout
1122,-4.1465301513671875,-0.6857924461364746,-0.00024603630299679935,0.03233780339360237,0.03233731910586357,1.0,-3.0,timeout
1123,-4.1465325355529785,-0.6857714653015137,-0.00025095840101130307,0.0006775608635507524,0.0006598707986995578,0.0,3.0,timeout
1124,-4.146392822265625,-0.6847460865974426,-0.0002457262307871133,0.03233957290649414,0.03233916312456131,1.0,3.0,timeout
1125,-4.14625358581543,-0.6836992502212524,-0.0002458216331433505,0.03300173580646515,0.03300173580646515,1.0,0.0,timeout
1126,-4.146113872528076,-0.6826524138450623,-0.00024619075702503324,0.03300370275974274,0.03300370275974274,1.0,0.0,timeout
1127,-4.146111011505127,-0.6826314926147461,-0.00025137668126262724,0.0006794824148528278,0.0006598734180442989,0.0,-3.0,timeout
1128,-4.145971775054932,-0.681606113910675,-0.0002460901450831443,0.032337576150894165,0.03233715519309044,1.0,3.0,timeout
1129,-4.145832061767578,-0.6805593967437744,-0.00024610920809209347,0.03300001099705696,0.03300001099705696,1.0,-3.0,timeout
1130,-4.14583158493042,-0.6805383563041687,-0.0002513140207156539,0.0006774964276701212,0.0006576825398951769,0.0,3.0,timeout
1131,-4.145695209503174,-0.6795125603675842,-0.0002460275136400014,0.032338593155145645,0.03233817219734192,1.0,3.0,timeout
1132,-4.145558834075928,-0.6784654259681702,-0.0002460686373524368,0.032999299466609955,0.032999299466609955,1.0,3.0,timeout
1133,-4.145556449890137,-0.6784444451332092,-0.0002512593346182257,0.0006795154768042266,0.0006598707986995578,0.0,-3.0,timeout
1134,-4.145557403564453,-0.6784443259239197,-0.0002508792094886303,3.229805952287279e-05,3.003424899361562e-05,0.0,3.0,timeout
1135,-4.145420074462891,-0.677418053150177,-0.00024536790442653,0.032357338815927505,0.032356880605220795,1.0,-3.0,timeout
1136,-4.14528226852417,-0.6763710975646973,-0.0002455296053085476,0.032999563962221146,0.032999563962221146,1.0,-3.0,timeout
1137,-4.145279407501221,-0.6763501763343811,-0.000250838027568534,0.0006804056465625763,0.0006598734180442989,0.0,-3.0,timeout
1138,-4.145139694213867,-0.6753247380256653,-0.00024565853527747095,0.03234141319990158,0.03234100714325905,1.0,3.0,timeout
1139,-4.145000457763672,-0.6742779612541199,-0.00024577401927672327,0.03299988433718681,0.03299988433718681,1.0,3.0,timeout
1140,-4.144998550415039,-0.6742568612098694,-0.0002510352642275393,0.000682174286339432,0.00066206487827003,0.0,3.0,timeout
1141,-4.144861221313477,-0.6732305884361267,-0.00024579145247116685,0.032357294112443924,0.032356880605220795,1.0,-3.0,timeout
1142,-4.1448588371276855,-0.6732096076011658,-0.00025076483143493533,0.000677926407661289,0.0006598707986995578,0.0,-3.0,timeout
1143,-4.144718647003174,-0.6721630692481995,-0.00024548370856791735,0.032996855676174164,0.03299644589424133,1.0,0.0,timeout
1144,-4.144716739654541,-0.6721420884132385,-0.0002506152377463877,0.0006776034715585411,0.0006583547801710665,0.0,3.0,timeout
1145,-4.1445817947387695,-0.671116054058075,-0.00024545929045416415,0.032340098172426224,0.03233969956636429,1.0,3.0,timeout
1146,-4.144580364227295,-0.6710949540138245,-0.0002504968724679202,0.0006793806096538901,0.0006608899566344917,0.0,3.0,timeout
1147,-4.144450664520264,-0.6700682640075684,-0.00024536039563827217,0.03233945742249489,0.03233905881643295,1.0,3.0,timeout
1148,-4.144321441650391,-0.6690201759338379,-0.0002455345820635557,0.03300075605511665,0.03300075605511665,1.0,3.0,timeout
1149,-4.144320011138916,-0.6689990162849426,-0.00025084399385377765,0.0006832017097622156,0.000662748352624476,0.0,3.0,timeout
1150,-4.144320964813232,-0.6689989566802979,-0.00025053630815818906,3.137035673717037e-05,2.9860471840947866e-05,0.0,3.0,timeout
1151,-4.144321441650391,-0.6689988374710083,-0.00024999125162139535,2.2935693777981214e-05,1.5359764802269638e-05,0.0,3.0,timeout
1152,-4.144198894500732,-0.6679708957672119,-0.0002446428989060223,0.03235107660293579,0.03235064446926117,1.0,-3.0,timeout
1153,-4.144075870513916,-0.6669220328330994,-0.0002449588500894606,0.03300166130065918,0.03300166130065918,1.0,3.0,timeout
1154,-4.144073963165283,-0.6669010519981384,-0.0002503721625544131,0.00067974126432091,0.0006583547801710665,0.0,-3.0,timeout
1155,-4.1439528465271,-0.6658732295036316,-0.00024528554058633745,0.03234207257628441,0.03234168514609337,1.0,3.0,timeout
1156,-4.143832683563232,-0.6648240685462952,-0.0002454759960528463,0.03300061821937561,0.03300061821937561,1.0,3.0,timeout
1157,-4.143714904785156,-0.6637746691703796,-0.00024591435794718564,0.03299963101744652,0.03299962729215622,1.0,3.0,timeout
1158,-4.143598556518555,-0.6627250909805298,-0.00024626823142170906,0.03300022706389427,0.03300022333860397,1.0,-3.0,timeout
1159,-4.14348030090332,-0.6616756916046143,-0.00024657227913849056,0.03300129249691963,0.03300129249691963,1.0,3.0,timeout
1160,-4.143364429473877,-0.6606259942054749,-0.00024680080241523683,0.03300229087471962,0.03300229087471962,1.0,0.0,timeout
1161,-4.143248558044434,-0.6595763564109802,-0.0002469940227456391,0.033000439405441284,0.033000439405441284,1.0,3.0,timeout
1162,-4.143135070800781,-0.6585264801979065,-0.0002471432962920517,0.03299975022673607,0.03299975022673607,1.0,3.0,timeout
1163,-4.14302396774292,-0.6574762463569641,-0.0002472569758538157,0.03300294280052185,0.03300294280052185,1.0,0.0,timeout
1164,-4.1429123878479,-0.6564261317253113,-0.00024735889746807516,0.03300080820918083,0.03300080820918083,1.0,3.0,timeout
1165,-4.142910957336426,-0.6564051508903503,-0.00025230561732314527,0.0006751097971573472,0.000657173281069845,0.0,-3.0,timeout
1166,-4.142801761627197,-0.655376136302948,-0.000246833311393857,0.03233770653605461,0.0323372520506382,1.0,3.0,timeout
1167,-4.142692565917969,-0.6543257236480713,-0.00024671401479281485,0.03300228342413902,0.03300228342413902,1.0,3.0,timeout
1168,-4.1425862312316895,-0.6532750725746155,-0.0002469045575708151,0.03300057351589203,0.03300057351589203,1.0,3.0,timeout
1169,-4.142481327056885,-0.6522243022918701,-0.0002470599429216236,0.032999806106090546,0.032999806106090546,1.0,-3.0,timeout
1170,-4.14247989654541,-0.6522032618522644,-0.00025207563885487616,0.0006774144130758941,0.0006590316188521683,0.0,-3.0,timeout
1171,-4.1423726081848145,-0.6511740684509277,-0.0002466497535351664,0.032337017357349396,0.03233657404780388,1.0,3.0,timeout
1172,-4.1422648429870605,-0.6501235365867615,-0.0002465565630700439,0.03300140053033829,0.03300140053033829,1.0,-3.0,timeout
1173,-4.142155647277832,-0.6490731835365295,-0.00024678808404132724,0.03300043195486069,0.03300043195486069,1.0,3.0,timeout
1174,-4.142048358917236,-0.6480226516723633,-0.0002469675673637539,0.032999880611896515,0.032999880611896515,1.0,-3.0,timeout
1175,-4.141939163208008,-0.6469722986221313,-0.0002471314219292253,0.03300043195486069,0.03300043195486069,1.0,3.0,timeout
1176,-4.141937255859375,-0.6469512581825256,-0.00025212415494024754,0.000678395270369947,0.0006602098001167178,0.0,-3.0,timeout
1177,-4.141829013824463,-0.6459221243858337,-0.00024667641264386475,0.03233827278017998,0.03233782574534416,1.0,-3.0,timeout
1178,-4.141716480255127,-0.6448721289634705,-0.0002465989382471889,0.033000268042087555,0.033000268042087555,1.0,3.0,timeout
1179,-4.141606330871582,-0.6438218951225281,-0.0002468024904374033,0.03299982100725174,0.03299982100725174,1.0,-3.0,timeout
1180,-4.141608238220215,-0.6438007950782776,-0.0002518827677704394,0.0006808334728702903,0.00066206487827003,0.0,3.0,timeout
1181,-4.141500473022461,-0.6427716016769409,-0.0002464827266521752,0.03233856335282326,0.03233812376856804,1.0,3.0,timeout
1182,-4.141392707824707,-0.6417211294174194,-0.0002464225108269602,0.03299954533576965,0.03299954533576965,1.0,-3.0,timeout
1183,-4.14128303527832,-0.6406707763671875,-0.0002466807491146028,0.03300197795033455,0.03300197422504425,1.0,3.0,timeout
1184,-4.141176223754883,-0.6396202445030212,-0.00024689192650839686,0.03299836814403534,0.03299836814403534,1.0,3.0,timeout
1185,-4.14107084274292,-0.6385694742202759,-0.00024705089163035154,0.033001288771629333,0.033001288771629333,1.0,-3.0,timeout
1186,-4.140964031219482,-0.6375188827514648,-0.00024719806970097125,0.033000219613313675,0.033000219613313675,1.0,3.0,timeout
1187,-4.14096212387085,-0.6374978423118591,-0.0002521773858461529,0.0006782989366911352,0.0006602098001167178,0.0,-3.0,timeout
1188,-4.140962600708008,-0.6374978423118591,-0.00025161419762298465,2.3060607418301515e-05,1.4901160284352954e-05,0.0,3.0,timeout
1189,-4.140855312347412,-0.636468231678009,-0.00024595725699327886,0.032350026071071625,0.032349541783332825,1.0,-3.0,timeout
1190,-4.140747547149658,-0.6354177594184875,-0.00024601013865321875,0.03299954533576965,0.03299954533576965,1.0,3.0,timeout
1191,-4.140642166137695,-0.6343669891357422,-0.00024634096189402044,0.03300129249691963,0.033001288771629333,1.0,3.0,timeout
1192,-4.140538692474365,-0.6333160400390625,-0.0002466095320414752,0.03300096094608307,0.03300095722079277,1.0,-3.0,timeout
1193,-4.140540599822998,-0.633294939994812,-0.0002517290413379669,0.0006811203784309328,0.00066206487827003,0.0,3.0,timeout
1194,-4.140435695648193,-0.6322651505470276,-0.00024634774308651686,0.0323479026556015,0.03234746679663658,1.0,-3.0,timeout
1195,-4.140329360961914,-0.6312144994735718,-0.000246326788328588,0.03300057351589203,0.03300057351589203,1.0,-3.0,timeout
1196,-4.140220642089844,-0.6301640868186951,-0.0002465946599841118,0.033000748604536057,0.033000748604536057,1.0,-3.0,timeout
1197,-4.140109539031982,-0.6291139125823975,-0.00024682292132638395,0.033001091331243515,0.033001091331243515,1.0,-3.0,timeout
1198,-4.139996528625488,-0.628063976764679,-0.0002470157924108207,0.03300000727176666,0.03300000727176666,1.0,3.0,timeout
1199,-4.139885902404785,-0.6270138025283813,-0.00024715077597647905,0.03299952670931816,0.03299952670931816,1.0,-3.0,timeout
1200,-4.139772415161133,-0.6259638667106628,-0.0002472679188940674,0.0330016054213047,0.0330016054213047,1.0,-3.0,timeout
1201,-4.139773845672607,-0.6259428858757019,-0.00025225584977306426,0.0006754058413207531,0.000657173281069845,0.0,3.0,timeout
1202,-4.139773845672607,-0.6259429454803467,-0.00025166411069221795,1.8585418729344383e-05,1.8626450355441193e-06,0.0,3.0,timeout
1203,-4.139665603637695,-0.6249138116836548,-0.0002460087416693568,0.03233831003308296,0.03233782574534416,1.0,3.0,timeout
1204,-4.1395583152771,-0.6238632202148438,-0.00024603866040706635,0.03300173580646515,0.03300173580646515,1.0,3.0,timeout
1205,-4.139453411102295,-0.6228124499320984,-0.0002463632554281503,0.032999809831380844,0.032999806106090546,1.0,3.0,timeout
1206,-4.139350414276123,-0.6217614412307739,-0.00024662731448188424,0.033001355826854706,0.033001355826854706,1.0,-3.0,timeout
1207,-4.139352798461914,-0.6217403411865234,-0.0002517433022148907,0.0006825600285083055,0.000663572340272367,0.0,3.0,timeout
1208,-4.139352798461914,-0.6217403411865234,-0.0002512550272513181,1.5258591702149715e-05,0.0,0.0,3.0,timeout
1209,-4.139250755310059,-0.6207102537155151,-0.0002456695365253836,0.03234826400876045,0.032347794622182846,1.0,-3.0,timeout
1210,-4.139248371124268,-0.6206892728805542,-0.00025065147201530635,0.0006779878167435527,0.0006598707986995578,0.0,-3.0,timeout
1211,-4.139143943786621,-0.6196596622467041,-0.0002454835339449346,0.03234080225229263,0.0323403961956501,1.0,-3.0,timeout
1212,-4.139145851135254,-0.6196386218070984,-0.0002505288284737617,0.0006787749007344246,0.0006602098001167178,0.0,3.0,timeout
1213,-4.139041900634766,-0.6186090111732483,-0.00024538469733670354,0.032339297235012054,0.03233889862895012,1.0,3.0,timeout
1214,-4.138939380645752,-0.6175580024719238,-0.0002455535577610135,0.032999902963638306,0.032999902963638306,1.0,3.0,timeout
1215,-4.138839244842529,-0.6165066957473755,-0.00024597608717158437,0.03300203010439873,0.03300202637910843,1.0,3.0,timeout
1216,-4.1388373374938965,-0.6164856553077698,-0.000251199264312163,0.0006800875999033451,0.0006602098001167178,0.0,-3.0,timeout
1217,-4.13873815536499,-0.6154556274414062,-0.0002459363604430109,0.03233766928315163,0.0323372483253479,1.0,-3.0,timeout
1218,-4.138634204864502,-0.6144046783447266,-0.0002459965762682259,0.033002421259880066,0.033002421259880066,1.0,-3.0,timeout
1219,-4.138527870178223,-0.6133540272712708,-0.00024633039720356464,0.03300057351589203,0.03300057351589203,1.0,-3.0,timeout
1220,-4.138420104980469,-0.6123035550117493,-0.00024662137730047107,0.03299954906105995,0.03299954533576965,1.0,3.0,timeout
1221,-4.138418674468994,-0.6122824549674988,-0.00025172741152346134,0.0006798795075155795,0.0006608899566344917,0.0,3.0,timeout
1222,-4.138313293457031,-0.6112526655197144,-0.00024634742294438183,0.03234941512346268,0.03234897926449776,1.0,-3.0,timeout
1223,-4.13820743560791,-0.6102019548416138,-0.0002463366836309433,0.03300092741847038,0.03300092741847038,1.0,3.0,timeout
1224,-4.138103485107422,-0.6091510653495789,-0.0002465928846504539,0.03300056979060173,0.03300056606531143,1.0,-3.0,timeout
1225,-4.137997150421143,-0.608100414276123,-0.00024682082585059106,0.03300057351589203,0.03300057351589203,1.0,-3.0,timeout
1226,-4.137889385223389,-0.6070499420166016,-0.0002470142499078065,0.03299954533576965,0.03299954533576965,1.0,3.0,timeout
1227,-4.137887954711914,-0.6070289015769958,-0.00025204147095791996,0.0006774978246539831,0.0006590316188521683,0.0,3.0,timeout
1228,-4.137784481048584,-0.6059781312942505,-0.0002465086290612817,0.03299584612250328,0.03299539536237717,1.0,0.0,timeout
1229,-4.137783050537109,-0.60595703125,-0.00025143465609289706,0.0006785813020542264,0.0006608899566344917,0.0,3.0,timeout
1230,-4.137783527374268,-0.60595703125,-0.00025099870981648564,2.0190083887428045e-05,1.4901160284352954e-05,0.0,3.0,timeout
1231,-4.137783527374268,-0.6059569716453552,-0.00025035516591742635,2.019682142417878e-05,1.8626450355441193e-06,0.0,0.0,timeout
1232,-4.137686729431152,-0.6049267053604126,-0.0002449527964927256,0.03233804926276207,0.03233760967850685,1.0,3.0,timeout
1233,-4.1375908851623535,-0.6038751006126404,-0.0002451838518027216,0.03299885615706444,0.03299885615706444,1.0,-3.0,timeout
1234,-4.1374921798706055,-0.6028237342834473,-0.0002456790243741125,0.0329996757209301,0.0329996719956398,1.0,-3.0,timeout
1235,-4.137391567230225,-0.6017724871635437,-0.00024610047694295645,0.03300159052014351,0.03300158679485321,1.0,3.0,timeout
1236,-4.137293815612793,-0.6007210612297058,-0.00024642847711220384,0.03299875557422638,0.03299875557422638,1.0,3.0,timeout
1237,-4.137197494506836,-0.5996693968772888,-0.00024668037076480687,0.033002063632011414,0.033002063632011414,1.0,-3.0,timeout
1238,-4.137199401855469,-0.5996482968330383,-0.0002517854736652225,0.0006810148479416966,0.00066206487827003,0.0,3.0,timeout
1239,-4.137105464935303,-0.5986177921295166,-0.00024640539777465165,0.03233722969889641,0.03233679011464119,1.0,3.0,timeout
1240,-4.137012004852295,-0.5975658893585205,-0.00024636066518723965,0.03300144895911217,0.03300144895911217,1.0,-3.0,timeout
1241,-4.136916637420654,-0.5965141654014587,-0.0002466313017066568,0.03300121799111366,0.033001214265823364,1.0,3.0,timeout
1242,-4.136824131011963,-0.5954622626304626,-0.0002468524035066366,0.03299882635474205,0.03299882635474205,1.0,3.0,timeout
1243,-4.136822700500488,-0.5954411625862122,-0.00025190049200318754,0.000679456745274365,0.0006608899566344917,0.0,-3.0,timeout
1244,-4.136729717254639,-0.5943894982337952,-0.00024640647461637855,0.03299316391348839,0.03299271687865257,1.0,0.0,timeout
1245,-4.136636734008789,-0.5933375954627991,-0.00024647096870467067,0.03300013765692711,0.03300013765692711,1.0,3.0,timeout
1246,-4.1365461349487305,-0.5922854542732239,-0.0002467143349349499,0.03300108388066292,0.03300108388066292,1.0,3.0,timeout
1247,-4.136457443237305,-0.5912331938743591,-0.00024690822465345263,0.032999731600284576,0.032999731600284576,1.0,-3.0,timeout
1248,-4.13636589050293,-0.5901811718940735,-0.00024707327247597277,0.03299994021654129,0.03299994021654129,1.0,-3.0,timeout
1249,-4.136271953582764,-0.5891293883323669,-0.00024720592773519456,0.03299906477332115,0.03299906477332115,1.0,-3.0,timeout
1250,-4.136175632476807,-0.5880777835845947,-0.000247312244027853,0.03300020843744278,0.03300020843744278,1.0,-3.0,timeout
1251,-4.136076927185059,-0.5870263576507568,-0.00024739743093959987,0.033001527190208435,0.033001527190208435,1.0,-3.0,timeout
1252,-4.1359758377075195,-0.5859752297401428,-0.00024746565031819046,0.03299930319190025,0.03299930319190025,1.0,-3.0,timeout
1253,-4.135872840881348,-0.5849242806434631,-0.00024752982426434755,0.03299950063228607,0.03299950063228607,1.0,3.0,timeout
1254,-4.135772705078125,-0.5838730335235596,-0.0002475712390150875,0.03300017490983009,0.03300017490983009,1.0,3.0,timeout
1255,-4.135674476623535,-0.5828216075897217,-0.00024759434745647013,0.03300013765692711,0.03300013765692711,1.0,-3.0,timeout
1256,-4.1355743408203125,-0.5817704200744629,-0.00024763253168202937,0.03299831971526146,0.03299831971526146,1.0,3.0,timeout
1257,-4.135476589202881,-0.5807189345359802,-0.0002476536901667714,0.03300061076879501,0.03300061076879501,1.0,3.0,timeout
1258,-4.135474681854248,-0.5806978940963745,-0.00025254106731154025,0.0006776456139050424,0.0006602098001167178,0.0,-3.0,timeout
1259,-4.135377883911133,-0.5796676278114319,-0.0002470101753715426,0.03233807161450386,0.03233760967850685,1.0,-3.0,timeout
1260,-4.135379791259766,-0.5796465277671814,-0.0002517497632652521,0.0006784298457205296,0.00066206487827003,0.0,3.0,timeout
1261,-4.135283470153809,-0.578616201877594,-0.0002463619748596102,0.03233851119875908,0.03233807533979416,1.0,3.0,timeout
1262,-4.135188102722168,-0.5775644779205322,-0.00024633531575091183,0.033001214265823364,0.033001214265823364,1.0,3.0,timeout
1263,-4.13509464263916,-0.5765126347541809,-0.0002465909637976438,0.03299959748983383,0.03299959376454353,1.0,-3.0,timeout
1264,-4.135092735290527,-0.5764915347099304,-0.0002517001994419843,0.0006810450577177107,0.00066206487827003,0.0,-3.0,timeout
1265,-4.134995937347412,-0.5754612684249878,-0.00024633784778416157,0.03233804553747177,0.03233760967850685,1.0,-3.0,timeout
1266,-4.134895324707031,-0.574410080909729,-0.00024632809800095856,0.032999731600284576,0.032999731600284576,1.0,3.0,timeout
1267,-4.134893417358398,-0.5743890404701233,-0.00025146733969449997,0.0006794628570787609,0.0006602098001167178,0.0,-3.0,timeout
1268,-4.134794235229492,-0.5733588933944702,-0.00024616188602522016,0.03234138339757919,0.03234095871448517,1.0,3.0,timeout
1269,-4.134696006774902,-0.5723075270652771,-0.0002461665135342628,0.032998282462358475,0.032998282462358475,1.0,-3.0,timeout
1270,-4.1345953941345215,-0.5712562799453735,-0.00024647609097883105,0.03300158679485321,0.03300158679485321,1.0,3.0,timeout
1271,-4.134496688842773,-0.5702049136161804,-0.0002467181475367397,0.0329996757209301,0.0329996719956398,1.0,-3.0,timeout
1272,-4.134396553039551,-0.5691536664962769,-0.00024693194427527487,0.03300017490983009,0.03300017490983009,1.0,3.0,timeout
1273,-4.134297847747803,-0.5681023001670837,-0.00024708342971280217,0.0329996719956398,0.0329996719956398,1.0,-3.0,timeout
1274,-4.13429594039917,-0.568081259727478,-0.0002520947891753167,0.0006785293808206916,0.0006602098001167178,0.0,-3.0,timeout
1275,-4.1341938972473145,-0.5670514702796936,-0.0002466536534484476,0.03233896940946579,0.03233852609992027,1.0,-3.0,timeout
1276,-4.134195327758789,-0.5670303702354431,-0.00025146492407657206,0.0006777768139727414,0.0006608899566344917,0.0,3.0,timeout
1277,-4.134089946746826,-0.5660005807876587,-0.00024612181005068123,0.03234940767288208,0.03234897926449776,1.0,-3.0,timeout
1278,-4.134091377258301,-0.565979540348053,-0.00025103986263275146,0.0006767148734070361,0.0006590316188521683,0.0,3.0,timeout
1279,-4.133985996246338,-0.5649497509002686,-0.0002457817317917943,0.032349392771720886,0.03234897926449776,1.0,-3.0,timeout
1280,-4.133880138397217,-0.563899040222168,-0.00024588339147157967,0.03300092741847038,0.03300092741847038,1.0,3.0,timeout
1281,-4.133776664733887,-0.5628480911254883,-0.00024624005891382694,0.03300096094608307,0.03300095722079277,1.0,3.0,timeout
1282,-4.1336750984191895,-0.561797022819519,-0.0002465290017426014,0.03299887850880623,0.03299887850880623,1.0,-3.0,timeout
1283,-4.133572101593018,-0.5607460737228394,-0.00024678060435689986,0.03299950435757637,0.03299950063228607,1.0,3.0,timeout
1284,-4.13347053527832,-0.5596949458122253,-0.000246962474193424,0.03300073370337486,0.03300073370337486,1.0,-3.0,timeout
1285,-4.133470058441162,-0.5596945881843567,-0.0002521003771107644,0.0001616362715139985,1.862645149230957e-05,0.0,0.0,timeout
1286,-4.133368492126465,-0.5586647987365723,-0.00024657236644998193,0.03233752399682999,0.03233706206083298,1.0,3.0,timeout
1287,-4.133267879486084,-0.5576136112213135,-0.0002465005381964147,0.032999731600284576,0.032999731600284576,1.0,3.0,timeout
1288,-4.133169174194336,-0.5565622448921204,-0.00024672294966876507,0.0329996719956398,0.0329996719956398,1.0,-3.0,timeout
1289,-4.133068084716797,-0.5555111169815063,-0.00024692449369467795,0.03299930319190025,0.03299930319190025,1.0,-3.0,timeout
1290,-4.132964134216309,-0.5544602274894714,-0.00024708706769160926,0.03300056606531143,0.03300056606531143,1.0,-3.0,timeout
1291,-4.132961750030518,-0.5544391870498657,-0.00025209836894646287,0.0006799999391660094,0.0006617215112783015,0.0,-3.0,timeout
1292,-4.13285493850708,-0.5534099340438843,-0.0002466566802468151,0.03233733028173447,0.03233688697218895,1.0,-3.0,timeout
1293,-4.132852554321289,-0.5533889532089233,-0.00025145465042442083,0.0006766907754354179,0.0006598707986995578,0.0,-3.0,timeout
1294,-4.132740497589111,-0.5523601770401001,-0.0002461270778439939,0.032339829951524734,0.03233940154314041,1.0,-3.0,timeout
1295,-4.13262414932251,-0.5513105392456055,-0.00024614896392449737,0.03300207480788231,0.03300207480788231,1.0,-3.0,timeout
1296,-4.132625579833984,-0.5512895584106445,-0.0002513467916287482,0.000676949683111161,0.000657173281069845,0.0,3.0,timeout
1297,-4.132509708404541,-0.5502400994300842,-0.00024595053400844336,0.0329953171312809,0.03299488499760628,1.0,0.0,timeout
1298,-4.132393836975098,-0.5491904616355896,-0.000246095733018592,0.033000439405441284,0.033000439405441284,1.0,-3.0,timeout
1299,-4.132390975952148,-0.5491695404052734,-0.00025129527784883976,0.0006795840454287827,0.0006598734180442989,0.0,-3.0,timeout
1300,-4.13239049911499,-0.5491695404052734,-0.00025090324925258756,1.929064455907792e-05,1.4901160284352954e-05,0.0,0.0,timeout
1301,-4.132271766662598,-0.5481415390968323,-0.0002453955530654639,0.03233905881643295,0.03233860060572624,1.0,-3.0,timeout
1302,-4.132148742675781,-0.5470927357673645,-0.0002455498033668846,0.032999809831380844,0.032999809831380844,1.0,-3.0,timeout
1303,-4.132145404815674,-0.5470718145370483,-0.00025085429660975933,0.0006824937299825251,0.0006620570202358067,0.0,-3.0,timeout
1304,-4.132144927978516,-0.5470719337463379,-0.00025054565048776567,1.8137036022380926e-05,1.5359764802269638e-05,0.0,-3.0,timeout
1305,-4.132016658782959,-0.5460450649261475,-0.00024511353694833815,0.03233947604894638,0.032339029014110565,1.0,-3.0,timeout
1306,-4.132013320922852,-0.5460241436958313,-0.0002502065326552838,0.0006809185724705458,0.0006620570202358067,0.0,-3.0,timeout
1307,-4.131880283355713,-0.5449978709220886,-0.00024512773961760104,0.032339755445718765,0.032339368015527725,1.0,-3.0,timeout
1308,-4.131879806518555,-0.5449975728988647,-0.0002503337454982102,0.00016363391478080302,1.7572157958056778e-05,0.0,0.0,timeout
1309,-4.131745338439941,-0.543971598148346,-0.0002451438340358436,0.032336313277482986,0.03233591094613075,1.0,3.0,timeout
1310,-4.131610870361328,-0.5429241061210632,-0.000245357136009261,0.033002737909555435,0.033002737909555435,1.0,3.0,timeout
1311,-4.131479263305664,-0.5418763756752014,-0.0002458186645526439,0.03299887105822563,0.03299886733293533,1.0,3.0,timeout
1312,-4.131350040435791,-0.540828287601471,-0.0002462021657265723,0.03300075605511665,0.03300075605511665,1.0,3.0,timeout
1313,-4.131348609924316,-0.5408071875572205,-0.00025139233912341297,0.000680501339957118,0.0006608899566344917,0.0,3.0,timeout
1314,-4.131226062774658,-0.5397796034812927,-0.0002460916875861585,0.032339971512556076,0.03233955055475235,1.0,3.0,timeout
1315,-4.131103515625,-0.5387307405471802,-0.0002461097901687026,0.032999929040670395,0.032999929040670395,1.0,-3.0,timeout
1316,-4.130978584289551,-0.5376821160316467,-0.0002464200370013714,0.033001262694597244,0.033001262694597244,1.0,-3.0,timeout
1317,-4.1308512687683105,-0.5366338491439819,-0.00024668281548656523,0.03299906477332115,0.03299906104803085,1.0,-3.0,timeout
1318,-4.130721092224121,-0.535585880279541,-0.0002468939055688679,0.03300071880221367,0.03300071880221367,1.0,-3.0,timeout
1319,-4.130589485168457,-0.5345381498336792,-0.0002470727195031941,0.03299886733293533,0.03299886733293533,1.0,3.0,timeout
1320,-4.130460262298584,-0.5334900617599487,-0.00024720586952753365,0.03300075605511665,0.03300075605511665,1.0,3.0,timeout
1321,-4.130333423614502,-0.5324416756629944,-0.0002473121276125312,0.03300096467137337,0.03300096467137337,1.0,3.0,timeout
1322,-4.130208492279053,-0.5313931107521057,-0.00024738695356063545,0.03299940750002861,0.03299940750002861,1.0,-3.0,timeout
1323,-4.130208492279053,-0.5313928127288818,-0.00025243961135856807,0.00015816997620277107,9.313225746154785e-06,0.0,0.0,timeout
1324,-4.130208492279053,-0.5313927531242371,-0.0002517220564186573,2.250081888632849e-05,1.8626450355441193e-06,0.0,0.0,timeout
1325,-4.130083084106445,-0.5303655862808228,-0.00024604611098766327,0.03233780339360237,0.03233731538057327,1.0,-3.0,timeout
1326,-4.129953384399414,-0.5293175578117371,-0.00024607969680801034,0.03300073370337486,0.03300073370337486,1.0,3.0,timeout
1327,-4.129825592041016,-0.528269350528717,-0.0002463865093886852,0.03299901261925697,0.03299901261925697,1.0,-3.0,timeout
1328,-4.129827976226807,-0.5282483100891113,-0.00025155089679174125,0.0006811175844632089,0.0006617215112783015,0.0,3.0,timeout
1329,-4.129827499389648,-0.5282484292984009,-0.0002510903577785939,2.1048694179626182e-05,1.5359764802269638e-05,0.0,-3.0,timeout
1330,-4.129700183868408,-0.5272213816642761,-0.00024555984418839216,0.032341357320547104,0.032340895384550095,1.0,3.0,timeout
1331,-4.129573822021484,-0.5261729955673218,-0.0002456804213579744,0.032999180257320404,0.032999180257320404,1.0,3.0,timeout
1332,-4.129571914672852,-0.5261519551277161,-0.0002509482728783041,0.000680423981975764,0.0006602098001167178,0.0,-3.0,timeout
1333,-4.1294474601745605,-0.5251246094703674,-0.0002457464870531112,0.0323396734893322,0.03233926370739937,1.0,3.0,timeout
1334,-4.129323482513428,-0.5240758657455444,-0.00024584471248090267,0.03300144523382187,0.03300144523382187,1.0,3.0,timeout
1335,-4.129201412200928,-0.5230270028114319,-0.0002461985859554261,0.03299820423126221,0.03299820050597191,1.0,-3.0,timeout
1336,-4.1290764808654785,-0.5219783782958984,-0.0002465050492901355,0.033001262694597244,0.033001262694597244,1.0,-3.0,timeout
1337,-4.1290788650512695,-0.521957278251648,-0.0002516467357054353,0.0006827486213296652,0.000663572340272367,0.0,3.0,timeout
1338,-4.129078388214111,-0.5219573378562927,-0.0002511671918909997,2.1215244487393647e-05,1.501712449680781e-05,0.0,-3.0,timeout
1339,-4.1289544105529785,-0.5209299921989441,-0.00024562139878980815,0.032337941229343414,0.03233747556805611,1.0,3.0,timeout
1340,-4.1288299560546875,-0.5198813676834106,-0.0002457195660099387,0.03299950063228607,0.03299950063228607,1.0,-3.0,timeout
1341,-4.1287031173706055,-0.5188329815864563,-0.000246107520069927,0.033000968396663666,0.03300096467137337,1.0,-3.0,timeout
1342,-4.128573894500732,-0.5177848935127258,-0.00024643304641358554,0.03300075605511665,0.03300075605511665,1.0,-3.0,timeout
1343,-4.128442287445068,-0.5167371034622192,-0.0002466943406034261,0.03300071507692337,0.03300071507692337,1.0,-3.0,timeout
1344,-4.128308296203613,-0.5156896114349365,-0.0002469034225214273,0.033000845462083817,0.033000845462083817,1.0,-3.0,timeout
1345,-4.128171443939209,-0.5146424770355225,-0.00024707074044272304,0.03300122544169426,0.03300122544169426,1.0,-3.0,timeout
1346,-4.128032684326172,-0.5135955810546875,-0.000247204618062824,0.0330016165971756,0.0330016165971756,1.0,-3.0,timeout
1347,-4.12789249420166,-0.5125489830970764,-0.0002473209169693291,0.03299829363822937,0.03299829363822937,1.0,3.0,timeout
1348,-4.127889633178711,-0.5125280618667603,-0.0002522759896237403,0.0006777980597689748,0.0006598734180442989,0.0,-3.0,timeout
1349,-4.12775182723999,-0.5115024447441101,-0.00024680918431840837,0.032339006662368774,0.03233855590224266,1.0,3.0,timeout
1350,-4.127613544464111,-0.5104554891586304,-0.0002466845035087317,0.03300150856375694,0.03300150856375694,1.0,-3.0,timeout
1351,-4.1274733543396,-0.5094088315963745,-0.0002468801394570619,0.03300013765692711,0.03300013765692711,1.0,-3.0,timeout
1352,-4.127330303192139,-0.5083625316619873,-0.0002470511244609952,0.03300105035305023,0.03300105035305023,1.0,-3.0,timeout
1353,-4.127185821533203,-0.5073164701461792,-0.0002471983025316149,0.03299975395202637,0.03299975395202637,1.0,3.0,timeout
1354,-4.127043724060059,-0.5062701106071472,-0.000247306190431118,0.03299887478351593,0.03299887478351593,1.0,3.0,timeout
1355,-4.127041816711426,-0.5062490701675415,-0.00025227462174370885,0.000678220996633172,0.0006602098001167178,0.0,3.0,timeout
1356,-4.126906871795654,-0.5052230358123779,-0.00024679722264409065,0.0323401503264904,0.03233969956636429,1.0,3.0,timeout
1357,-4.126771926879883,-0.5041756629943848,-0.0002466741716489196,0.033000946044921875,0.033000946044921875,1.0,-3.0,timeout
1358,-4.1266350746154785,-0.5031285881996155,-0.0002468820312060416,0.03299938142299652,0.03299938142299652,1.0,3.0,timeout
1359,-4.126500129699707,-0.5020812153816223,-0.0002470427716616541,0.033000946044921875,0.033000946044921875,1.0,-3.0,timeout
1360,-4.126497268676758,-0.5020602941513062,-0.0002520623675081879,0.0006782615673728287,0.0006598734180442989,0.0,-3.0,timeout
1361,-4.126359462738037,-0.501034677028656,-0.000246627489104867,0.03233899921178818,0.03233855590224266,1.0,-3.0,timeout
1362,-4.126356601715088,-0.5010137557983398,-0.000251431338256225,0.0006767340819351375,0.0006598734180442989,0.0,-3.0,timeout
1363,-4.126214027404785,-0.4999887943267822,-0.00024610813125036657,0.03233886882662773,0.03233844041824341,1.0,-3.0,timeout
1364,-4.126066207885742,-0.49894315004348755,-0.0002461338008288294,0.03300127759575844,0.03300127759575844,1.0,-3.0,timeout
1365,-4.125916481018066,-0.49789780378341675,-0.0002464500430505723,0.033000458031892776,0.033000458031892776,1.0,3.0,timeout
1366,-4.125768661499023,-0.49685215950012207,-0.0002466975711286068,0.03300128132104874,0.03300127759575844,1.0,-3.0,timeout
1367,-4.125619411468506,-0.4958067536354065,-0.00024691526778042316,0.03300018981099129,0.03300018981099129,1.0,3.0,timeout
1368,-4.125472545623779,-0.49476101994514465,-0.00024707993725314736,0.03299988433718681,0.03299988433718681,1.0,3.0,timeout
1369,-4.125328063964844,-0.49371492862701416,-0.0002472114283591509,0.033000677824020386,0.033000677824020386,1.0,3.0,timeout
1370,-4.125185966491699,-0.4926685094833374,-0.00024731672601774335,0.03300071880221367,0.03300071880221367,1.0,3.0,timeout
1371,-4.1250457763671875,-0.49162188172340393,-0.0002473905333317816,0.03299921378493309,0.03299921378493309,1.0,-3.0,timeout
1372,-4.1250433921813965,-0.4916009306907654,-0.00025234013446606696,0.000676855503115803,0.0006589454133063555,0.0,-3.0,timeout
1373,-4.1249003410339355,-0.49057599902153015,-0.00024684963864274323,0.03234003111720085,0.03233957290649414,1.0,-3.0,timeout
1374,-4.124752521514893,-0.48953041434288025,-0.0002467272279318422,0.0329994335770607,0.0329994335770607,1.0,-3.0,timeout
1375,-4.124749660491943,-0.4895094633102417,-0.00025180738884955645,0.0006795988883823156,0.0006607961258850992,0.0,3.0,timeout
1376,-4.124605178833008,-0.48848479986190796,-0.0002464229182805866,0.03233792260289192,0.032337486743927,1.0,3.0,timeout
1377,-4.124460220336914,-0.48743870854377747,-0.0002463796699885279,0.03300272300839424,0.03300272300839424,1.0,0.0,timeout
1378,-4.124314785003662,-0.4863927364349365,-0.00024663208751007915,0.03300108388066292,0.03300108015537262,1.0,-3.0,timeout
1379,-4.1241679191589355,-0.4853470027446747,-0.0002468625025358051,0.03299988433718681,0.03299988433718681,1.0,3.0,timeout
1380,-4.1240234375,-0.4843009412288666,-0.0002470378531143069,0.03299975395202637,0.03299975395202637,1.0,3.0,timeout
1381,-4.123880863189697,-0.483254611492157,-0.00024716765619814396,0.03299995884299278,0.03299995884299278,1.0,-3.0,timeout
1382,-4.123878002166748,-0.4832337200641632,-0.0002521621354389936,0.0006771825137548149,0.0006589506519958377,0.0,-3.0,timeout
1383,-4.12387752532959,-0.483233779668808,-0.0002515918458811939,2.3304968635784462e-05,1.501712449680781e-05,0.0,-3.0,timeout
1384,-4.1237311363220215,-0.48220935463905334,-0.00024596162256784737,0.03233896195888519,0.03233848139643669,1.0,3.0,timeout
1385,-4.123584747314453,-0.48116356134414673,-0.00024600187316536903,0.032999664545059204,0.032999664545059204,1.0,3.0,timeout
1386,-4.123440265655518,-0.48011744022369385,-0.00024633403518237174,0.033001601696014404,0.033001601696014404,1.0,3.0,timeout
1387,-4.123438358306885,-0.4800964593887329,-0.00025148538406938314,0.0006777503294870257,0.0006583547801710665,0.0,-3.0,timeout
1388,-4.12329626083374,-0.47907134890556335,-0.00024617696180939674,0.03234143182635307,0.03234100341796875,1.0,3.0,timeout
1389,-4.1231536865234375,-0.47802498936653137,-0.0002461784752085805,0.0330008827149868,0.0330008827149868,1.0,-3.0,timeout
1390,-4.123009204864502,-0.47697895765304565,-0.00024647501413710415,0.03299883380532265,0.03299883380532265,1.0,-3.0,timeout
1391,-4.122862339019775,-0.4759331941604614,-0.00024673715233802795,0.03300081193447113,0.03300080820918083,1.0,3.0,timeout
1392,-4.122717380523682,-0.4748871922492981,-0.00024692766601219773,0.032999951392412186,0.032999951392412186,1.0,-3.0,timeout
1393,-4.122714042663574,-0.4748663008213043,-0.00025197042850777507,0.0006796587840653956,0.000661137280985713,0.0,-3.0,timeout
1394,-4.122714519500732,-0.47486627101898193,-0.00025144885876215994,2.2103644369053654e-05,1.4930235920473933e-05,0.0,3.0,timeout
1395,-4.122714042663574,-0.4748663306236267,-0.00025071154232136905,2.750287421804387e-05,1.501712449680781e-05,0.0,-3.0,timeout
1396,-4.122567653656006,-0.47384193539619446,-0.0002452421758789569,0.032338015735149384,0.03233756124973297,1.0,3.0,timeout
1397,-4.122420787811279,-0.47279614210128784,-0.0002454257046338171,0.03300173580646515,0.03300173580646515,1.0,3.0,timeout
1398,-4.122419357299805,-0.47277504205703735,-0.00025075612938962877,0.0006815592641942203,0.0006608899566344917,0.0,3.0,timeout
1399,-4.122419834136963,-0.4727749526500702,-0.00025046587688848376,1.7666998246568255e-05,1.5160831935645547e-05,0.0,3.0,timeout
1400,-4.122420310974121,-0.4727748930454254,-0.00024993481929413974,2.2381382223102264e-05,1.501712449680781e-05,0.0,3.0,timeout
1401,-4.122281551361084,-0.4717489778995514,-0.00024459781707264483,0.03235219419002533,0.032351765781641006,1.0,-3.0,timeout
1402,-4.122283935546875,-0.47172796726226807,-0.00024980909074656665,0.0006805677548982203,0.0006607961258850992,0.0,3.0,timeout
1403,-4.122143268585205,-0.47070205211639404,-0.00024479348212480545,0.03236018866300583,0.032359808683395386,1.0,-3.0,timeout
1404,-4.122142791748047,-0.47070175409317017,-0.00025006866781041026,0.00016578345093876123,1.7572157958056778e-05,0.0,0.0,timeout
1405,-4.122004985809326,-0.4696761667728424,-0.0002449321036692709,0.03233802691102028,0.03233763203024864,1.0,3.0,timeout
1406,-4.122003078460693,-0.4696550965309143,-0.00025007128715515137,0.0006803636788390577,0.000661137280985713,0.0,3.0,timeout
1407,-4.122003078460693,-0.46965503692626953,-0.0002498986723367125,5.70674865230103e-06,1.8626450355441193e-06,0.0,0.0,timeout
1408,-4.1218695640563965,-0.468628853559494,-0.00024459027918055654,0.0323389433324337,0.03233851492404938,1.0,-3.0,timeout
1409,-4.121866703033447,-0.46860793232917786,-0.0002497877285350114,0.0006795684457756579,0.0006598734180442989,0.0,-3.0,timeout
1410,-4.121728897094727,-0.4675822854042053,-0.00024480358115397394,0.032339852303266525,0.03233947604894638,1.0,3.0,timeout
1411,-4.121591567993164,-0.4665352702140808,-0.00024508958449587226,0.032999467104673386,0.032999467104673386,1.0,3.0,timeout
1412,-4.121456623077393,-0.46548792719841003,-0.00024560512974858284,0.033000025898218155,0.033000022172927856,1.0,3.0,timeout
1413,-4.121323108673096,-0.46444034576416016,-0.00024602102348580956,0.03300173580646515,0.03300173208117485,1.0,-3.0,timeout
1414,-4.121188163757324,-0.46339303255081177,-0.00024637451861053705,0.03299909830093384,0.03299909830093384,1.0,3.0,timeout
1415,-4.12118673324585,-0.4633719325065613,-0.0002515304950065911,0.0006802474381402135,0.0006608899566344917,0.0,3.0,timeout
1416,-4.121053218841553,-0.4623451232910156,-0.000246188574237749,0.03235834091901779,0.03235790878534317,1.0,-3.0,timeout
1417,-4.120920181274414,-0.46129754185676575,-0.0002462108095642179,0.03299985080957413,0.03299985080957413,1.0,3.0,timeout
1418,-4.120920658111572,-0.4612971842288971,-0.00025147575070150197,0.0001655803935136646,1.862645149230957e-05,0.0,0.0,timeout
1419,-4.120920181274414,-0.46129724383354187,-0.00025094495504163206,2.237531225546263e-05,1.501712449680781e-05,0.0,-3.0,timeout
1420,-4.120789051055908,-0.46027079224586487,-0.0002454282366670668,0.03233776241540909,0.03233730047941208,1.0,-3.0,timeout
1421,-4.120652675628662,-0.4592236280441284,-0.00024557553115300834,0.033000219613313675,0.033000219613313675,1.0,-3.0,timeout
1422,-4.120513439178467,-0.45817679166793823,-0.0002459930256009102,0.03300173580646515,0.03300173580646515,1.0,-3.0,timeout
1423,-4.120372295379639,-0.4571302533149719,-0.00024634174769744277,0.03300041705369949,0.033000413328409195,1.0,-3.0,timeout
1424,-4.120368957519531,-0.45710939168930054,-0.0002515028463676572,0.00067963229957968,0.000660217716358602,0.0,-3.0,timeout
1425,-4.120225429534912,-0.4560845196247101,-0.00024618025054223835,0.032340217381715775,0.03233979269862175,1.0,-3.0,timeout
1426,-4.120077610015869,-0.4550389349460602,-0.0002462019619997591,0.0329994335770607,0.0329994335770607,1.0,3.0,timeout
1427,-4.119931697845459,-0.4539930522441864,-0.0002464852586854249,0.03300036862492561,0.03300036862492561,1.0,-3.0,timeout
1428,-4.119783401489258,-0.4529474079608917,-0.00024673971347510815,0.033003371208906174,0.033003371208906174,1.0,0.0,timeout
1429,-4.119636058807373,-0.45190179347991943,-0.0002469450409989804,0.03299827501177788,0.03299827501177788,1.0,3.0,timeout
1430,-4.119491100311279,-0.4508558213710785,-0.0002471035986673087,0.032999031245708466,0.032999031245708466,1.0,3.0,timeout
1431,-4.1194891929626465,-0.4508347809314728,-0.0002521127462387085,0.0006785134319216013,0.0006602098001167178,0.0,3.0,timeout
1432,-4.119351387023926,-0.44980913400650024,-0.00024666782701388,0.032339923083782196,0.03233947604894638,1.0,3.0,timeout
1433,-4.119351387023926,-0.4498087763786316,-0.0002515543601475656,0.000153112574480474,1.117586998589104e-05,0.0,0.0,timeout
1434,-4.119215488433838,-0.44878295063972473,-0.00024610903346911073,0.032337579876184464,0.03233713284134865,1.0,-3.0,timeout
1435,-4.119212627410889,-0.44876202940940857,-0.00025101142819039524,0.0006774238427169621,0.0006598734180442989,0.0,-3.0,timeout
1436,-4.119212627410889,-0.44876208901405334,-0.0002506566233932972,1.1243017070228234e-05,1.8626450355441193e-06,0.0,-3.0,timeout
1437,-4.1190690994262695,-0.4477372169494629,-0.0002452012849971652,0.032340243458747864,0.03233979269862175,1.0,-3.0,timeout
1438,-4.118920803070068,-0.4466916620731354,-0.0002453943307045847,0.033000603318214417,0.033000603318214417,1.0,-3.0,timeout
1439,-4.118770122528076,-0.4456464648246765,-0.00024584823404438794,0.03300008922815323,0.03300008550286293,1.0,-3.0,timeout
1440,-4.1187663078308105,-0.4456256330013275,-0.0002511075872462243,0.0006819216650910676,0.0006618191837333143,0.0,-3.0,timeout
1441,-4.118614196777344,-0.44460204243659973,-0.000245874747633934,0.032338883727788925,0.032338473945856094,1.0,3.0,timeout
1442,-4.118461608886719,-0.44355714321136475,-0.00024593720445409417,0.0329994261264801,0.0329994261264801,1.0,-3.0,timeout
1443,-4.1183061599731445,-0.442512571811676,-0.00024628257961012423,0.0330023355782032,0.0330023355782032,1.0,-3.0,timeout
1444,-4.1181488037109375,-0.44146838784217834,-0.00024657329777255654,0.0329991914331913,0.032999187707901,1.0,-3.0,timeout
1445,-4.117988586425781,-0.44042453169822693,-0.00024680665228515863,0.03300250321626663,0.03300250321626663,1.0,-3.0,timeout
1446,-4.117826461791992,-0.43938106298446655,-0.0002469933533575386,0.032999634742736816,0.032999634742736816,1.0,-3.0,timeout
1447,-4.117661952972412,-0.43833795189857483,-0.00024714277242310345,0.03300011530518532,0.03300011530518532,1.0,-3.0,timeout
1448,-4.117660999298096,-0.4383377730846405,-0.00025224502314813435,0.0001623028510948643,3.0321663871291094e-05,0.0,0.0,timeout
1449,-4.117660045623779,-0.43833795189857483,-0.0002515620435588062,3.7080073525430635e-05,3.0321663871291094e-05,0.0,-3.0,timeout
1450,-4.117494583129883,-0.4373163878917694,-0.0002459330135025084,0.032340388745069504,0.032339908182621,1.0,3.0,timeout
1451,-4.117494583129883,-0.4373161196708679,-0.0002509526093490422,0.00015708613500464708,8.381903171539307e-06,0.0,0.0,timeout
1452,-4.117331027984619,-0.43629422783851624,-0.00024562692851759493,0.03234097734093666,0.03234054893255234,1.0,-3.0,timeout
1453,-4.117327690124512,-0.4362734258174896,-0.0002506266173440963,0.0006766633596271276,0.0006583785288967192,0.0,-3.0,timeout
1454,-4.117159366607666,-0.43525230884552,-0.0002454639470670372,0.03234094753861427,0.03234054148197174,1.0,-3.0,timeout
1455,-4.11698579788208,-0.4342106878757477,-0.00024561872123740613,0.032999470829963684,0.032999470829963684,1.0,-3.0,timeout
1456,-4.116810321807861,-0.4331693649291992,-0.00024603810743428767,0.03300014138221741,0.03300013765692711,1.0,3.0,timeout
1457,-4.116806507110596,-0.4331485629081726,-0.00025124973035417497,0.0006806741585023701,0.0006609031115658581,0.0,-3.0,timeout
1458,-4.116633892059326,-0.43212825059890747,-0.000245977018494159,0.032338254153728485,0.03233783319592476,1.0,-3.0,timeout
1459,-4.116455078125,-0.4310874342918396,-0.0002460296673234552,0.03300202637910843,0.03300202637910843,1.0,-3.0,timeout
1460,-4.116274833679199,-0.430046945810318,-0.000246366806095466,0.03299953415989876,0.03299953043460846,1.0,3.0,timeout
1461,-4.1160969734191895,-0.4290059804916382,-0.0002466405276209116,0.03300158306956291,0.03300158306956291,1.0,3.0,timeout
1462,-4.1159210205078125,-0.4279647469520569,-0.0002468499878887087,0.03299986198544502,0.03299986198544502,1.0,-3.0,timeout
1463,-4.115743637084961,-0.4269237816333771,-0.00024703730014152825,0.032999079674482346,0.032999079674482346,1.0,3.0,timeout
1464,-4.115740776062012,-0.4269028604030609,-0.00025206018472090364,0.0006782853160984814,0.0006598734180442989,0.0,3.0,timeout
1465,-4.11574125289917,-0.42690280079841614,-0.0002515092783141881,2.2845100829727016e-05,1.501712449680781e-05,0.0,3.0,timeout
1466,-4.115573883056641,-0.42588159441947937,-0.0002458851377014071,0.0323389433324337,0.0323384664952755,1.0,3.0,timeout
1467,-4.115405082702637,-0.4248391389846802,-0.0002459300449118018,0.033001046627759933,0.033001046627759933,1.0,-3.0,timeout
1468,-4.115234375,-0.4237969219684601,-0.00024628089158795774,0.03300327807664871,0.03300327807664871,1.0,0.0,timeout
1469,-4.1150641441345215,-0.42275476455688477,-0.00024657766334712505,0.032999034970998764,0.032999031245708466,1.0,3.0,timeout
1470,-4.114895343780518,-0.42171230912208557,-0.0002467998710926622,0.033001046627759933,0.033001046627759933,1.0,-3.0,timeout
1471,-4.114724636077881,-0.4206702709197998,-0.0002469868923071772,0.03299775719642639,0.03299775719642639,1.0,-3.0,timeout
1472,-4.114551544189453,-0.4196285009384155,-0.00024714713799767196,0.0330016165971756,0.0330016165971756,1.0,3.0,timeout
1473,-4.114380836486816,-0.4185864329338074,-0.00024725563707761467,0.03299867734313011,0.03299867734313011,1.0,-3.0,timeout
1474,-4.114207744598389,-0.4175446629524231,-0.000247361691435799,0.0330016165971756,0.0330016165971756,1.0,3.0,timeout
1475,-4.11403751373291,-0.4165025055408478,-0.00024743712856434286,0.032999031245708466,0.032999031245708466,1.0,3.0,timeout
1476,-4.11403751373291,-0.4165021479129791,-0.0002524701412767172,0.0001576781942276284,1.117586998589104e-05,0.0,0.0,timeout
1477,-4.11387300491333,-0.41548052430152893,-0.0002468678285367787,0.03233747184276581,0.0323369987308979,1.0,3.0,timeout
1478,-4.113707065582275,-0.41443753242492676,-0.0002467317972332239,0.03300343081355095,0.03300343081355095,1.0,0.0,timeout
1479,-4.113541126251221,-0.4133946895599365,-0.0002469132305122912,0.03299883008003235,0.03299883008003235,1.0,-3.0,timeout
1480,-4.113372802734375,-0.41235223412513733,-0.00024707691045477986,0.032998669892549515,0.032998669892549515,1.0,-3.0,timeout
1481,-4.113372325897217,-0.41235196590423584,-0.0002521921996958554,0.00016076446627266705,1.7096808733185753e-05,0.0,0.0,timeout
1482,-4.113204479217529,-0.41133084893226624,-0.0002466346777509898,0.03233858942985535,0.03233812376856804,1.0,-3.0,timeout
1483,-4.113030910491943,-0.4102892279624939,-0.0002465513243805617,0.032999470829963684,0.032999470829963684,1.0,-3.0,timeout
1484,-4.113027572631836,-0.4102683961391449,-0.00025166646810248494,0.0006783991702832282,0.0006592980935238302,0.0,3.0,timeout
1485,-4.113027095794678,-0.41026854515075684,-0.0002511843922547996,2.1695135728805326e-05,1.5611809430993162e-05,0.0,-3.0,timeout
1486,-4.113026142120361,-0.4102686941623688,-0.00025050912518054247,3.681250746012665e-05,3.0163926567183807e-05,0.0,-3.0,timeout
1487,-4.112851619720459,-0.4092486500740051,-0.00024506927002221346,0.03234001249074936,0.03233956918120384,1.0,-3.0,timeout
1488,-4.112671852111816,-0.40820807218551636,-0.0002452982007525861,0.03299974277615547,0.03299974277615547,1.0,3.0,timeout
1489,-4.112668991088867,-0.4081871807575226,-0.0002506544115021825,0.0006798768881708384,0.0006589506519958377,0.0,3.0,timeout
1490,-4.112668991088867,-0.4081871509552002,-0.00025038400781340897,8.50128253659932e-06,9.313225177720597e-07,0.0,3.0,timeout
1491,-4.112669467926025,-0.4081871211528778,-0.000249869073741138,2.1951180315227248e-05,1.4930235920473933e-05,0.0,3.0,timeout
1492,-4.112501621246338,-0.4071659743785858,-0.000244547234615311,0.032339468598365784,0.03233904018998146,1.0,-3.0,timeout
1493,-4.112498760223389,-0.40714508295059204,-0.00024976400891318917,0.0006788172759115696,0.0006589506519958377,0.0,3.0,timeout
1494,-4.112497806549072,-0.4071451723575592,-0.00024964805925264955,3.015151378349401e-05,2.993300040543545e-05,0.0,-3.0,timeout
1495,-4.112327575683594,-0.40612438321113586,-0.0002443938865326345,0.032340604811906815,0.03234018757939339,1.0,-3.0,timeout
1496,-4.112152576446533,-0.4050830006599426,-0.00024475876125507057,0.03299950435757637,0.03299950063228607,1.0,3.0,timeout
1497,-4.111979961395264,-0.40404120087623596,-0.0002453400520607829,0.03300010412931442,0.033000096678733826,1.0,3.0,timeout
1498,-4.111809253692627,-0.4029989540576935,-0.0002458141534589231,0.03300419822335243,0.033004194498062134,1.0,0.0,timeout
1499,-4.111639022827148,-0.4019567668437958,-0.00024620481417514384,0.032999951392412186,0.032999951392412186,1.0,3.0,timeout
1500,-4.111470699310303,-0.40091416239738464,-0.00024650670820847154,0.03300326690077782,0.03300326690077782,1.0,0.0,timeout
1501,-4.11146879196167,-0.4008931815624237,-0.00025164143880829215,0.0006776271038688719,0.0006583547801710665,0.0,3.0,timeout
1502,-4.111305236816406,-0.3998713195323944,-0.00024627987295389175,0.03234006464481354,0.032339632511138916,1.0,-3.0,timeout
1503,-4.111136436462402,-0.3988288938999176,-0.0002462711127009243,0.03300013020634651,0.03300013020634651,1.0,-3.0,timeout
1504,-4.110965728759766,-0.3977867662906647,-0.00024656002642586827,0.03300051763653755,0.03300051391124725,1.0,3.0,timeout
1505,-4.110962390899658,-0.39776596426963806,-0.0002516668173484504,0.0006774439825676382,0.0006583785288967192,0.0,-3.0,timeout
1506,-4.110962867736816,-0.3977659344673157,-0.000251205638051033,2.0751227566506714e-05,1.4930235920473933e-05,0.0,3.0,timeout
1507,-4.110796928405762,-0.3967444896697998,-0.00024563181796111166,0.03233908861875534,0.03233862295746803,1.0,-3.0,timeout
1508,-4.11062479019165,-0.3957025408744812,-0.0002457383379805833,0.03300226107239723,0.03300226107239723,1.0,-3.0,timeout
1509,-4.110450744628906,-0.39466097950935364,-0.0002461232943460345,0.03300008550286293,0.03300008550286293,1.0,-3.0,timeout
1510,-4.1102752685546875,-0.39361971616744995,-0.0002464556018821895,0.03299830108880997,0.03299830108880997,1.0,3.0,timeout
1511,-4.110101222991943,-0.392578125,-0.00024670272250659764,0.03300100564956665,0.03300100192427635,1.0,-3.0,timeout
1512,-4.110097408294678,-0.3925573527812958,-0.00025179082877002656,0.0006788704195059836,0.0006599870976060629,0.0,-3.0,timeout
1513,-4.110096454620361,-0.3925574719905853,-0.00025129516143351793,3.379325062269345e-05,3.003424899361562e-05,0.0,-3.0,timeout
1514,-4.109919548034668,-0.3915378749370575,-0.0002457240771036595,0.03233892098069191,0.032338451594114304,1.0,3.0,timeout
1515,-4.109742164611816,-0.3904968798160553,-0.00024581182515248656,0.03299999609589577,0.03299999609589577,1.0,3.0,timeout
1516,-4.1095662117004395,-0.3894555866718292,-0.0002461716940160841,0.033001698553562164,0.033001698553562164,1.0,-3.0,timeout
1517,-4.10938835144043,-0.3884147107601166,-0.0002464837452862412,0.03299883008003235,0.03299883008003235,1.0,-3.0,timeout
1518,-4.109207630157471,-0.38737428188323975,-0.0002467346494086087,0.033000241965055466,0.033000241965055466,1.0,-3.0,timeout
1519,-4.109024524688721,-0.38633424043655396,-0.00024693552404642105,0.03300115093588829,0.03300115093588829,1.0,-3.0,timeout
1520,-4.10883903503418,-0.3852946162223816,-0.00024709629360586405,0.03300131484866142,0.03300131484866142,1.0,-3.0,timeout
1521,-4.108834743499756,-0.3852739632129669,-0.0002521062269806862,0.0006775296060368419,0.0006591927958652377,0.0,-3.0,timeout
1522,-4.10864782333374,-0.3842560648918152,-0.00024666276294738054,0.032341644167900085,0.03234119713306427,1.0,-3.0,timeout
1523,-4.108455181121826,-0.38321778178215027,-0.00024657847825437784,0.033000100404024124,0.033000100404024124,1.0,-3.0,timeout
1524,-4.1084513664245605,-0.3831970691680908,-0.0002516884123906493,0.0006772500928491354,0.0006581551861017942,0.0,3.0,timeout
1525,-4.108262538909912,-0.3821795880794525,-0.0002463169803377241,0.032339636236429214,0.032339200377464294,1.0,-3.0,timeout
1526,-4.1082587242126465,-0.38215887546539307,-0.0002511940838303417,0.0006755715003237128,0.0006581551861017942,0.0,3.0,timeout
1527,-4.10806941986084,-0.38114139437675476,-0.0002459076058585197,0.032342344522476196,0.03234191983938217,1.0,-3.0,timeout
1528,-4.107875347137451,-0.3801034092903137,-0.0002459828101564199,0.032999128103256226,0.032999128103256226,1.0,3.0,timeout
1529,-4.107683181762695,-0.3790649175643921,-0.0002463145647197962,0.0330037958920002,0.0330037921667099,1.0,0.0,timeout
1530,-4.107491493225098,-0.37802645564079285,-0.0002466040023136884,0.03300017490983009,0.03300017490983009,1.0,3.0,timeout
1531,-4.107487678527832,-0.378005713224411,-0.00025170244043692946,0.0006780557450838387,0.0006590710836462677,0.0,-3.0,timeout
1532,-4.10748815536499,-0.37800565361976624,-0.0002512341598048806,2.0968100216123275e-05,1.501712449680781e-05,0.0,3.0,timeout
1533,-4.107301235198975,-0.3769877851009369,-0.0002456546644680202,0.03234075382351875,0.03234028443694115,1.0,-3.0,timeout
1534,-4.107297420501709,-0.37696707248687744,-0.0002506385208107531,0.0006763318669982255,0.0006581551861017942,0.0,-3.0,timeout
1535,-4.107296943664551,-0.37696704268455505,-0.00025036296574398875,1.723551395116374e-05,1.4930235920473933e-05,0.0,0.0,timeout
1536,-4.107105255126953,-0.3759500980377197,-0.0002449622843414545,0.03233959898352623,0.03233915567398071,1.0,-3.0,timeout
1537,-4.106907367706299,-0.3749127686023712,-0.00024520320584997535,0.0330011211335659,0.033001117408275604,1.0,-3.0,timeout
1538,-4.106707572937012,-0.3738758862018585,-0.000245695497142151,0.03299862891435623,0.03299862518906593,1.0,-3.0,timeout
1539,-4.106504917144775,-0.37283948063850403,-0.00024610391119495034,0.03300103172659874,0.03300103172659874,1.0,-3.0,timeout
1540,-4.106300354003906,-0.3718033730983734,-0.00024643592769280076,0.033003389835357666,0.03300338611006737,1.0,0.0,timeout
1541,-4.106096267700195,-0.3707672953605652,-0.00024670196580700576,0.032999590039253235,0.032999586313962936,1.0,3.0,timeout
1542,-4.106092929840088,-0.37074655294418335,-0.0002517917309887707,0.0006755313370376825,0.0006565394578501582,0.0,3.0,timeout
1543,-4.105896472930908,-0.3697304129600525,-0.0002463999262545258,0.03234283998608589,0.03234240040183067,1.0,-3.0,timeout
1544,-4.1056952476501465,-0.36869385838508606,-0.0002463773707859218,0.03299705684185028,0.03299705684185028,1.0,3.0,timeout
1545,-4.105495452880859,-0.3676569163799286,-0.0002466253936290741,0.03300045430660248,0.03300045430660248,1.0,-3.0,timeout
1546,-4.105293273925781,-0.3666204512119293,-0.00024684687377884984,0.033000003546476364,0.033000003546476364,1.0,-3.0,timeout
1547,-4.10508918762207,-0.3655843138694763,-0.0002470350300427526,0.03300141915678978,0.03300141915678978,1.0,3.0,timeout
1548,-4.104887962341309,-0.3645476996898651,-0.0002471757179591805,0.03299888223409653,0.03299888223409653,1.0,3.0,timeout
1549,-4.1046881675720215,-0.36351072788238525,-0.00024727798881940544,0.0330013670027256,0.0330013670027256,1.0,-3.0,timeout
1550,-4.104684352874756,-0.3634900450706482,-0.00025225046556442976,0.0006753587513230741,0.0006572392885573208,0.0,-3.0,timeout
1551,-4.104683876037598,-0.36349013447761536,-0.0002516625099815428,2.3821008653612807e-05,1.5160831935645547e-05,0.0,-3.0,timeout
1552,-4.1044816970825195,-0.36247518658638,-0.0002460180257912725,0.03234076499938965,0.03234028443694115,1.0,3.0,timeout
1553,-4.104477882385254,-0.36245447397232056,-0.0002509189653210342,0.0006757399532943964,0.0006581551861017942,0.0,-3.0,timeout
1554,-4.104274749755859,-0.36143964529037476,-0.0002456964866723865,0.032342877238988876,0.032342467457056046,1.0,-3.0,timeout
1555,-4.104069709777832,-0.36042553186416626,-0.00024205472436733544,0.03233250975608826,0.03233230859041214,1.0,-3.0,timeout
1556,-4.103858470916748,-0.35939088463783264,-0.00024288715212605894,0.03299972414970398,0.03299971669912338,1.0,3.0,timeout
1557,-4.103649616241455,-0.358355849981308,-0.00024383317213505507,0.0329967699944973,0.032996758818626404,1.0,-3.0,timeout
1558,-4.103437900543213,-0.35732129216194153,-0.00024461382417939603,0.03299997001886368,0.03299995884299278,1.0,-3.0,timeout
1559,-4.103433132171631,-0.357300728559494,-0.000250121665885672,0.0006817482644692063,0.0006596630555577576,0.0,-3.0,timeout
1560,-4.103220462799072,-0.3562879264354706,-0.00024507465423084795,0.032340679317712784,0.03234029933810234,1.0,-3.0,timeout
1561,-4.103001594543457,-0.3552548885345459,-0.00024530821247026324,0.032999031245708466,0.032999031245708466,1.0,-3.0,timeout
1562,-4.102779865264893,-0.3542223274707794,-0.0002457803057041019,0.03300311416387558,0.03300311043858528,1.0,-3.0,timeout
1563,-4.102557182312012,-0.35319018363952637,-0.0002461812109686434,0.032996635884046555,0.032996632158756256,1.0,3.0,timeout
1564,-4.1023359298706055,-0.3521575927734375,-0.00024648336693644524,0.0330008938908577,0.0330008938908577,1.0,-3.0,timeout
1565,-4.102112293243408,-0.3511255085468292,-0.0002467342419549823,0.033001113682985306,0.033001113682985306,1.0,-3.0,timeout
1566,-4.101887226104736,-0.3500937819480896,-0.00024694486637599766,0.032999686896800995,0.032999686896800995,1.0,3.0,timeout
1567,-4.1016645431518555,-0.349061518907547,-0.0002471034531481564,0.03300027549266815,0.03300027549266815,1.0,3.0,timeout
1568,-4.101660251617432,-0.3490409255027771,-0.0002521015703678131,0.0006756700458936393,0.0006573692662641406,0.0,-3.0,timeout
1569,-4.101659774780273,-0.3490409851074219,-0.0002515428641345352,2.3029340809443966e-05,1.501712449680781e-05,0.0,-3.0,timeout
1570,-4.101438999176025,-0.34802988171577454,-0.00024592221598140895,0.032341912388801575,0.03234143555164337,1.0,3.0,timeout
1571,-4.1012163162231445,-0.3469976782798767,-0.0002459604002069682,0.032998453825712204,0.032998453825712204,1.0,-3.0,timeout
1572,-4.100991249084473,-0.34596580266952515,-0.0002463051932863891,0.033004239201545715,0.03300423547625542,1.0,0.0,timeout
1573,-4.100766181945801,-0.3449341058731079,-0.00024658694746904075,0.03299878165125847,0.03299877792596817,1.0,-3.0,timeout
1574,-4.100538730621338,-0.34390294551849365,-0.0002468170423526317,0.03299836441874504,0.03299836441874504,1.0,-3.0,timeout
1575,-4.100308418273926,-0.34287229180336,-0.0002470014151185751,0.03300229087471962,0.03300229087471962,1.0,-3.0,timeout
1576,-4.100076675415039,-0.34184205532073975,-0.00024715857580304146,0.032999347895383835,0.032999347895383835,1.0,3.0,timeout
1577,-4.100072860717773,-0.3418214023113251,-0.00025215698406100273,0.0006746546714566648,0.0006563233910128474,0.0,3.0,timeout
1578,-4.099849224090576,-0.3408108651638031,-0.0002466919831931591,0.032343801110982895,0.03234335035085678,1.0,-3.0,timeout
1579,-4.0996198654174805,-0.3397800922393799,-0.0002466110745444894,0.032999437302351,0.032999437302351,1.0,3.0,timeout
1580,-4.099392414093018,-0.33874887228012085,-0.0002468123275320977,0.03300018608570099,0.03300018608570099,1.0,-3.0,timeout
1581,-4.099163055419922,-0.33771806955337524,-0.00024700636276975274,0.03300034627318382,0.03300034627318382,1.0,3.0,timeout
1582,-4.098936080932617,-0.3366867005825043,-0.0002471478364896029,0.033001527190208435,0.033001527190208435,1.0,0.0,timeout
1583,-4.098708629608154,-0.33565548062324524,-0.00024726116680540144,0.03300018608570099,0.03300018608570099,1.0,-3.0,timeout
1584,-4.098703861236572,-0.3356349766254425,-0.0002522374561522156,0.0006759793031960726,0.0006578486645594239,0.0,-3.0,timeout
1585,-4.098703384399414,-0.33563509583473206,-0.0002516520908102393,2.3886061171651818e-05,1.5359764802269638e-05,0.0,-3.0,timeout
1586,-4.098473072052002,-0.334626168012619,-0.0002459984098095447,0.03234051913022995,0.03234003484249115,1.0,-3.0,timeout
1587,-4.09846830368042,-0.33460569381713867,-0.00025091416318900883,0.0006746632279828191,0.0006569415563717484,0.0,-3.0,timeout
1588,-4.0984673500061035,-0.3346058130264282,-0.0002505784505046904,3.181379724992439e-05,3.003424899361562e-05,0.0,-3.0,timeout
1589,-4.098231315612793,-0.3335982859134674,-0.00024514971300959587,0.03233812749385834,0.03233768418431282,1.0,3.0,timeout
1590,-4.097992897033691,-0.33256950974464417,-0.0002453525667078793,0.03300129622220993,0.03300129622220993,1.0,3.0,timeout
1591,-4.097756862640381,-0.33154016733169556,-0.0002458147064317018,0.03300180658698082,0.03300180286169052,1.0,3.0,timeout
1592,-4.097522735595703,-0.3305104374885559,-0.000246188574237749,0.033000338822603226,0.033000338822603226,1.0,-3.0,timeout
1593,-4.097518444061279,-0.330489844083786,-0.000251379533438012,0.0006770884501747787,0.0006573692662641406,0.0,-3.0,timeout
1594,-4.097283840179443,-0.32948192954063416,-0.0002460807154420763,0.03233972564339638,0.03233930468559265,1.0,-3.0,timeout
1595,-4.0972795486450195,-0.32946130633354187,-0.00025100595667026937,0.0006760350079275668,0.0006582809728570282,0.0,3.0,timeout
1596,-4.097044467926025,-0.3284534215927124,-0.0002457568480167538,0.03234219551086426,0.03234177827835083,1.0,-3.0,timeout
1597,-4.097040176391602,-0.3284327983856201,-0.00025074585573747754,0.0006764914724044502,0.0006582809728570282,0.0,3.0,timeout
1598,-4.096804618835449,-0.32742494344711304,-0.00024554875562898815,0.032344669103622437,0.032344259321689606,1.0,-3.0,timeout
1599,-4.09656286239624,-0.32639703154563904,-0.00024568630033172667,0.0329987108707428,0.0329987108707428,1.0,-3.0,timeout
1600,-4.096318244934082,-0.3253696858882904,-0.00024608263629488647,0.033002082258462906,0.03300207853317261,1.0,-3.0,timeout
1601,-4.096071720123291,-0.32434287667274475,-0.00024641366326250136,0.032999638468027115,0.032999638468027115,1.0,-3.0,timeout
1602,-4.096066474914551,-0.3243224322795868,-0.0002515712985768914,0.0006789860781282187,0.0006595788872800767,0.0,3.0,timeout
1603,-4.095824241638184,-0.32331615686416626,-0.0002462239353917539,0.032344818115234375,0.032344382256269455,1.0,-3.0,timeout
1604,-4.095575332641602,-0.32228991389274597,-0.00024622734053991735,0.0329999141395092,0.0329999141395092,1.0,-3.0,timeout
1605,-4.095324516296387,-0.3212641775608063,-0.0002465155557729304,0.03299863636493683,0.03299863263964653,1.0,-3.0,timeout
1606,-4.095070838928223,-0.32023903727531433,-0.0002467599988449365,0.03300190344452858,0.03300190344452858,1.0,-3.0,timeout
1607,-4.094815731048584,-0.3192142844200134,-0.0002469652390573174,0.033000923693180084,0.033000923693180084,1.0,3.0,timeout
1608,-4.0945634841918945,-0.31818893551826477,-0.00024711948935873806,0.03299752622842789,0.03299752622842789,1.0,3.0,timeout
1609,-4.094313144683838,-0.3171629309654236,-0.0002472378546372056,0.03300324082374573,0.03300324082374573,1.0,0.0,timeout
1610,-4.094062328338623,-0.3161371052265167,-0.0002473332569934428,0.03300134837627411,0.03300134837627411,1.0,-3.0,timeout
1611,-4.094057083129883,-0.31611672043800354,-0.00025229519815184176,0.0006758043891750276,0.0006577748572453856,0.0,-3.0,timeout
1612,-4.094057083129883,-0.31611672043800354,-0.0002517083485145122,1.8339051166549325e-05,0.0,0.0,3.0,timeout
1613,-4.094056606292725,-0.31611689925193787,-0.0002509191690478474,2.935092561529018e-05,1.5914445611997508e-05,0.0,-3.0,timeout
1614,-4.093806266784668,-0.31511279940605164,-0.00024539686273783445,0.03233909606933594,0.03233863785862923,1.0,-3.0,timeout
1615,-4.09354829788208,-0.31408873200416565,-0.00024555035633966327,0.0330018624663353,0.0330018624663353,1.0,-3.0,timeout
1616,-4.093542575836182,-0.31406843662261963,-0.00025085502420552075,0.0006794871878810227,0.0006589559488929808,0.0,-3.0,timeout
1617,-4.093285083770752,-0.3130660951137543,-0.0002456607180647552,0.03234061971306801,0.03234020993113518,1.0,-3.0,timeout
1618,-4.093278884887695,-0.31304582953453064,-0.00025065915542654693,0.0006804353906773031,0.000662264006678015,0.0,-3.0,timeout
1619,-4.093278884887695,-0.313045859336853,-0.0002503851428627968,8.613389582023956e-06,9.313225177720597e-07,0.0,3.0,timeout
1620,-4.093018531799316,-0.312044233083725,-0.0002449745952617377,0.032341379672288895,0.032340940088033676,1.0,-3.0,timeout
1621,-4.093013763427734,-0.3120238184928894,-0.0002501065901014954,0.0006744718411937356,0.0006551276310347021,0.0,3.0,timeout
1622,-4.0927534103393555,-0.31102216243743896,-0.00024503652821294963,0.032342225313186646,0.032341841608285904,1.0,-3.0,timeout
1623,-4.092485427856445,-0.31000062823295593,-0.00024527678033336997,0.03300312161445618,0.03300311788916588,1.0,-3.0,timeout
1624,-4.092215538024902,-0.30897971987724304,-0.00024575524730607867,0.03299938887357712,0.03299938514828682,1.0,-3.0,timeout
1625,-4.092209815979004,-0.30895939469337463,-0.00025104431551881135,0.0006802380084991455,0.0006598523468710482,0.0,3.0,timeout
1626,-4.0922088623046875,-0.30895963311195374,-0.0002506875025574118,3.268058935645968e-05,3.0719529604539275e-05,0.0,-3.0,timeout
1627,-4.091942310333252,-0.3079597055912018,-0.0002452263724990189,0.032339368015527725,0.03233891725540161,1.0,-3.0,timeout
1628,-4.091668605804443,-0.3069397807121277,-0.00024542456958442926,0.033000364899635315,0.033000364899635315,1.0,3.0,timeout
1629,-4.091663360595703,-0.3069193363189697,-0.0002507554891053587,0.0006802918505854905,0.0006595788872800767,0.0,3.0,timeout
1630,-4.091399669647217,-0.3059185743331909,-0.0002455803332850337,0.032341621816158295,0.03234121948480606,1.0,3.0,timeout
1631,-4.091133117675781,-0.3048968017101288,-0.00024570125970058143,0.03299901261925697,0.03299901261925697,1.0,-3.0,timeout
1632,-4.090864658355713,-0.3038754463195801,-0.00024610391119495034,0.03300149738788605,0.03300149738788605,1.0,3.0,timeout
1633,-4.0905985832214355,-0.30285346508026123,-0.0002464305725879967,0.03300156444311142,0.03300156071782112,1.0,3.0,timeout
1634,-4.0905985832214355,-0.3028530776500702,-0.00025166550767607987,0.0001640391128603369,1.2107192560506519e-05,0.0,0.0,timeout
1635,-4.090599536895752,-0.302852988243103,-0.00025110787828452885,3.463592292973772e-05,2.993300040543545e-05,0.0,3.0,timeout
1636,-4.090342998504639,-0.30185040831565857,-0.0002455600770190358,0.03234049305319786,0.03234002739191055,1.0,3.0,timeout
1637,-4.090337753295898,-0.3018300235271454,-0.00025055272271856666,0.0006760251708328724,0.0006577748572453856,0.0,-3.0,timeout
1638,-4.090081691741943,-0.30082738399505615,-0.00024541441234759986,0.03233853727579117,0.03233814239501953,1.0,3.0,timeout
1639,-4.089822769165039,-0.29980355501174927,-0.0002455786452628672,0.03300193324685097,0.03300193324685097,1.0,3.0,timeout
1640,-4.089565753936768,-0.29877933859825134,-0.00024598572053946555,0.03299911320209503,0.03299910947680473,1.0,-3.0,timeout
1641,-4.089560508728027,-0.298758864402771,-0.00025121658109128475,0.000680408556945622,0.0006604810478165746,0.0,-3.0,timeout
1642,-4.089303970336914,-0.29775625467300415,-0.000245961855398491,0.03234134614467621,0.03234092891216278,1.0,3.0,timeout
1643,-4.089045524597168,-0.29673245549201965,-0.0002460171817801893,0.03299738094210625,0.03299738094210625,1.0,3.0,timeout
1644,-4.089040756225586,-0.29671192169189453,-0.00025121838552877307,0.0006785114528611302,0.0006587558309547603,0.0,-3.0,timeout
1645,-4.088785648345947,-0.29570889472961426,-0.0002459501847624779,0.032342929393053055,0.03234251216053963,1.0,-3.0,timeout
1646,-4.0885233879089355,-0.29468587040901184,-0.0002460129908286035,0.0330033004283905,0.0330033004283905,1.0,0.0,timeout
1647,-4.088261604309082,-0.2936628460884094,-0.0002463496057316661,0.03299960494041443,0.03299960494041443,1.0,3.0,timeout
1648,-4.088001728057861,-0.2926393747329712,-0.00024661674979142845,0.03299842029809952,0.03299842029809952,1.0,-3.0,timeout
1649,-4.087739944458008,-0.2916163504123688,-0.00024685083189979196,0.03299960494041443,0.03299960494041443,1.0,3.0,timeout
1650,-4.087479591369629,-0.2905929386615753,-0.0002470185572747141,0.03300028666853905,0.03300028666853905,1.0,-3.0,timeout
1651,-4.087217807769775,-0.2895699143409729,-0.00024717216729186475,0.03299960494041443,0.03299960494041443,1.0,3.0,timeout
1652,-4.087212562561035,-0.28954949975013733,-0.0002521570131648332,0.0006768467137590051,0.0006586768431589007,0.0,-3.0,timeout
1653,-4.086954593658447,-0.28854721784591675,-0.00024670225684531033,0.032342568039894104,0.03234211727976799,1.0,-3.0,timeout
1654,-4.0866899490356445,-0.287524938583374,-0.00024661977658979595,0.032999344170093536,0.032999344170093536,1.0,3.0,timeout
1655,-4.0866851806640625,-0.28750452399253845,-0.0002517008106224239,0.0006740950047969818,0.0006551276310347021,0.0,-3.0,timeout
1656,-4.086425304412842,-0.2865027189254761,-0.00024634809233248234,0.03234303370118141,0.03234260156750679,1.0,3.0,timeout
1657,-4.086421012878418,-0.2864820659160614,-0.00025120904319919646,0.0006764689460396767,0.0006591927958652377,0.0,3.0,timeout
1658,-4.086165428161621,-0.28547921776771545,-0.00024591866531409323,0.03234119713306427,0.032340776175260544,1.0,-3.0,timeout
1659,-4.086161136627197,-0.28545862436294556,-0.00025087539688684046,0.000675372255500406,0.0006573692662641406,0.0,3.0,timeout
1660,-4.085906028747559,-0.28445568680763245,-0.0002456630172673613,0.032340213656425476,0.032339803874492645,1.0,3.0,timeout
1661,-4.0856475830078125,-0.28343167901039124,-0.00024576651048846543,0.03300369903445244,0.03300369903445244,1.0,-3.0,timeout
1662,-4.085387229919434,-0.2824082672595978,-0.0002461457916069776,0.03300028666853905,0.03300028666853905,1.0,-3.0,timeout
1663,-4.085124492645264,-0.2813854515552521,-0.00024646372185088694,0.03300069272518158,0.03300068899989128,1.0,-3.0,timeout
1664,-4.085118770599365,-0.28136515617370605,-0.00025160054792650044,0.0006782267009839416,0.0006589559488929808,0.0,-3.0,timeout
1665,-4.084856033325195,-0.28036409616470337,-0.00024625781225040555,0.03234307840466499,0.03234264999628067,1.0,-3.0,timeout
1666,-4.084586143493652,-0.27934321761131287,-0.00024625463993288577,0.03299847990274429,0.03299847990274429,1.0,-3.0,timeout
1667,-4.084313869476318,-0.2783229351043701,-0.00024653723812662065,0.03299960866570473,0.03299960494041443,1.0,-3.0,timeout
1668,-4.084038734436035,-0.2773032486438751,-0.00024677725741639733,0.03300479054450989,0.03300479054450989,1.0,-3.0,timeout
1669,-4.083762168884277,-0.27628403902053833,-0.0002469743776600808,0.03300207853317261,0.03300207853317261,1.0,0.0,timeout
1670,-4.083756923675537,-0.2762637436389923,-0.00025201524840667844,0.0006737438379786909,0.0006550693651661277,0.0,3.0,timeout
1671,-4.083488464355469,-0.27526429295539856,-0.00024658895563334227,0.03234037384390831,0.03233993053436279,1.0,3.0,timeout
1672,-4.083483695983887,-0.2752438485622406,-0.00025140063371509314,0.0006730460445396602,0.0006560345645993948,0.0,3.0,timeout
1673,-4.083219528198242,-0.27424317598342896,-0.0002460719260852784,0.03234274685382843,0.03234231844544411,1.0,-3.0,timeout
1674,-4.082947731018066,-0.2732227146625519,-0.0002461046096868813,0.033001165837049484,0.033001165837049484,1.0,-3.0,timeout
1675,-4.082947254180908,-0.27322253584861755,-0.00025140042998827994,0.00016625781427137554,1.5914445611997508e-05,0.0,0.0,timeout
1676,-4.082678318023682,-0.2722231447696686,-0.00024600038887001574,0.03234243765473366,0.03234200179576874,1.0,-3.0,timeout
1677,-4.082672119140625,-0.2722029685974121,-0.00025092653231695294,0.0006773187196813524,0.0006595926824957132,0.0,-3.0,timeout
1678,-4.082399368286133,-0.27120441198349,-0.000245713337790221,0.03234843537211418,0.03234802559018135,1.0,3.0,timeout
1679,-4.082123279571533,-0.2701851427555084,-0.0002458087110426277,0.03299998119473457,0.03299998119473457,1.0,-3.0,timeout
1680,-4.081844806671143,-0.2691664695739746,-0.0002461798721924424,0.03300157189369202,0.03300157189369202,1.0,-3.0,timeout
1681,-4.081564903259277,-0.2681483030319214,-0.00024650085833854973,0.03299812227487564,0.03299811854958534,1.0,3.0,timeout
1682,-4.081286430358887,-0.2671296298503876,-0.00024673889856785536,0.03300157189369202,0.03300157189369202,1.0,-3.0,timeout
1683,-4.081006050109863,-0.2661114037036896,-0.000246943294769153,0.03300387039780617,0.03300387039780617,1.0,0.0,timeout
1684,-4.08072566986084,-0.2650933861732483,-0.00024709824356250465,0.032997582107782364,0.032997582107782364,1.0,-3.0,timeout
1685,-4.080442428588867,-0.26407596468925476,-0.00024722618400119245,0.033003490418195724,0.033003490418195724,1.0,-3.0,timeout
1686,-4.0804362297058105,-0.26405584812164307,-0.00025221018586307764,0.0006759994430467486,0.0006578124011866748,0.0,-3.0,timeout
1687,-4.0804362297058105,-0.26405590772628784,-0.00025164010003209114,1.7912288967636414e-05,1.8626450355441193e-06,0.0,3.0,timeout
1688,-4.0804362297058105,-0.2640559673309326,-0.00025087385438382626,2.4017512259888463e-05,1.8626450355441193e-06,0.0,3.0,timeout
1689,-4.0801591873168945,-0.2630588412284851,-0.00024536153068766,0.03234100714325905,0.03234054893255234,1.0,3.0,timeout
1690,-4.079878807067871,-0.26204073429107666,-0.0002455108624417335,0.03300027921795845,0.03300027921795845,1.0,-3.0,timeout
1691,-4.079874038696289,-0.2620203197002411,-0.00025083409855142236,0.000675917835906148,0.0006551276310347021,0.0,3.0,timeout
1692,-4.079598426818848,-0.2610225975513458,-0.00024563304032199085,0.032346971333026886,0.032346561551094055,1.0,-3.0,timeout
1693,-4.079315662384033,-0.2600051760673523,-0.0002457544323988259,0.03299950063228607,0.03299950063228607,1.0,-3.0,timeout
1694,-4.079031467437744,-0.2589882016181946,-0.00024614669382572174,0.03299804404377937,0.032998040318489075,1.0,3.0,timeout
1695,-4.07874870300293,-0.2579707205295563,-0.0002464549907017499,0.03300129249691963,0.03300129249691963,1.0,-3.0,timeout
1696,-4.0787434577941895,-0.2579503655433655,-0.00025160418590530753,0.0006762949633412063,0.0006568729877471924,0.0,3.0,timeout
1697,-4.078465938568115,-0.25695329904556274,-0.00024625001242384315,0.03234317526221275,0.03234274312853813,1.0,-3.0,timeout
1698,-4.07818078994751,-0.25593650341033936,-0.00024624800425954163,0.03300069272518158,0.03300069272518158,1.0,-3.0,timeout
1699,-4.077893257141113,-0.2549203336238861,-0.0002465318830218166,0.03300207480788231,0.03300207108259201,1.0,-3.0,timeout
1700,-4.077892303466797,-0.25492021441459656,-0.0002517559623811394,0.00016599224181845784,3.003424899361562e-05,0.0,0.0,timeout
1701,-4.077608108520508,-0.253925085067749,-0.00024628566461615264,0.032341547310352325,0.03234109655022621,1.0,-3.0,timeout
1702,-4.07760763168335,-0.25392499566078186,-0.0002512562496121973,0.00015606889792252332,1.5160831935645547e-05,0.0,0.0,timeout
1703,-4.077315807342529,-0.2529102563858032,-0.00024577966541983187,0.03299631550908089,0.03299587219953537,1.0,0.0,timeout
1704,-4.077023983001709,-0.25189539790153503,-0.0002459546667523682,0.03299945220351219,0.03299945220351219,1.0,-3.0,timeout
1705,-4.076730728149414,-0.25088101625442505,-0.00024631040287204087,0.03299752250313759,0.03299752250313759,1.0,3.0,timeout
1706,-4.076439380645752,-0.24986593425273895,-0.0002465955330990255,0.03300205245614052,0.03300204873085022,1.0,3.0,timeout
1707,-4.076150894165039,-0.24885013699531555,-0.0002468239108566195,0.03299899771809578,0.03299899771809578,1.0,3.0,timeout
1708,-4.076145648956299,-0.24882982671260834,-0.00025187802384607494,0.0006742789992131293,0.0006555202417075634,0.0,-3.0,timeout
1709,-4.07586145401001,-0.24783465266227722,-0.0002464790013618767,0.032342877238988876,0.03234243765473366,1.0,-3.0,timeout
1710,-4.075570106506348,-0.2468196153640747,-0.00024644125369377434,0.03300071135163307,0.03300071135163307,1.0,3.0,timeout
1711,-4.075280666351318,-0.245804101228714,-0.00024667635443620384,0.032998643815517426,0.032998643815517426,1.0,-3.0,timeout
1712,-4.07527494430542,-0.24578389525413513,-0.000251769000897184,0.0006752880290150642,0.0006562672206200659,0.0,-3.0,timeout
1713,-4.074985980987549,-0.24479012191295624,-0.0002463923883624375,0.03234207257628441,0.03234164044260979,1.0,-3.0,timeout
1714,-4.074688911437988,-0.24377673864364624,-0.00024636194575577974,0.0330008864402771,0.0330008864402771,1.0,-3.0,timeout
1715,-4.074389457702637,-0.24276402592658997,-0.0002466228906996548,0.03300182893872261,0.03300182893872261,1.0,-3.0,timeout
1716,-4.074088096618652,-0.2417519986629486,-0.0002468456223141402,0.03299824893474579,0.03299824893474579,1.0,-3.0,timeout
1717,-4.073783874511719,-0.24074064195156097,-0.0002470245526637882,0.033003807067871094,0.033003807067871094,1.0,-3.0,timeout
1718,-4.073478698730469,-0.23972979187965393,-0.0002471769112162292,0.0329972468316555,0.0329972468316555,1.0,3.0,timeout
1719,-4.073174953460693,-0.23871837556362152,-0.0002472797059454024,0.03300129994750023,0.03300129994750023,1.0,-3.0,timeout
1720,-4.072869777679443,-0.2377074509859085,-0.00024738069623708725,0.03299947828054428,0.03299947828054428,1.0,3.0,timeout
1721,-4.072566986083984,-0.236695796251297,-0.0002474520297255367,0.032999880611896515,0.032999880611896515,1.0,3.0,timeout
1722,-4.072266101837158,-0.2356836050748825,-0.00024749900330789387,0.032998908311128616,0.032998908311128616,1.0,-3.0,timeout
1723,-4.071962833404541,-0.234671950340271,-0.00024755107006058097,0.03300415724515915,0.03300415724515915,1.0,0.0,timeout
1724,-4.071660041809082,-0.2336602807044983,-0.0002475941146258265,0.03300032764673233,0.03300032764673233,1.0,3.0,timeout
1725,-4.071359634399414,-0.23264792561531067,-0.00024761768872849643,0.03299957513809204,0.03299957513809204,1.0,0.0,timeout
1726,-4.071058750152588,-0.23163574934005737,-0.0002476368099451065,0.0329984612762928,0.0329984612762928,1.0,-3.0,timeout
1727,-4.0710530281066895,-0.23161545395851135,-0.00025254927459172904,0.0006766015430912375,0.0006589559488929808,0.0,3.0,timeout
1728,-4.071052551269531,-0.23161561787128448,-0.0002518908295314759,2.5916613594745286e-05,1.5756975699332543e-05,0.0,-3.0,timeout
1729,-4.0707550048828125,-0.23062437772750854,-0.0002461887488607317,0.03234221413731575,0.03234172612428665,1.0,-3.0,timeout
1730,-4.070450305938721,-0.22961339354515076,-0.0002461944241076708,0.03299695625901222,0.03299695625901222,1.0,3.0,timeout
1731,-4.070147514343262,-0.22860167920589447,-0.00024648813996464014,0.03300166875123978,0.03300166502594948,1.0,3.0,timeout
1732,-4.069847583770752,-0.22758924961090088,-0.0002467374433763325,0.03299757465720177,0.03299757093191147,1.0,3.0,timeout
1733,-4.069842338562012,-0.22756874561309814,-0.000251820485573262,0.0006801908602938056,0.0006613832665607333,0.0,3.0,timeout
1734,-4.06984281539917,-0.227568581700325,-0.00025131762959063053,2.2253536371863447e-05,1.5756975699332543e-05,0.0,3.0,timeout
1735,-4.06984281539917,-0.2275686413049698,-0.0002506058372091502,2.232136102975346e-05,1.8626450355441193e-06,0.0,-3.0,timeout
1736,-4.069552421569824,-0.22657543420791626,-0.0002451457257848233,0.03233761340379715,0.032337166368961334,1.0,-3.0,timeout
1737,-4.069253444671631,-0.22556261718273163,-0.0002453492197673768,0.03300073370337486,0.03300073370337486,1.0,-3.0,timeout
1738,-4.068952560424805,-0.2245503067970276,-0.0002458220405969769,0.03300248458981514,0.03300248086452484,1.0,3.0,timeout
1739,-4.068654537200928,-0.22353728115558624,-0.0002462050470057875,0.03299856185913086,0.03299856185913086,1.0,3.0,timeout
1740,-4.068654537200928,-0.2235369235277176,-0.0002514852094464004,0.0001653830986469984,1.117586998589104e-05,0.0,0.0,timeout
1741,-4.068364143371582,-0.22254355251789093,-0.00024607955128885806,0.032342519611120224,0.032342080026865005,1.0,3.0,timeout
1742,-4.068358421325684,-0.22252345085144043,-0.0002509794430807233,0.0006708405562676489,0.0006531315157189965,0.0,-3.0,timeout
1743,-4.068068027496338,-0.2215302586555481,-0.00024574415874667466,0.03233713284134865,0.03233671933412552,1.0,-3.0,timeout
1744,-4.067768573760986,-0.22051750123500824,-0.00024584238417446613,0.03300316631793976,0.03300316631793976,1.0,-3.0,timeout
1745,-4.067768573760986,-0.22051724791526794,-0.00025119076599366963,0.0001673242950346321,7.916241884231567e-06,0.0,0.0,timeout
1746,-4.067472457885742,-0.2195255309343338,-0.0002458325179759413,0.03234361112117767,0.03234317526221275,1.0,-3.0,timeout
1747,-4.0674662590026855,-0.21950548887252808,-0.00025079213082790375,0.0006736590294167399,0.000655587762594223,0.0,-3.0,timeout
1748,-4.067160129547119,-0.2184949815273285,-0.00024550504167564213,0.0329960361123085,0.03299562260508537,1.0,0.0,timeout
1749,-4.066854000091553,-0.2174842208623886,-0.00024574395501986146,0.033003199845552444,0.033003199845552444,1.0,0.0,timeout
1750,-4.066847801208496,-0.2174641638994217,-0.0002510101185180247,0.0006763588171452284,0.0006560325855389237,0.0,-3.0,timeout
1751,-4.066545009613037,-0.21647456288337708,-0.0002457845548633486,0.032340653240680695,0.032340243458747864,1.0,-3.0,timeout
1752,-4.0662336349487305,-0.2154654711484909,-0.00024587588268332183,0.03300124779343605,0.03300124779343605,1.0,-3.0,timeout
1753,-4.066227436065674,-0.21544533967971802,-0.0002511269995011389,0.0006784031284041703,0.0006582574569620192,0.0,3.0,timeout
1754,-4.06592321395874,-0.21445626020431519,-0.0002458777744323015,0.03233818709850311,0.032337773591279984,1.0,3.0,timeout
1755,-4.065917491912842,-0.21443596482276917,-0.0002508322650101036,0.0006769007304683328,0.0006589559488929808,0.0,3.0,timeout
1756,-4.06561803817749,-0.21344532072544098,-0.00024562791804783046,0.03234148770570755,0.03234108164906502,1.0,3.0,timeout
1757,-4.065314769744873,-0.2124338150024414,-0.0002457385417073965,0.03299969807267189,0.03299969807267189,1.0,-3.0,timeout
1758,-4.065009117126465,-0.21142299473285675,-0.00024612341076135635,0.03300066664814949,0.03300066664814949,1.0,-3.0,timeout
1759,-4.064701080322266,-0.2104129046201706,-0.00024644582299515605,0.033000487834215164,0.033000484108924866,1.0,-3.0,timeout
1760,-4.064390659332275,-0.20940351486206055,-0.0002467045560479164,0.0330013744533062,0.0330013744533062,1.0,-3.0,timeout
1761,-4.064077854156494,-0.2083948403596878,-0.00024691165890544653,0.03300200030207634,0.03300200030207634,1.0,-3.0,timeout
1762,-4.06376314163208,-0.20738688111305237,-0.00024707737611606717,0.03299836814403534,0.03299836814403534,1.0,-3.0,timeout
1763,-4.063446521759033,-0.20637942850589752,-0.0002472191699780524,0.03300107643008232,0.03300107643008232,1.0,3.0,timeout
1764,-4.063131809234619,-0.20537139475345612,-0.00024731349549256265,0.03300059214234352,0.03300059214234352,1.0,-3.0,timeout
1765,-4.062815189361572,-0.20436406135559082,-0.00024739812943153083,0.03299752622842789,0.03299752622842789,1.0,-3.0,timeout
1766,-4.062495708465576,-0.20335744321346283,-0.0002474663488101214,0.03300313651561737,0.03300313651561737,1.0,-3.0,timeout
1767,-4.0624895095825195,-0.20333769917488098,-0.0002524140872992575,0.0006649228162132204,0.0006466962513513863,0.0,3.0,timeout
1768,-4.062489032745361,-0.20333781838417053,-0.0002517906541470438,2.480890543665737e-05,1.5359764802269638e-05,0.0,3.0,timeout
1769,-4.062488555908203,-0.20333808660507202,-0.0002509845362510532,3.0444978619925678e-05,1.7096808733185753e-05,0.0,-3.0,timeout
1770,-4.062488555908203,-0.2033381164073944,-0.0002503445139154792,2.002236942644231e-05,9.313225177720597e-07,0.0,3.0,timeout
1771,-4.062488555908203,-0.2033381462097168,-0.000249822303885594,1.6345617041224614e-05,9.313225177720597e-07,0.0,3.0,timeout
1772,-4.062180042266846,-0.20235022902488708,-0.0002445087593514472,0.03234320878982544,0.032342784106731415,1.0,-3.0,timeout
1773,-4.061862945556641,-0.2013428658246994,-0.0002448399900458753,0.033002883195877075,0.033002883195877075,1.0,-3.0,timeout
1774,-4.061543941497803,-0.20033620297908783,-0.00024540507001802325,0.03299997001886368,0.03299996629357338,1.0,-3.0,timeout
1775,-4.061542987823486,-0.20033608376979828,-0.0002508551988285035,0.0001729444193188101,3.003424899361562e-05,0.0,0.0,timeout
1776,-4.061227798461914,-0.19935034215450287,-0.0002455648791510612,0.03234124183654785,0.03234081715345383,1.0,-3.0,timeout
1777,-4.0609049797058105,-0.19834500551223755,-0.0002457058581057936,0.032996710389852524,0.032996710389852524,1.0,3.0,timeout
1778,-4.060583591461182,-0.19733905792236328,-0.000246088340645656,0.033001258969306946,0.03300125524401665,1.0,-3.0,timeout
1779,-4.060259819030762,-0.1963338404893875,-0.00024641756317578256,0.03300229087471962,0.03300228714942932,1.0,-3.0,timeout
1780,-4.059934616088867,-0.19532915949821472,-0.0002466915757395327,0.033000070601701736,0.033000070601701736,1.0,3.0,timeout
1781,-4.0596113204956055,-0.19432389736175537,-0.00024689148995094,0.032999053597450256,0.032999053597450256,1.0,-3.0,timeout
1782,-4.059286117553711,-0.1933191567659378,-0.00024707033298909664,0.033001843839883804,0.033001843839883804,1.0,3.0,timeout
1783,-4.058963775634766,-0.19231364130973816,-0.0002472039486747235,0.03299747779965401,0.03299747779965401,1.0,3.0,timeout
1784,-4.058642864227295,-0.19130757451057434,-0.0002473005442880094,0.03300027176737785,0.03300027176737785,1.0,-3.0,timeout
1785,-4.058320045471191,-0.1903020441532135,-0.00024739763466641307,0.033002473413944244,0.033002473413944244,1.0,3.0,timeout
1786,-4.058000087738037,-0.18929576873779297,-0.000247465941356495,0.03299744054675102,0.03299744054675102,1.0,3.0,timeout
1787,-4.057681560516357,-0.18828895688056946,-0.00024750991724431515,0.032999906688928604,0.032999906688928604,1.0,-3.0,timeout
1788,-4.057361125946045,-0.18728268146514893,-0.0002475651854183525,0.03300195932388306,0.03300195932388306,1.0,3.0,timeout
1789,-4.057042598724365,-0.1862758994102478,-0.0002475897781550884,0.03299901634454727,0.03299901634454727,1.0,-3.0,timeout
1790,-4.056722164154053,-0.18526965379714966,-0.0002476290101185441,0.03300107270479202,0.03300107270479202,1.0,3.0,timeout
1791,-4.056715965270996,-0.18524956703186035,-0.0002525222080294043,0.0006744844722561538,0.0006569224642589688,0.0,-3.0,timeout
1792,-4.056716442108154,-0.1852494180202484,-0.0002518896362744272,2.518922701710835e-05,1.5611809430993162e-05,0.0,3.0,timeout
1793,-4.0567169189453125,-0.18524931371212006,-0.00025107397232204676,2.9704953703912906e-05,1.5253516721713822e-05,0.0,3.0,timeout
1794,-4.056406021118164,-0.18426218628883362,-0.0002455109788570553,0.03234199807047844,0.03234152868390083,1.0,-3.0,timeout
1795,-4.056087493896484,-0.18325544893741608,-0.0002456513175275177,0.03299768641591072,0.03299768641591072,1.0,3.0,timeout
1796,-4.056081295013428,-0.1832355409860611,-0.00025092673604376614,0.0006721167010255158,0.0006515851127915084,0.0,-3.0,timeout
1797,-4.05576753616333,-0.18224921822547913,-0.00024571624817326665,0.03234494850039482,0.03234453499317169,1.0,-3.0,timeout
1798,-4.055446147918701,-0.18124331533908844,-0.0002458312374074012,0.032999925315380096,0.032999925315380096,1.0,3.0,timeout
1799,-4.055446147918701,-0.18124297261238098,-0.0002511722268536687,0.00016724919260013849,1.0710208698583301e-05,0.0,0.0,timeout
1800,-4.05513334274292,-0.18025651574134827,-0.00024582823971286416,0.03233994171023369,0.03233950957655907,1.0,3.0,timeout
1801,-4.054816246032715,-0.17924925684928894,-0.0002458956732880324,0.03299977257847786,0.03299977257847786,1.0,-3.0,timeout
1802,-4.054496765136719,-0.1782427430152893,-0.0002462488191667944,0.03300002962350845,0.03300002962350845,1.0,-3.0,timeout
1803,-4.054174900054932,-0.17723697423934937,-0.00024654605658724904,0.03300047293305397,0.03300047293305397,1.0,-3.0,timeout
1804,-4.053851127624512,-0.1762317568063736,-0.0002467944868840277,0.03300229087471962,0.03300228714942932,1.0,3.0,timeout
1805,-4.053530216217041,-0.17522576451301575,-0.0002469833998475224,0.03299805149435997,0.03299805149435997,1.0,3.0,timeout
1806,-4.053211688995361,-0.174219012260437,-0.00024713424500077963,0.03299812972545624,0.03299812972545624,1.0,3.0,timeout
1807,-4.053205490112305,-0.1741989403963089,-0.00025212642503902316,0.0006747595616616309,0.0006564775248989463,0.0,-3.0,timeout
1808,-4.053205966949463,-0.17419876158237457,-0.00025157289928756654,2.350487920921296e-05,1.5914445611997508e-05,0.0,3.0,timeout
1809,-4.052894592285156,-0.17321182787418365,-0.00024592530098743737,0.03234071657061577,0.03234023600816727,1.0,-3.0,timeout
1810,-4.05257511138916,-0.17220526933670044,-0.0002459834504406899,0.033001359552145004,0.033001359552145004,1.0,3.0,timeout
1811,-4.052257537841797,-0.17119818925857544,-0.00024630947154946625,0.03299892321228981,0.03299892321228981,1.0,-3.0,timeout
1812,-4.051938056945801,-0.17019163072109222,-0.0002466043224558234,0.0330013632774353,0.033001359552145004,1.0,3.0,timeout
1813,-4.0516204833984375,-0.16918455064296722,-0.0002468214079272002,0.03299892321228981,0.03299892321228981,1.0,-3.0,timeout
1814,-4.051300525665283,-0.16817821562290192,-0.00024700420908629894,0.03299921751022339,0.03299921751022339,1.0,-3.0,timeout
1815,-4.05097770690918,-0.1671726405620575,-0.0002471510088071227,0.033003803342580795,0.033003803342580795,1.0,-3.0,timeout
1816,-4.050971508026123,-0.1671525537967682,-0.00025216100038960576,0.0006753213237971067,0.0006569224642589688,0.0,3.0,timeout
1817,-4.050656318664551,-0.16616691648960114,-0.00024670586572028697,0.03233816474676132,0.03233771026134491,1.0,3.0,timeout
1818,-4.0503363609313965,-0.1651604324579239,-0.0002466015284880996,0.03300365433096886,0.03300365433096886,1.0,-3.0,timeout
1819,-4.050014495849609,-0.16415467858314514,-0.0002468137536197901,0.03300002962350845,0.03300002962350845,1.0,-3.0,timeout
1820,-4.049690246582031,-0.1631496697664261,-0.00024699806817807257,0.033000651746988297,0.033000651746988297,1.0,-3.0,timeout
1821,-4.0493645668029785,-0.16214519739151,-0.0002471558400429785,0.0329984612762928,0.0329984612762928,1.0,3.0,timeout
1822,-4.0490403175354,-0.16114014387130737,-0.00024726276751607656,0.033001985400915146,0.033001985400915146,1.0,-3.0,timeout
1823,-4.0490336418151855,-0.1611202508211136,-0.0002522389404475689,0.0006739147356711328,0.0006557279848493636,0.0,-3.0,timeout
1824,-4.048711776733398,-0.1601361632347107,-0.0002467774029355496,0.03235628083348274,0.03235583379864693,1.0,3.0,timeout
1825,-4.0487060546875,-0.16011595726013184,-0.0002515540109016001,0.0006730288732796907,0.0006562672206200659,0.0,3.0,timeout
1826,-4.048389434814453,-0.15913070738315582,-0.00024620542535558343,0.032340262085199356,0.032339829951524734,1.0,3.0,timeout
1827,-4.048069000244141,-0.15812446177005768,-0.0002462106349412352,0.03300107270479202,0.03300107270479202,1.0,3.0,timeout
1828,-4.048069000244141,-0.15812402963638306,-0.00025147496489807963,0.00016506362590007484,1.3504176422429737e-05,0.0,0.0,timeout
1829,-4.047757148742676,-0.15713724493980408,-0.00024607067462056875,0.032340724021196365,0.03234028071165085,1.0,3.0,timeout
1830,-4.047441482543945,-0.15612949430942535,-0.0002461000403854996,0.033001042902469635,0.033001042902469635,1.0,3.0,timeout
1831,-4.047128677368164,-0.15512099862098694,-0.00024641334312036633,0.03299666568636894,0.032996661961078644,1.0,3.0,timeout
1832,-4.047123432159424,-0.15510044991970062,-0.0002515609667170793,0.0006819801637902856,0.0006627367692999542,0.0,3.0,timeout
1833,-4.046820163726807,-0.1541110724210739,-0.00024621456395834684,0.03233835846185684,0.03233793005347252,1.0,-3.0,timeout
1834,-4.046508312225342,-0.1531020700931549,-0.0002462240809109062,0.03300297632813454,0.03300297632813454,1.0,0.0,timeout
1835,-4.046195983886719,-0.15209327638149261,-0.0002465080178808421,0.03300115093588829,0.03300114721059799,1.0,-3.0,timeout
1836,-4.045881271362305,-0.15108522772789001,-0.00024675304302945733,0.03300103545188904,0.03300103545188904,1.0,-3.0,timeout
1837,-4.045875549316406,-0.15106502175331116,-0.0002518428664188832,0.0006752671906724572,0.0006562672206200659,0.0,3.0,timeout
1838,-4.045567035675049,-0.15007717907428741,-0.00024644090444780886,0.03234099969267845,0.03234056010842323,1.0,-3.0,timeout
1839,-4.045249938964844,-0.1490698903799057,-0.00024640068295411766,0.03300065919756889,0.03300065919756889,1.0,-3.0,timeout
1840,-4.045242786407471,-0.14904999732971191,-0.0002515356463845819,0.0006798295653425157,0.0006606197566725314,0.0,-3.0,timeout
1841,-4.0452423095703125,-0.14905023574829102,-0.00025109018315561116,2.1710420696763322e-05,1.6660003893775865e-05,0.0,-3.0,timeout
1842,-4.044924259185791,-0.1480652540922165,-0.00024554881383664906,0.03234602138400078,0.03234555944800377,1.0,-3.0,timeout
1843,-4.04459810256958,-0.14706088602542877,-0.00024567299988120794,0.03299995884299278,0.03299995884299278,1.0,-3.0,timeout
1844,-4.044269561767578,-0.14605724811553955,-0.0002460713731124997,0.0330013632774353,0.033001359552145004,1.0,-3.0,timeout
1845,-4.04426908493042,-0.14605717360973358,-0.0002513878280296922,0.00016682237037457526,1.5081963283591904e-05,0.0,0.0,timeout
1846,-4.0442681312561035,-0.14605748653411865,-0.00025087641552090645,3.520252357702702e-05,3.136566374450922e-05,0.0,-3.0,timeout
1847,-4.044267177581787,-0.14605776965618134,-0.0002502592105884105,3.6585122870747e-05,3.108790406258777e-05,0.0,-3.0,timeout
1848,-4.044267177581787,-0.14605779945850372,-0.00024976462009362876,1.548398722661659e-05,9.313225177720597e-07,0.0,3.0,timeout
1849,-4.043941974639893,-0.14507541060447693,-0.0002444736019242555,0.03233843296766281,0.032338012009859085,1.0,3.0,timeout
1850,-4.043612480163574,-0.144072026014328,-0.0002448106824886054,0.033003125339746475,0.033003125339746475,1.0,3.0,timeout
1851,-4.043606758117676,-0.14405173063278198,-0.0002502647403161973,0.000680641271173954,0.0006589559488929808,0.0,3.0,timeout
1852,-4.043287754058838,-0.14306718111038208,-0.0002451767504680902,0.032342273741960526,0.03234188258647919,1.0,-3.0,timeout
1853,-4.042960166931152,-0.14206331968307495,-0.0002453892957419157,0.032998744398355484,0.032998744398355484,1.0,-3.0,timeout
1854,-4.042630672454834,-0.1410599946975708,-0.0002458548406139016,0.033001359552145004,0.033001355826854706,1.0,3.0,timeout
1855,-4.042623996734619,-0.14104002714157104,-0.00025110342539846897,0.0006780718103982508,0.0006579356850124896,0.0,-3.0,timeout
1856,-4.042300224304199,-0.1400570571422577,-0.00024585926439613104,0.03234165161848068,0.03234123811125755,1.0,-3.0,timeout
1857,-4.04196834564209,-0.13905459642410278,-0.0002459456445649266,0.032999034970998764,0.032999034970998764,1.0,3.0,timeout
1858,-4.041637897491455,-0.1380515694618225,-0.0002462801639921963,0.033001821488142014,0.033001817762851715,1.0,-3.0,timeout
1859,-4.041306018829346,-0.13704907894134521,-0.00024658083566464484,0.0329999215900898,0.0329999178647995,1.0,3.0,timeout
1860,-4.040975570678711,-0.13604603707790375,-0.0002468026941642165,0.03300226107239723,0.03300226107239723,1.0,-3.0,timeout
1861,-4.040975570678711,-0.13604578375816345,-0.00025197266950272024,0.0001617555390112102,7.916241884231567e-06,0.0,0.0,timeout
1862,-4.040649890899658,-0.13506342470645905,-0.00024646971723996103,0.03234226629137993,0.032341811805963516,1.0,3.0,timeout
1863,-4.040319919586182,-0.1340603083372116,-0.0002464088029228151,0.03299981355667114,0.03299981355667114,1.0,-3.0,timeout
1864,-4.039987564086914,-0.13305793702602386,-0.00024665932869538665,0.03300107270479202,0.033001068979501724,1.0,-3.0,timeout
1865,-4.039653778076172,-0.1320561319589615,-0.0002468843595124781,0.032998379319906235,0.032998379319906235,1.0,3.0,timeout
1866,-4.039647102355957,-0.1320362091064453,-0.000251927092904225,0.0006752563058398664,0.0006566109950654209,0.0,-3.0,timeout
1867,-4.039647102355957,-0.13203611969947815,-0.0002514135558158159,1.6289433915517293e-05,2.79396749647276e-06,0.0,3.0,timeout
1868,-4.039320945739746,-0.13105395436286926,-0.00024579785531386733,0.032341234385967255,0.03234075754880905,1.0,-3.0,timeout
1869,-4.038986682891846,-0.13005228340625763,-0.0002458814997226,0.03299911320209503,0.03299911320209503,1.0,3.0,timeout
1870,-4.038986682891846,-0.13005197048187256,-0.0002512116334401071,0.00016685346781741828,9.778886123967823e-06,0.0,0.0,timeout
1871,-4.0389862060546875,-0.1300521045923233,-0.000250733777647838,2.1508205463760532e-05,1.547929787193425e-05,0.0,-3.0,timeout
1872,-4.038658618927002,-0.129070445895195,-0.0002452703774906695,0.03234030678868294,0.032339856028556824,1.0,3.0,timeout
1873,-4.038326263427734,-0.12806805968284607,-0.00024543903418816626,0.03300151228904724,0.03300151228904724,1.0,-3.0,timeout
1874,-4.038326263427734,-0.1280677616596222,-0.00025086713139899075,0.00016988349671009928,9.313225746154785e-06,0.0,0.0,timeout
1875,-4.037998199462891,-0.12708629667758942,-0.00024557331926189363,0.03233925625681877,0.03233883157372475,1.0,-3.0,timeout
1876,-4.037661552429199,-0.12608535587787628,-0.0002457127266097814,0.03300114721059799,0.03300114721059799,1.0,3.0,timeout
1877,-4.037326812744141,-0.12508365511894226,-0.0002460984978824854,0.03300471976399422,0.03300471976399422,1.0,0.0,timeout
1878,-4.037326812744141,-0.12508335709571838,-0.00025140479556284845,0.000166083118529059,9.313225746154785e-06,0.0,0.0,timeout
1879,-4.036998271942139,-0.12410198897123337,-0.0002460041141603142,0.0323411300778389,0.03234069049358368,1.0,-3.0,timeout
1880,-4.036661624908447,-0.1231011375784874,-0.00024605722865089774,0.032998498529195786,0.032998498529195786,1.0,3.0,timeout
1881,-4.036327362060547,-0.12209947407245636,-0.0002463790006004274,0.03299889713525772,0.03299889713525772,1.0,3.0,timeout
1882,-4.036327362060547,-0.12209910899400711,-0.0002516235108487308,0.00016428754315711558,1.140870062954491e-05,0.0,0.0,timeout
1883,-4.036001682281494,-0.12111679464578629,-0.0002461901167407632,0.03234093263745308,0.032340485602617264,1.0,3.0,timeout
1884,-4.0359954833984375,-0.12109701335430145,-0.0002510683552827686,0.0006655023898929358,0.000647807028144598,0.0,-3.0,timeout
1885,-4.035669326782227,-0.12011489272117615,-0.0002458147646393627,0.03233984857797623,0.0323394313454628,1.0,-3.0,timeout
1886,-4.035334587097168,-0.11911329627037048,-0.0002459093520883471,0.033001627773046494,0.033001627773046494,1.0,3.0,timeout
1887,-4.035001754760742,-0.11811114847660065,-0.00024625094374641776,0.03299913555383682,0.032999131828546524,1.0,-3.0,timeout
1888,-4.034667015075684,-0.11710955947637558,-0.00024655755260027945,0.033001407980918884,0.033001407980918884,1.0,3.0,timeout
1889,-4.034334182739258,-0.11610742658376694,-0.0002467840095050633,0.032998692244291306,0.032998692244291306,1.0,-3.0,timeout
1890,-4.033998966217041,-0.11510588973760605,-0.00024697932531125844,0.03300458565354347,0.03300458565354347,1.0,0.0,timeout
1891,-4.033664703369141,-0.11410433799028397,-0.0002471368934493512,0.03299558162689209,0.03299558162689209,1.0,3.0,timeout
1892,-4.033331394195557,-0.11310221999883652,-0.00024724716786295176,0.03300295025110245,0.03300295025110245,1.0,-3.0,timeout
1893,-4.03299617767334,-0.11210088431835175,-0.0002473446656949818,0.03299862891435623,0.03299862891435623,1.0,-3.0,timeout
1894,-4.03265905380249,-0.11110011488199234,-0.0002474331995472312,0.033000823110342026,0.033000823110342026,1.0,3.0,timeout
1895,-4.032323837280273,-0.11009876430034637,-0.00024748442228883505,0.03299906849861145,0.03299906849861145,1.0,-3.0,timeout
1896,-4.031986236572266,-0.10909818857908249,-0.000247534568188712,0.03299985080957413,0.03299985080957413,1.0,-3.0,timeout
1897,-4.031979560852051,-0.10907819867134094,-0.0002524676383472979,0.0006763995625078678,0.0006585981464013457,0.0,3.0,timeout
1898,-4.031649589538574,-0.10809745639562607,-0.0002469511819072068,0.03233683109283447,0.03233637288212776,1.0,3.0,timeout
1899,-4.031314373016357,-0.10709594935178757,-0.0002467977174092084,0.033003706485033035,0.033003706485033035,1.0,-3.0,timeout
1900,-4.030978202819824,-0.10609498620033264,-0.0002469806931912899,0.03299706429243088,0.03299706429243088,1.0,3.0,timeout
1901,-4.030643939971924,-0.10509324073791504,-0.0002471316256560385,0.03300132229924202,0.03300132229924202,1.0,3.0,timeout
1902,-4.030638217926025,-0.1050729751586914,-0.00025213550543412566,0.000676383322570473,0.0006580596091225743,0.0,3.0,timeout
1903,-4.0303144454956055,-0.10409003496170044,-0.0002466743753757328,0.03234080225229263,0.03234035149216652,1.0,-3.0,timeout
1904,-4.029982089996338,-0.10308758914470673,-0.0002465972793288529,0.03300328180193901,0.03300328180193901,1.0,3.0,timeout
1905,-4.029651641845703,-0.10208459943532944,-0.0002468011516612023,0.03300071135163307,0.03300071135163307,1.0,-3.0,timeout
1906,-4.029645919799805,-0.10206443816423416,-0.0002518804103601724,0.0006738832453265786,0.0006549232639372349,0.0,3.0,timeout
1907,-4.029322624206543,-0.10108134895563126,-0.0002464815916027874,0.032340556383132935,0.032340116798877716,1.0,3.0,timeout
1908,-4.029315948486328,-0.10106140375137329,-0.0002513044164516032,0.0006743312696926296,0.0006572733400389552,0.0,-3.0,timeout
1909,-4.028992176055908,-0.10007846355438232,-0.0002460048417560756,0.032340776175260544,0.03234035149216652,1.0,-3.0,timeout
1910,-4.028659820556641,-0.09907602518796921,-0.0002460613613948226,0.0330030582845211,0.0330030582845211,1.0,3.0,timeout
1911,-4.028330326080322,-0.09807281196117401,-0.000246382609475404,0.032998036593198776,0.032998036593198776,1.0,3.0,timeout
1912,-4.028324604034424,-0.098052479326725,-0.0002515361411496997,0.0006794389919377863,0.000660076504573226,0.0,3.0,timeout
1913,-4.028005123138428,-0.09706814587116241,-0.0002461948315612972,0.03234048932790756,0.03234005346894264,1.0,-3.0,timeout
1914,-4.027677536010742,-0.09606426954269409,-0.0002462137199472636,0.0329991839826107,0.0329991839826107,1.0,3.0,timeout
1915,-4.027351379394531,-0.0950598493218422,-0.00024649439728818834,0.03300151228904724,0.03300150856375694,1.0,-3.0,timeout
1916,-4.0270233154296875,-0.09405602514743805,-0.0002467469603288919,0.03300226107239723,0.03300226107239723,1.0,0.0,timeout
1917,-4.026695251464844,-0.09305217862129211,-0.00024695106549188495,0.03300292417407036,0.03300292417407036,1.0,3.0,timeout
1918,-4.026369094848633,-0.0920477882027626,-0.0002470985346008092,0.03300062566995621,0.03300062566995621,1.0,-3.0,timeout
1919,-4.026362419128418,-0.09202783554792404,-0.0002521073038224131,0.0006758684758096933,0.0006574941216968,0.0,-3.0,timeout
1920,-4.02603816986084,-0.09104511886835098,-0.0002466629084665328,0.03233883157372475,0.03233838453888893,1.0,-3.0,timeout
1921,-4.025704860687256,-0.09004312008619308,-0.000246578361839056,0.03299941122531891,0.03299941122531891,1.0,-3.0,timeout
1922,-4.025369644165039,-0.08904167264699936,-0.00024680563365109265,0.033001936972141266,0.033001936972141266,1.0,3.0,timeout
1923,-4.025362968444824,-0.08902177959680557,-0.0002518635301385075,0.0006745086284354329,0.0006557279848493636,0.0,-3.0,timeout
1924,-4.025033473968506,-0.08804062753915787,-0.0002464675344526768,0.03234420344233513,0.03234376013278961,1.0,-3.0,timeout
1925,-4.02469539642334,-0.08704023063182831,-0.00024642213247716427,0.032999325543642044,0.032999325543642044,1.0,-3.0,timeout
1926,-4.024688243865967,-0.08702045679092407,-0.00025155273033306,0.0006763924029655755,0.0006571153644472361,0.0,-3.0,timeout
1927,-4.024352073669434,-0.08604167401790619,-0.000246218842221424,0.03234117478132248,0.032340746372938156,1.0,-3.0,timeout
1928,-4.024007320404053,-0.08504348993301392,-0.0002462330157868564,0.033001333475112915,0.033001333475112915,1.0,3.0,timeout
1929,-4.023664474487305,-0.0840446799993515,-0.000246510113356635,0.03300042450428009,0.03300042077898979,1.0,-3.0,timeout
1930,-4.023319244384766,-0.08304665237665176,-0.00024675484746694565,0.03300158306956291,0.03300158306956291,1.0,-3.0,timeout
1931,-4.0229716300964355,-0.0820494070649147,-0.0002469518221914768,0.03300292789936066,0.03300292789936066,1.0,-3.0,timeout
1932,-4.022622108459473,-0.08105295151472092,-0.0002471095067448914,0.03299930319190025,0.03299930319190025,1.0,-3.0,timeout
1933,-4.0226149559021,-0.08103320002555847,-0.00025212785112671554,0.0006749306339770555,0.0006564586074091494,0.0,3.0,timeout
1934,-4.022614002227783,-0.08103352040052414,-0.0002515538362786174,3.619645576691255e-05,3.1439034501090646e-05,0.0,-3.0,timeout
1935,-4.022614002227783,-0.08103359490633011,-0.0002508144243620336,2.3223630705615506e-05,2.3283064365386963e-06,0.0,3.0,timeout
1936,-4.022272109985352,-0.08005677163600922,-0.0002453141787555069,0.03234192356467247,0.03234146907925606,1.0,3.0,timeout
1937,-4.021925926208496,-0.07905922830104828,-0.00024547320208512247,0.03299703821539879,0.03299703821539879,1.0,-3.0,timeout
1938,-4.021918773651123,-0.07903945446014404,-0.0002507928293198347,0.0006778169190511107,0.0006571153644472361,0.0,-3.0,timeout
1939,-4.021574020385742,-0.07806352525949478,-0.00024561036843806505,0.03234517201781273,0.032344769686460495,1.0,-3.0,timeout
1940,-4.021567344665527,-0.07804365456104279,-0.00025063034263439476,0.0006735879578627646,0.000655065814498812,0.0,3.0,timeout
1941,-4.021566867828369,-0.07804388552904129,-0.00025034142890945077,1.885882556962315e-05,1.6557189155719243e-05,0.0,-3.0,timeout
1942,-4.0212202072143555,-0.07706870883703232,-0.00024494840181432664,0.032342955470085144,0.032342515885829926,1.0,-3.0,timeout
1943,-4.020864009857178,-0.07607445120811462,-0.00024519278667867184,0.0330042727291584,0.0330042690038681,1.0,-3.0,timeout
1944,-4.020505905151367,-0.0750809833407402,-0.00024568731896579266,0.03300120681524277,0.03300120308995247,1.0,-3.0,timeout
1945,-4.020145416259766,-0.07408833503723145,-0.0002460975374560803,0.033002469688653946,0.033002469688653946,1.0,-3.0,timeout
1946,-4.019783973693848,-0.07309627532958984,-0.00024643552023917437,0.032995373010635376,0.03299536928534508,1.0,3.0,timeout
1947,-4.019776821136475,-0.07307643443346024,-0.0002515790401957929,0.0006784028373658657,0.0006590862758457661,0.0,3.0,timeout
1948,-4.019776344299316,-0.07307666540145874,-0.0002511144557502121,2.2020909455022775e-05,1.6557189155719243e-05,0.0,-3.0,timeout
1949,-4.019776344299316,-0.07307665795087814,-0.00025046314112842083,2.0354913431219757e-05,2.3283062944301491e-07,0.0,3.0,timeout
1950,-4.019425392150879,-0.07210297137498856,-0.00024502264568582177,0.03234431520104408,0.03234386816620827,1.0,-3.0,timeout
1951,-4.019065856933594,-0.07111004739999771,-0.0002452558546792716,0.0330004058778286,0.0330004058778286,1.0,0.0,timeout
1952,-4.01870584487915,-0.0701172947883606,-0.00024573339032940567,0.03300045430660248,0.03300045058131218,1.0,-3.0,timeout
1953,-4.018343448638916,-0.06912535429000854,-0.0002461339463479817,0.033002085983753204,0.033002082258462906,1.0,-3.0,timeout
1954,-4.017978668212891,-0.06813424080610275,-0.0002464553399477154,0.03300347179174423,0.033003468066453934,1.0,-3.0,timeout
1955,-4.017612934112549,-0.06714373081922531,-0.00024672175641171634,0.03299608454108238,0.03299608454108238,1.0,3.0,timeout
1956,-4.01724910736084,-0.06615231186151505,-0.0002469249302521348,0.03300214931368828,0.03300214931368828,1.0,3.0,timeout
1957,-4.016887664794922,-0.06516006588935852,-0.00024708229466341436,0.03300083801150322,0.03300083801150322,1.0,0.0,timeout
1958,-4.016526222229004,-0.06416777521371841,-0.0002472188207320869,0.03300215303897858,0.03300215303897858,1.0,3.0,timeout
1959,-4.016167163848877,-0.06317487359046936,-0.00024731262237764895,0.03299468010663986,0.03299468010663986,1.0,-3.0,timeout
1960,-4.015805721282959,-0.062182579189538956,-0.00024740732624195516,0.03300226107239723,0.03300226107239723,1.0,3.0,timeout
1961,-4.015446662902832,-0.0611894465982914,-0.00024747371207922697,0.03300146758556366,0.03300146758556366,1.0,3.0,timeout
1962,-4.015089511871338,-0.06019572168588638,-0.00024751611636020243,0.032998666167259216,0.032998666167259216,1.0,-3.0,timeout
1963,-4.014730453491211,-0.05920260399580002,-0.00024757013306953013,0.03300102800130844,0.03300102800130844,1.0,3.0,timeout
1964,-4.014373302459717,-0.058208901435136795,-0.0002475937071722001,0.03299801051616669,0.03299801051616669,1.0,-3.0,timeout
1965,-4.014013767242432,-0.05721604451537132,-0.0002476217341609299,0.03299843519926071,0.03299843519926071,1.0,-3.0,timeout
1966,-4.0136518478393555,-0.0562240295112133,-0.0002476447552908212,0.03299916163086891,0.03299916163086891,1.0,-3.0,timeout
1967,-4.013287544250488,-0.05523267015814781,-0.00024766812566667795,0.03300553932785988,0.03300553932785988,1.0,0.0,timeout
1968,-4.0129241943359375,-0.05424126237630844,-0.0002476875379215926,0.03299669176340103,0.03299669176340103,1.0,3.0,timeout
1969,-4.012917518615723,-0.054221320897340775,-0.00025257995002903044,0.0006747131119482219,0.0006571628618985415,0.0,3.0,timeout
1970,-4.0129170417785645,-0.05422147735953331,-0.0002519147819839418,2.6039006115752272e-05,1.568283187225461e-05,0.0,-3.0,timeout
1971,-4.012916564941406,-0.05422162637114525,-0.00025109300622716546,3.0053553928155452e-05,1.5611809430993162e-05,0.0,-3.0,timeout
1972,-4.01255989074707,-0.05325015261769295,-0.0002455359499435872,0.032340485602617264,0.03234001621603966,1.0,-3.0,timeout
1973,-4.01219367980957,-0.05225970596075058,-0.00024566170759499073,0.032999392598867416,0.032999392598867416,1.0,-3.0,timeout
1974,-4.011825084686279,-0.05127009004354477,-0.000246062088990584,0.03300097584724426,0.03300097584724426,1.0,-3.0,timeout
1975,-4.011455059051514,-0.0502810925245285,-0.00024640659103170037,0.03299850597977638,0.032998502254486084,1.0,3.0,timeout
1976,-4.011086940765381,-0.04929119721055031,-0.0002466730074957013,0.03300396353006363,0.03300395980477333,1.0,3.0,timeout
1977,-4.010721206665039,-0.048300664871931076,-0.00024687600671313703,0.03299674019217491,0.03299674019217491,1.0,-3.0,timeout
1978,-4.010720729827881,-0.048300426453351974,-0.0002520312264095992,0.0001619597605895251,1.6660003893775865e-05,0.0,0.0,timeout
1979,-4.010359287261963,-0.04733062908053398,-0.0002465055149514228,0.03234304115176201,0.032342579215765,1.0,-3.0,timeout
1980,-4.009988784790039,-0.04634189233183861,-0.00024644844233989716,0.032996099442243576,0.032996099442243576,1.0,-3.0,timeout
1981,-4.009615421295166,-0.04535399749875069,-0.00024669189588166773,0.03300296887755394,0.03300296887755394,1.0,-3.0,timeout
1982,-4.009607315063477,-0.04533456638455391,-0.0002517825341783464,0.0006769025349058211,0.0006579436012543738,0.0,-3.0,timeout
1983,-4.009606838226318,-0.04533487185835838,-0.0002512883220333606,2.3488144506700337e-05,1.7696658687782474e-05,0.0,-3.0,timeout
1984,-4.00960636138916,-0.045334961265325546,-0.0002505975717213005,2.6378094844403677e-05,1.5160831935645547e-05,0.0,0.0,timeout
1985,-4.0092339515686035,-0.04436931386590004,-0.0002451357140671462,0.03234327957034111,0.032342828810214996,1.0,-3.0,timeout
1986,-4.009225845336914,-0.04434990882873535,-0.0002502243733033538,0.0006761570111848414,0.0006571915582753718,0.0,-3.0,timeout
1987,-4.009225368499756,-0.04434998705983162,-0.00025003141490742564,1.6259813492069952e-05,1.5100371456355788e-05,0.0,0.0,timeout
1988,-4.008848667144775,-0.04338611662387848,-0.0002446967118885368,0.03234003111720085,0.03233959898352623,1.0,-3.0,timeout
1989,-4.008840084075928,-0.043366748839616776,-0.0002498740504961461,0.0006814972148276865,0.0006620134226977825,0.0,-3.0,timeout
1990,-4.0088396072387695,-0.04336702078580856,-0.0002497465757187456,1.7610647773835808e-05,1.7154183296952397e-05,0.0,-3.0,timeout
1991,-4.008456707000732,-0.04240521788597107,-0.0002444827987346798,0.032350994646549225,0.0323505774140358,1.0,3.0,timeout
1992,-4.008449554443359,-0.042385440319776535,-0.00024970434606075287,0.0006771780317649245,0.0006572248530574143,0.0,3.0,timeout
1993,-4.008070468902588,-0.041420575231313705,-0.0002447054139338434,0.0323960967361927,0.03239572420716286,1.0,-3.0,timeout
1994,-4.008063316345215,-0.04140138626098633,-0.0002499163383617997,0.0006603512447327375,0.0006399581907317042,0.0,3.0,timeout
1995,-4.00768518447876,-0.0404379740357399,-0.00024489310453645885,0.032342951744794846,0.032342568039894104,1.0,3.0,timeout
1996,-4.007302284240723,-0.03945383429527283,-0.0002451609761919826,0.03300011157989502,0.03300011157989502,1.0,3.0,timeout
1997,-4.007295608520508,-0.03943386301398277,-0.00025054565048776567,0.0006792200147174299,0.0006580461049452424,0.0,3.0,timeout
1998,-4.006924629211426,-0.03846770524978638,-0.0002454127243254334,0.032342053949832916,0.03234165534377098,1.0,3.0,timeout
1999,-4.0065484046936035,-0.03748081997036934,-0.00024557768483646214,0.03300519660115242,0.03300519660115242,1.0,3.0,timeout
2000,-4.006542205810547,-0.03746069222688675,-0.0002508790057618171,0.0006786764715798199,0.0006581462221220136,0.0,3.0,timeout
2001,-4.0061774253845215,-0.036492206156253815,-0.00024566808133386075,0.03234121575951576,0.03234080597758293,1.0,-3.0,timeout
2002,-4.005802631378174,-0.03550487756729126,-0.0002457819355186075,0.033002253621816635,0.033002253621816635,1.0,-3.0,timeout
2003,-4.005795955657959,-0.03548502177000046,-0.0002510522317606956,0.0006750244647264481,0.0006546244258061051,0.0,3.0,timeout
2004,-4.005428314208984,-0.034517496824264526,-0.00024580731405876577,0.0323447622358799,0.03234434872865677,1.0,-3.0,timeout
2005,-4.005051612854004,-0.03353087976574898,-0.00024590385146439075,0.03300267457962036,0.03300267457962036,1.0,3.0,timeout
2006,-4.005051612854004,-0.0335305891931057,-0.00025123023078776896,0.00016669684555381536,9.080395102500916e-06,0.0,0.0,timeout
2007,-4.004683971405029,-0.03256315365433693,-0.00024586348445154727,0.03234217315912247,0.03234173730015755,1.0,-3.0,timeout
2008,-4.004307270050049,-0.03157661855220795,-0.0002459447714500129,0.03300028666853905,0.03300028666853905,1.0,3.0,timeout
2009,-4.003932952880859,-0.030589187517762184,-0.00024628909886814654,0.03299996256828308,0.03299995884299278,1.0,3.0,timeout
2010,-4.0035600662231445,-0.02960113063454628,-0.0002465680881869048,0.03300243988633156,0.03300243616104126,1.0,-3.0,timeout
2011,-4.003185272216797,-0.028613951057195663,-0.0002468015009071678,0.03299789875745773,0.03299789875745773,1.0,-3.0,timeout
2012,-4.002808094024658,-0.027627648785710335,-0.0002469888422638178,0.03299880772829056,0.03299880772829056,1.0,-3.0,timeout
2013,-4.002799987792969,-0.027608191594481468,-0.0002520203997846693,0.0006772025371901691,0.0006586957606486976,0.0,-3.0,timeout
2014,-4.002425193786621,-0.026639867573976517,-0.0002465882571414113,0.03244814649224281,0.032447703182697296,1.0,3.0,timeout
2015,-4.00204610824585,-0.025654083117842674,-0.00024653333821333945,0.033005040138959885,0.033005040138959885,1.0,3.0,timeout
2016,-4.001669406890869,-0.02466765232384205,-0.0002467501617502421,0.032997239381074905,0.032997239381074905,1.0,-3.0,timeout
2017,-4.001290798187256,-0.02368185669183731,-0.0002469567989464849,0.033000022172927856,0.033000022172927856,1.0,3.0,timeout
2018,-4.000913619995117,-0.02269543893635273,-0.00024710327852517366,0.033002179116010666,0.033002179116010666,1.0,-3.0,timeout
2019,-4.000534534454346,-0.021709904074668884,-0.0002472295891493559,0.03299776092171669,0.03299776092171669,1.0,-3.0,timeout
2020,-4.000526428222656,-0.02169041894376278,-0.00025221274700015783,0.0006776374648325145,0.0006595018203370273,0.0,-3.0,timeout
2021,-4.000525951385498,-0.021690629422664642,-0.00025163215468637645,2.438225783407688e-05,1.6288266124320216e-05,0.0,-3.0,timeout
2022,-4.00014066696167,-0.02070773020386696,-0.00024589142412878573,0.03299159184098244,0.03299110382795334,1.0,0.0,timeout
2023,-3.9997549057006836,-0.019724585115909576,-0.0002460390096530318,0.03300369903445244,0.03300369903445244,1.0,0.0,timeout
2024,-3.999368906021118,-0.018741637468338013,-0.00024636343005113304,0.033000677824020386,0.033000677824020386,1.0,-3.0,timeout
2025,-3.99898099899292,-0.017759384587407112,-0.0002466426230967045,0.03300231695175171,0.03300231695175171,1.0,0.0,timeout
2026,-3.9985928535461426,-0.016777323558926582,-0.00024685775861144066,0.03299947828054428,0.03299947828054428,1.0,-3.0,timeout
2027,-3.9982028007507324,-0.01579594984650612,-0.0002470385516062379,0.03300147131085396,0.03300147131085396,1.0,0.0,timeout
2028,-3.9981954097747803,-0.01577635295689106,-0.0002520668786019087,0.0006731083849444985,0.0006545100477524102,0.0,3.0,timeout
2029,-3.9978137016296387,-0.014811225235462189,-0.000246606272412464,0.03243386372923851,0.032433412969112396,1.0,-3.0,timeout
2030,-3.9974231719970703,-0.013830040581524372,-0.0002465458237566054,0.03300148993730545,0.03300148993730545,1.0,-3.0,timeout
2031,-3.9974148273468018,-0.013810758478939533,-0.0002516523818485439,0.0006756865186616778,0.0006565718213096261,0.0,-3.0,timeout
2032,-3.9974148273468018,-0.013810835778713226,-0.0002511931234039366,1.4553696928487625e-05,2.415617700535222e-06,0.0,3.0,timeout
2033,-3.9970295429229736,-0.012850234284996986,-0.0002456214861012995,0.03234383091330528,0.032343361526727676,1.0,-3.0,timeout
2034,-3.9966344833374023,-0.011870927177369595,-0.0002457308873999864,0.032999683171510696,0.0329996794462204,1.0,-3.0,timeout
2035,-3.99623703956604,-0.010892501100897789,-0.0002461176482029259,0.03300211951136589,0.03300211951136589,1.0,-3.0,timeout
2036,-3.995837688446045,-0.009914963506162167,-0.0002464416902512312,0.032998889684677124,0.032998889684677124,1.0,-3.0,timeout
2037,-3.995828866958618,-0.009895826689898968,-0.0002515834348741919,0.0006778253009542823,0.0006585053051821887,0.0,-3.0,timeout
2038,-3.9954326152801514,-0.008939661085605621,-0.00024624407524242997,0.03234482929110527,0.03234439715743065,1.0,-3.0,timeout
2039,-3.995427131652832,-0.00892663188278675,-0.0002511680359020829,0.0004677861579693854,0.000441754178609699,0.0,3.0,timeout
2040,-3.995426893234253,-0.008926774375140667,-0.0002507505414541811,1.5670218999730423e-05,8.67982362251496e-06,0.0,3.0,timeout
2041,-3.995032787322998,-0.007969745434820652,-0.0002452648477628827,0.032344184815883636,0.032343730330467224,1.0,-3.0,timeout
2042,-3.994628667831421,-0.006994100287556648,-0.00024544564075767994,0.0330008864402771,0.0330008864402771,1.0,-3.0,timeout
2043,-3.994222402572632,-0.006019352935254574,-0.0002458896196912974,0.03300071135163307,0.03300070762634277,1.0,-3.0,timeout
2044,-3.9942140579223633,-0.006000051740556955,-0.0002511518250685185,0.0006773829809390008,0.0006571193807758391,0.0,3.0,timeout
2045,-3.993816614151001,-0.005044498480856419,-0.00024589779786765575,0.032341428101062775,0.03234100714325905,1.0,3.0,timeout
2046,-3.9934139251708984,-0.004068290814757347,-0.000245964911300689,0.03300005570054054,0.03300005570054054,1.0,3.0,timeout
2047,-3.993013620376587,-0.0030911043286323547,-0.00024630490224808455,0.033000022172927856,0.03300001844763756,1.0,3.0,timeout
2048,-3.9930057525634766,-0.003071634331718087,-0.00025146277039311826,0.0006757423398084939,0.0006562375347130001,0.0,-3.0,timeout
2049,-3.992605209350586,-0.0020947661250829697,-0.0002460556279402226,0.03299407288432121,0.03299364075064659,1.0,0.0,timeout
2050,-3.992605209350586,-0.0020944192074239254,-0.00025116384495049715,0.00015999948664102703,1.0841175935638603e-05,0.0,0.0,timeout
2051,-3.9922125339508057,-0.0011368778068572283,-0.00024581191246397793,0.032341983169317245,0.03234155476093292,1.0,3.0,timeout
2052,-3.9922075271606445,-0.0011242872569710016,-0.00025079920305870473,0.00045119517017155886,0.0004234229272697121,0.0,-3.0,timeout
2053,-3.991814374923706,-0.00016695316298864782,-0.00024556726566515863,0.03234162554144859,0.03234121575951576,1.0,-3.0,timeout
2054,-3.9914116859436035,0.0008092106436379254,-0.0002457100781612098,0.032998789101839066,0.032998789101839066,1.0,3.0,timeout
2055,-3.9910106658935547,0.0017862465465441346,-0.0002460964897181839,0.033004146069288254,0.033004142343997955,1.0,0.0,timeout
2056,-3.9906094074249268,0.0027630520053207874,-0.0002464194840285927,0.033000316470861435,0.033000316470861435,1.0,-3.0,timeout
2057,-3.990206241607666,0.003739113686606288,-0.0002466879668645561,0.03300152346491814,0.03300152346491814,1.0,0.0,timeout
2058,-3.989802837371826,0.00471495883539319,-0.00024689387646503747,0.03299811854958534,0.032998114824295044,1.0,-3.0,timeout
2059,-3.9897942543029785,0.004734212066978216,-0.00025194420595653355,0.00067738420329988,0.0006587422685697675,0.0,-3.0,timeout
2060,-3.9897944927215576,0.004734225571155548,-0.00025142740923911333,1.779068225005176e-05,7.462521807610756e-06,0.0,3.0,timeout
2061,-3.989396333694458,0.005689505487680435,-0.0002458089147694409,0.03234219551086426,0.032341714948415756,1.0,-3.0,timeout
2062,-3.9893877506256104,0.005708708427846432,-0.0002507628523744643,0.0006752917543053627,0.0006573071586899459,0.0,-3.0,timeout
2063,-3.9893875122070312,0.005708652548491955,-0.00025046206428669393,1.2120786777813919e-05,7.652481144759804e-06,0.0,0.0,timeout
2064,-3.9889845848083496,0.0066620102152228355,-0.0002450412721373141,0.03234443813562393,0.032343994826078415,1.0,-3.0,timeout
2065,-3.988572359085083,0.007634129375219345,-0.00024527660571038723,0.03299718350172043,0.03299718350172043,1.0,3.0,timeout
2066,-3.988161563873291,0.008606974966824055,-0.00024574442068114877,0.03300067037343979,0.03300066664814949,1.0,-3.0,timeout
2067,-3.9877490997314453,0.009579148143529892,-0.00024615228176116943,0.033001650124788284,0.033001646399497986,1.0,3.0,timeout
2068,-3.987741470336914,0.009598727338016033,-0.000251352961640805,0.0006764737772755325,0.0006566609372384846,0.0,3.0,timeout
2069,-3.987337827682495,0.010560596361756325,-0.0002460105170030147,0.03259822726249695,0.032597798854112625,1.0,-3.0,timeout
2070,-3.986927032470703,0.011533450335264206,-0.0002460922987665981,0.03300091251730919,0.03300091251730919,1.0,-3.0,timeout
2071,-3.9869184494018555,0.011552611365914345,-0.0002512906794436276,0.0006759233074262738,0.0006561116897501051,0.0,-3.0,timeout
2072,-3.98651123046875,0.012504082173109055,-0.00024600900360383093,0.03234264627099037,0.03234222158789635,1.0,-3.0,timeout
2073,-3.9860942363739014,0.01347424741834402,-0.0002460653195157647,0.032999537885189056,0.03299953415989876,1.0,3.0,timeout
2074,-3.9856786727905273,0.01444515585899353,-0.0002463759738020599,0.03300325945019722,0.03300325945019722,1.0,-3.0,timeout
2075,-3.9852612018585205,0.015415119007229805,-0.00024664754164405167,0.03299961984157562,0.03299961984157562,1.0,-3.0,timeout
2076,-3.9848413467407227,0.016384126618504524,-0.00024686596589162946,0.033001743257045746,0.033001743257045746,1.0,-3.0,timeout
2077,-3.984419584274292,0.017352184280753136,-0.0002470408217050135,0.03299827128648758,0.03299827128648758,1.0,-3.0,timeout
2078,-3.984410285949707,0.017371132969856262,-0.0002520623675081879,0.0006780079565942287,0.0006595983286388218,0.0,-3.0,timeout
2079,-3.984410047531128,0.017371008172631264,-0.0002515216765459627,1.887366670416668e-05,8.409546353504993e-06,0.0,3.0,timeout
2080,-3.9839940071105957,0.018318695947527885,-0.00024588441010564566,0.03234387934207916,0.03234339877963066,1.0,-3.0,timeout
2081,-3.9839906692504883,0.01832669787108898,-0.0002508906472939998,0.0003128661774098873,0.0002709432446863502,0.0,3.0,timeout
2082,-3.9835751056671143,0.019274357706308365,-0.00024628324899822474,0.03233692795038223,0.03233661130070686,1.0,-3.0,timeout
2083,-3.9835662841796875,0.01929341070353985,-0.00025114440359175205,0.0006734836497344077,0.0006561274640262127,0.0,-3.0,timeout
2084,-3.9831459522247314,0.02023915946483612,-0.0002458764356561005,0.032342579215765,0.03234215825796127,1.0,-3.0,timeout
2085,-3.982714891433716,0.02120318077504635,-0.00024594878777861595,0.03300021216273308,0.03300021216273308,1.0,-3.0,timeout
2086,-3.9822819232940674,0.022166434675455093,-0.00024629716062918305,0.033002715557813644,0.033002711832523346,1.0,0.0,timeout
2087,-3.981849431991577,0.02312977984547615,-0.0002465902944095433,0.03299921005964279,0.03299921005964279,1.0,3.0,timeout
2088,-3.9818413257598877,0.02314912900328636,-0.00025170290609821677,0.000674768234603107,0.0006555806612595916,0.0,3.0,timeout
2089,-3.981421947479248,0.024095218628644943,-0.0002463386917952448,0.032340239733457565,0.032339803874492645,1.0,3.0,timeout
2090,-3.9809958934783936,0.025061486288905144,-0.00024630787083879113,0.033000875264406204,0.033000871539115906,1.0,-3.0,timeout
2091,-3.980567693710327,0.02602677047252655,-0.0002465787692926824,0.03299988806247711,0.03299988806247711,1.0,-3.0,timeout
2092,-3.9801371097564697,0.02699105441570282,-0.00024680999922566116,0.033001627773046494,0.033001627773046494,1.0,-3.0,timeout
2093,-3.9797046184539795,0.0279543474316597,-0.0002469958271831274,0.03299771994352341,0.03299771994352341,1.0,-3.0,timeout
2094,-3.9796953201293945,0.027973229065537453,-0.00025202639517374337,0.0006762441480532289,0.0006577177555300295,0.0,-3.0,timeout
2095,-3.9796946048736572,0.02797289565205574,-0.0002514832594897598,2.9937295039417222e-05,2.4660888811922632e-05,0.0,-3.0,timeout
2096,-3.97969388961792,0.027972590178251266,-0.0002507487661205232,3.342998752486892e-05,2.4304885300807655e-05,0.0,-3.0,timeout
2097,-3.9796934127807617,0.02797231636941433,-0.0002501465496607125,2.5483786885160953e-05,1.718309249554295e-05,0.0,-3.0,timeout
2098,-3.9792587757110596,0.028911663219332695,-0.000244777969783172,0.03234504163265228,0.03234460577368736,1.0,-3.0,timeout
2099,-3.978814125061035,0.02986941486597061,-0.0002450656611472368,0.03299802169203758,0.03299802169203758,1.0,3.0,timeout
2100,-3.9783716201782227,0.030828237533569336,-0.00024558533914387226,0.03300023078918457,0.03300022706389427,1.0,3.0,timeout
2101,-3.9779305458068848,0.03178780898451805,-0.00024600536562502384,0.03300278261303902,0.03300278261303902,1.0,-3.0,timeout
2102,-3.977921724319458,0.03180679678916931,-0.00025123366503976285,0.000674370676279068,0.0006542792543768883,0.0,-3.0,timeout
2103,-3.9774773120880127,0.03276330977678299,-0.000245883158640936,0.0329602025449276,0.03295977786183357,1.0,3.0,timeout
2104,-3.977034091949463,0.033721841871738434,-0.000246031821006909,0.033001359552145004,0.033001359552145004,1.0,-3.0,timeout
2105,-3.976588726043701,0.034679342061281204,-0.00024636200396344066,0.033000316470861435,0.033000316470861435,1.0,-3.0,timeout
2106,-3.9765801429748535,0.034698426723480225,-0.0002515302912797779,0.0006735839415341616,0.000653934373985976,0.0,3.0,timeout
2107,-3.9765796661376953,0.034698162227869034,-0.0002510754857212305,2.2189253286342137e-05,1.7040038073901087e-05,0.0,-3.0,timeout
2108,-3.976579189300537,0.03469793125987053,-0.00025042195920832455,2.6291203539585695e-05,1.6557189155719243e-05,0.0,-3.0,timeout
2109,-3.9761393070220947,0.035635124891996384,-0.000245008704951033,0.032353296875953674,0.032352857291698456,1.0,3.0,timeout
2110,-3.9756925106048584,0.036591947078704834,-0.0002452309418004006,0.03299999609589577,0.03299999609589577,1.0,-3.0,timeout
2111,-3.9752440452575684,0.037548039108514786,-0.0002457271621096879,0.03300143778324127,0.033001434057950974,1.0,3.0,timeout
2112,-3.974797487258911,0.038505084812641144,-0.00024612413835711777,0.033003173768520355,0.03300317004323006,1.0,0.0,timeout
2113,-3.974350690841675,0.0394618958234787,-0.00024644238874316216,0.0329996794462204,0.0329996794462204,1.0,-3.0,timeout
2114,-3.974341630935669,0.039480794221162796,-0.0002515833475627005,0.0006743491976521909,0.0006549326935783029,0.0,-3.0,timeout
2115,-3.9738988876342773,0.04041634872555733,-0.0002462432312313467,0.03234506770968437,0.03234463557600975,1.0,-3.0,timeout
2116,-3.973445177078247,0.04136988893151283,-0.000246243056608364,0.03299935162067413,0.032999347895383835,1.0,-3.0,timeout
2117,-3.972989797592163,0.042322687804698944,-0.00024653744185343385,0.0330008901655674,0.0330008901655674,1.0,3.0,timeout
2118,-3.97253680229187,0.043276578187942505,-0.00024677696637809277,0.032999638468027115,0.032999638468027115,1.0,3.0,timeout
2119,-3.972085475921631,0.04423125088214874,-0.00024695906904526055,0.03299940004944801,0.03299940004944801,1.0,-3.0,timeout
2120,-3.9716317653656006,0.045184873044490814,-0.0002471143670845777,0.03300166502594948,0.03300166502594948,1.0,-3.0,timeout
2121,-3.9711766242980957,0.0461377315223217,-0.0002472489723004401,0.03299935907125473,0.03299935907125473,1.0,3.0,timeout
2122,-3.971168041229248,0.04615692049264908,-0.0002522297145333141,0.000675096467602998,0.0006569086108356714,0.0,3.0,timeout
2123,-3.9711685180664062,0.04615700989961624,-0.00025164432008750737,2.375932854192797e-05,1.5160831935645547e-05,0.0,3.0,timeout
2124,-3.970728635787964,0.047093842178583145,-0.00024599264725111425,0.03234311565756798,0.032342635095119476,1.0,3.0,timeout
2125,-3.9702818393707275,0.04805070161819458,-0.00024601645418442786,0.03300105035305023,0.033001046627759933,1.0,-3.0,timeout
2126,-3.9698336124420166,0.04900681972503662,-0.00024635528097860515,0.03299901261925697,0.032999008893966675,1.0,3.0,timeout
2127,-3.969825267791748,0.04902619495987892,-0.00025151472073048353,0.0006786739686504006,0.0006592437857761979,0.0,3.0,timeout
2128,-3.969825506210327,0.049026310443878174,-0.0002510675694793463,1.624170909053646e-05,8.278594577859621e-06,0.0,0.0,timeout
2129,-3.969825267791748,0.049026187509298325,-0.00025041127810254693,2.215611129940953e-05,8.382710802834481e-06,0.0,-3.0,timeout
2130,-3.969825029373169,0.04902607202529907,-0.00024987597134895623,1.8664733943296596e-05,8.278594577859621e-06,0.0,-3.0,timeout
2131,-3.9693851470947266,0.0499628409743309,-0.00024456129176542163,0.03234127163887024,0.032340843230485916,1.0,-3.0,timeout
2132,-3.9689338207244873,0.05091763287782669,-0.0002448822488076985,0.03300276771187782,0.03300276771187782,1.0,-3.0,timeout
2133,-3.9684813022613525,0.05187167972326279,-0.00024544852203689516,0.03299767151474953,0.03299766778945923,1.0,3.0,timeout
2134,-3.9680306911468506,0.05282680317759514,-0.00024590626708231866,0.033002592623233795,0.0330025888979435,1.0,3.0,timeout
2135,-3.9675824642181396,0.05378298833966255,-0.0002462728589307517,0.03300091251730919,0.03300090879201889,1.0,3.0,timeout
2136,-3.967573881149292,0.0538020096719265,-0.00025143814855255187,0.00067180983023718,0.0006521299947053194,0.0,-3.0,timeout
2137,-3.967573881149292,0.05380198359489441,-0.00025101122446358204,1.3366241546464153e-05,8.149071959451248e-07,0.0,-3.0,timeout
2138,-3.96712327003479,0.05475682020187378,-0.000245394476223737,0.03299494832754135,0.032994482666254044,1.0,0.0,timeout
2139,-3.96667218208313,0.05571163818240166,-0.00024563647457398474,0.03300032392144203,0.03300032019615173,1.0,-3.0,timeout
2140,-3.966218948364258,0.05666539818048477,-0.0002460454998072237,0.032999154180288315,0.032999154180288315,1.0,-3.0,timeout
2141,-3.965764045715332,0.0576183907687664,-0.00024639369803480804,0.032999929040670395,0.032999929040670395,1.0,3.0,timeout
2142,-3.9657554626464844,0.05763760581612587,-0.0002515460073482245,0.0006770753534510732,0.0006576525629498065,0.0,3.0,timeout
2143,-3.9657552242279053,0.05763743445277214,-0.0002510877966415137,1.7006599591695704e-05,9.175417289952748e-06,0.0,-3.0,timeout
2144,-3.96531081199646,0.058572180569171906,-0.00024554593255743384,0.03234462812542915,0.032344166189432144,1.0,-3.0,timeout
2145,-3.964855432510376,0.05952489748597145,-0.0002456705260556191,0.03299858048558235,0.03299858048558235,1.0,-3.0,timeout
2146,-3.964397668838501,0.060476575046777725,-0.0002460692194290459,0.033001504838466644,0.033001504838466644,1.0,-3.0,timeout
2147,-3.963937759399414,0.06142720580101013,-0.000246402807533741,0.03300117701292038,0.03300117701292038,1.0,-3.0,timeout
2148,-3.9634764194488525,0.06237708404660225,-0.00024667970137670636,0.032999515533447266,0.032999515533447266,1.0,3.0,timeout
2149,-3.9634759426116943,0.06237722560763359,-0.00025186504353769124,0.00016278575640171766,1.5543952031293884e-05,0.0,0.0,timeout
2150,-3.9634759426116943,0.062377218157052994,-0.00025126704713329673,1.868883555289358e-05,2.3283062944301491e-07,0.0,3.0,timeout
2151,-3.9630281925201416,0.0633101686835289,-0.000245686765993014,0.03233896195888519,0.03233848884701729,1.0,3.0,timeout
2152,-3.9625730514526367,0.06426310539245605,-0.0002457717200741172,0.03300156444311142,0.03300156444311142,1.0,-3.0,timeout
2153,-3.962564468383789,0.06428221613168716,-0.00025104297674261034,0.0006750835455022752,0.0006546777440235019,0.0,3.0,timeout
2154,-3.962563991546631,0.06428200006484985,-0.0002506850869394839,1.9817123757093213e-05,1.6359561413992196e-05,0.0,-3.0,timeout
2155,-3.9621164798736572,0.06521552801132202,-0.00024523388128727674,0.032351985573768616,0.0323515385389328,1.0,3.0,timeout
2156,-3.9616622924804688,0.06616894155740738,-0.0002454162749927491,0.033002182841300964,0.033002182841300964,1.0,0.0,timeout
2157,-3.961207866668701,0.06712212413549423,-0.00024586092331446707,0.03299887478351593,0.03299887105822563,1.0,-3.0,timeout
2158,-3.9607510566711426,0.06807423382997513,-0.00024623554782010615,0.033000774681568146,0.033000774681568146,1.0,-3.0,timeout
2159,-3.9607415199279785,0.0680929645895958,-0.00025141838705167174,0.0006765120779164135,0.0006568381213583052,0.0,-3.0,timeout
2160,-3.9607410430908203,0.0680927038192749,-0.00025099670165218413,2.149658030248247e-05,1.69838731380878e-05,0.0,-3.0,timeout
2161,-3.960740566253662,0.0680924579501152,-0.00025035947328433394,2.6031179004348814e-05,1.6765421605668962e-05,0.0,-3.0,timeout
2162,-3.960740804672241,0.06809252500534058,-0.00024984515039250255,1.783901097951457e-05,7.739648935967125e-06,0.0,3.0,timeout
2163,-3.9602863788604736,0.06902250647544861,-0.00024452718207612634,0.03234633803367615,0.03234591335058212,1.0,-3.0,timeout
2164,-3.9598214626312256,0.06997066736221313,-0.0002448648738209158,0.03300030156970024,0.03300029784440994,1.0,3.0,timeout
2165,-3.9593582153320312,0.07091962546110153,-0.0002454151108395308,0.032999757677316666,0.03299975395202637,1.0,-3.0,timeout
2166,-3.958893060684204,0.07186773419380188,-0.00024588388623669744,0.03300211951136589,0.03300211578607559,1.0,0.0,timeout
2167,-3.958427667617798,0.07281561940908432,-0.0002462509728502482,0.032999128103256226,0.03299912437796593,1.0,-3.0,timeout
2168,-3.9579601287841797,0.07376266270875931,-0.0002465533325448632,0.03300514444708824,0.03300514444708824,1.0,0.0,timeout
2169,-3.9579505920410156,0.07378128170967102,-0.00025166833074763417,0.0006729858578182757,0.0006537277367897332,0.0,-3.0,timeout
2170,-3.9574899673461914,0.07470806688070297,-0.000246311305090785,0.03234238177537918,0.03234194964170456,1.0,-3.0,timeout
2171,-3.9570183753967285,0.07565292716026306,-0.0002463072305545211,0.03300034999847412,0.03300034999847412,1.0,3.0,timeout
2172,-3.9565491676330566,0.07659892737865448,-0.0002465789730194956,0.032999057322740555,0.032999057322740555,1.0,3.0,timeout
2173,-3.9560821056365967,0.07754605263471603,-0.0002468100283294916,0.033000845462083817,0.033000845462083817,1.0,3.0,timeout
2174,-3.9556169509887695,0.07849416881799698,-0.000246990384766832,0.033002324402332306,0.033002324402332306,1.0,0.0,timeout
2175,-3.9551520347595215,0.0794423446059227,-0.0002471455663908273,0.03300071507692337,0.03300071507692337,1.0,3.0,timeout
2176,-3.9546895027160645,0.08039158582687378,-0.00024726445553824306,0.03299790993332863,0.03299790993332863,1.0,3.0,timeout
2177,-3.954681396484375,0.08041098713874817,-0.00025224220007658005,0.0006752457702532411,0.0006570842233486474,0.0,3.0,timeout
2178,-3.9542319774627686,0.08134327828884125,-0.00024677079636603594,0.03234298154711723,0.03234252706170082,1.0,3.0,timeout
2179,-3.954223871231079,0.08136274665594101,-0.0002515472297091037,0.0006757104420103133,0.0006590181728824973,0.0,3.0,timeout
2180,-3.953770637512207,0.08231279253959656,-0.0002461072872392833,0.0328947976231575,0.03289436176419258,1.0,-3.0,timeout
2181,-3.9533138275146484,0.08326490223407745,-0.0002462101401761174,0.033000774681568146,0.033000774681568146,1.0,-3.0,timeout
2182,-3.9528555870056152,0.08421622961759567,-0.00024651482817716897,0.03299810737371445,0.03299810737371445,1.0,3.0,timeout
2183,-3.9528555870056152,0.08421657979488373,-0.0002517327375244349,0.0001634264481253922,1.094303934223717e-05,0.0,0.0,timeout
2184,-3.9528558254241943,0.08421673625707626,-0.0002511615748517215,1.994990452658385e-05,8.911666554922704e-06,0.0,3.0,timeout
2185,-3.9528555870056152,0.08421659469604492,-0.0002504772855900228,2.307288559677545e-05,8.664928827784024e-06,0.0,-3.0,timeout
2186,-3.9524075984954834,0.08514954894781113,-0.00024504258180968463,0.03234226629137993,0.03234182298183441,1.0,-3.0,timeout
2187,-3.951948404312134,0.08610042184591293,-0.0002452670887578279,0.032998260110616684,0.032998260110616684,1.0,-3.0,timeout
2188,-3.951486825942993,0.08705023676156998,-0.0002457464870531112,0.03300099074840546,0.03300098702311516,1.0,-3.0,timeout
2189,-3.95147705078125,0.0870688408613205,-0.0002510267950128764,0.0006771579501219094,0.0006567455129697919,0.0,-3.0,timeout
2190,-3.9510202407836914,0.08799752593040466,-0.00024579837918281555,0.03234274685382843,0.0323423370718956,1.0,-3.0,timeout
2191,-3.951010227203369,0.08801606297492981,-0.0002507698372937739,0.0006764807039871812,0.000658399541862309,0.0,-3.0,timeout
2192,-3.9505488872528076,0.08894255757331848,-0.00024557829601690173,0.032344184815883636,0.03234377130866051,1.0,-3.0,timeout
2193,-3.950076103210449,0.08988682925701141,-0.0002457107766531408,0.033000554889440536,0.033000554889440536,1.0,-3.0,timeout
2194,-3.949601173400879,0.09083005040884018,-0.0002461024560034275,0.033001307398080826,0.033001307398080826,1.0,-3.0,timeout
2195,-3.9495909214019775,0.0908484160900116,-0.00025131163420155644,0.0006771502085030079,0.0006572920829057693,0.0,-3.0,timeout
2196,-3.9491126537323,0.09178926795721054,-0.0002459414827171713,0.032982759177684784,0.03298233076930046,1.0,3.0,timeout
2197,-3.9486358165740967,0.0927315205335617,-0.00024608231615275145,0.03300114721059799,0.033001143485307693,1.0,-3.0,timeout
2198,-3.9486258029937744,0.09275000542402267,-0.0002512848877813667,0.0006767841405235231,0.000656966061796993,0.0,-3.0,timeout
2199,-3.948625087738037,0.0927496924996376,-0.00025088965776376426,2.734543159021996e-05,2.439727177261375e-05,0.0,-3.0,timeout
2200,-3.9481515884399414,0.09366992115974426,-0.00024538818979635835,0.03234114497900009,0.03234068676829338,1.0,-3.0,timeout
2201,-3.9476661682128906,0.09460776299238205,-0.00024554471019655466,0.033000651746988297,0.033000651746988297,1.0,-3.0,timeout
2202,-3.947179079055786,0.09554482251405716,-0.00024597812443971634,0.03300296887755394,0.03300296515226364,1.0,3.0,timeout
2203,-3.947169065475464,0.09556329995393753,-0.00025120226200670004,0.0006767477025277913,0.0006567614036612213,0.0,-3.0,timeout
2204,-3.9466912746429443,0.0964813083410263,-0.00024593822308816016,0.0323411226272583,0.03234070539474487,1.0,-3.0,timeout
2205,-3.9462013244628906,0.09741687029600143,-0.0002459991374053061,0.0330028273165226,0.0330028273165226,1.0,-3.0,timeout
2206,-3.945709466934204,0.09835131466388702,-0.0002463329001329839,0.032999616116285324,0.032999616116285324,1.0,-3.0,timeout
2207,-3.945215940475464,0.09928496181964874,-0.00024662306532263756,0.033001914620399475,0.03300191089510918,1.0,3.0,timeout
2208,-3.9447243213653564,0.1002194955945015,-0.0002468367456458509,0.032998621463775635,0.032998621463775635,1.0,-3.0,timeout
2209,-3.944230318069458,0.1011529192328453,-0.0002470168983563781,0.03300270438194275,0.03300270438194275,1.0,-3.0,timeout
2210,-3.9437344074249268,0.10208522528409958,-0.00024716148618608713,0.03299979120492935,0.03299979120492935,1.0,-3.0,timeout
2211,-3.9437336921691895,0.102085180580616,-0.00025226001162081957,0.000160895157023333,2.23953538807109e-05,0.0,0.0,timeout
2212,-3.9432454109191895,0.10299772769212723,-0.00024668866535648704,0.03234324976801872,0.032342780381441116,1.0,-3.0,timeout
2213,-3.9432449340820312,0.10299817472696304,-0.00025158177595585585,0.0001542678801342845,2.0425499315024354e-05,0.0,3.0,timeout
2214,-3.942753314971924,0.10391631722450256,-0.0002460976247675717,0.03254661709070206,0.03254616633057594,1.0,-3.0,timeout
2215,-3.9422528743743896,0.10484624654054642,-0.0002461503609083593,0.03300108388066292,0.03300108388066292,1.0,-3.0,timeout
2216,-3.941751003265381,0.1057753786444664,-0.0002464641002006829,0.03300036862492561,0.03300036862492561,1.0,3.0,timeout
2217,-3.941250801086426,0.1067054271697998,-0.00024670897983014584,0.03300083428621292,0.03300083428621292,1.0,-3.0,timeout
2218,-3.940748691558838,0.10763435810804367,-0.00024691474391147494,0.03299838304519653,0.032998379319906235,1.0,-3.0,timeout
2219,-3.9402449131011963,0.10856246948242188,-0.0002470891340635717,0.033000700175762177,0.033000700175762177,1.0,3.0,timeout
2220,-3.940234661102295,0.10858025401830673,-0.0002520936541259289,0.0006602840148843825,0.0006414957460947335,0.0,-3.0,timeout
2221,-3.9402341842651367,0.10857998579740524,-0.00025153407477773726,2.4455899620079435e-05,1.7096808733185753e-05,0.0,-3.0,timeout
2222,-3.9397380352020264,0.10948819667100906,-0.0002459035604260862,0.032340992242097855,0.03234051540493965,1.0,-3.0,timeout
2223,-3.93923020362854,0.1104140430688858,-0.00024596648290753365,0.03299923613667488,0.03299923613667488,1.0,3.0,timeout
2224,-3.939220666885376,0.11043065041303635,-0.00025118718622252345,0.0006203019293025136,0.0005984626477584243,0.0,-3.0,timeout
2225,-3.939220428466797,0.11043045669794083,-0.0002508019970264286,1.5396442904602736e-05,9.599853001418523e-06,0.0,-3.0,timeout
2226,-3.9387199878692627,0.11133638024330139,-0.00024531740928068757,0.03234289214015007,0.03234243765473366,1.0,-3.0,timeout
2227,-3.9382071495056152,0.11225953698158264,-0.00024548781220801175,0.03300126641988754,0.03300126641988754,1.0,-3.0,timeout
2228,-3.9381964206695557,0.11227759718894958,-0.000250805402174592,0.0006771635380573571,0.000656457559671253,0.0,-3.0,timeout
2229,-3.9381964206695557,0.11227758228778839,-0.00025051567354239523,9.065985977940727e-06,4.6566125888602983e-07,0.0,3.0,timeout
2230,-3.9376912117004395,0.11318100988864899,-0.0002450792526360601,0.03234710171818733,0.03234665468335152,1.0,-3.0,timeout
2231,-3.937173843383789,0.11410163342952728,-0.0002452974149491638,0.03300120681524277,0.03300120681524277,1.0,-3.0,timeout
2232,-3.9371628761291504,0.11411956697702408,-0.00025065327645279467,0.0006779003306291997,0.0006569139077328146,0.0,-3.0,timeout
2233,-3.9371628761291504,0.11411949247121811,-0.00025039399042725563,8.430572961515281e-06,2.3283064365386963e-06,0.0,3.0,timeout
2234,-3.9366540908813477,0.11502083390951157,-0.00024499226128682494,0.032345000654459,0.03234456107020378,1.0,3.0,timeout
2235,-3.9361376762390137,0.11594197899103165,-0.00024522640160284936,0.03300083056092262,0.03300083056092262,1.0,3.0,timeout
2236,-3.936129093170166,0.1159573495388031,-0.0002506015880499035,0.0005752168362960219,0.0005501445266418159,0.0,-3.0,timeout
2237,-3.935612440109253,0.11687818169593811,-0.0002453510242048651,0.03299635276198387,0.03299594670534134,1.0,0.0,timeout
2238,-3.935096025466919,0.117799311876297,-0.00024562611361034214,0.03300042822957039,0.03300042450428009,1.0,3.0,timeout
2239,-3.9345812797546387,0.11872128397226334,-0.00024602824123576283,0.03299792483448982,0.032997921109199524,1.0,-3.0,timeout
2240,-3.9340641498565674,0.11964204162359238,-0.0002463692217133939,0.033001214265823364,0.033001210540533066,1.0,-3.0,timeout
2241,-3.933544874191284,0.12056157737970352,-0.0002466430887579918,0.033000845462083817,0.033000845462083817,1.0,-3.0,timeout
2242,-3.933023452758789,0.12147990614175797,-0.0002468623570166528,0.033001065254211426,0.033001065254211426,1.0,-3.0,timeout
2243,-3.933022975921631,0.12147992104291916,-0.00025202083634212613,0.00016189039160963148,1.4908434422977734e-05,0.0,0.0,timeout
2244,-3.933022975921631,0.1214798241853714,-0.00025139193166978657,1.9884982975781895e-05,3.0267981401266297e-06,0.0,3.0,timeout
2245,-3.932511568069458,0.12237973511219025,-0.0002457759983371943,0.03234653174877167,0.032346054911613464,1.0,-3.0,timeout
2246,-3.9325006008148193,0.12239763885736465,-0.0002507368626538664,0.0006741856341250241,0.0006561195477843285,0.0,-3.0,timeout
2247,-3.932499885559082,0.12239726632833481,-0.00025043648201972246,2.6893108952208422e-05,2.520169800845906e-05,0.0,-3.0,timeout
2248,-3.9319827556610107,0.12329366058111191,-0.000245024828473106,0.03233997896313667,0.032339535653591156,1.0,-3.0,timeout
2249,-3.931452751159668,0.12420707195997238,-0.0002452541084494442,0.03300131484866142,0.03300131484866142,1.0,-3.0,timeout
2250,-3.9309206008911133,0.12511928379535675,-0.0002457364462316036,0.033002641052007675,0.03300263732671738,1.0,-3.0,timeout
2251,-3.930386543273926,0.1260303109884262,-0.0002461368858348578,0.03300077095627785,0.03300077095627785,1.0,-3.0,timeout
2252,-3.9298505783081055,0.12694014608860016,-0.00024645793018862605,0.03299885243177414,0.03299884870648384,1.0,-3.0,timeout
2253,-3.9293124675750732,0.1278488039970398,-0.0002467148005962372,0.03300127387046814,0.03300127387046814,1.0,-3.0,timeout
2254,-3.928772211074829,0.12875626981258392,-0.00024692024453543127,0.03300347924232483,0.03300347924232483,1.0,-3.0,timeout
2255,-3.9282302856445312,0.12966257333755493,-0.00024708456476219,0.03299901261925697,0.03299901261925697,1.0,-3.0,timeout
2256,-3.927686929702759,0.1305680125951767,-0.0002472246706020087,0.032998811453580856,0.032998811453580856,1.0,3.0,timeout
2257,-3.927676200866699,0.13058596849441528,-0.0002522098948247731,0.0006719655939377844,0.000653657247312367,0.0,3.0,timeout
2258,-3.92714786529541,0.13147598505020142,-0.00024674361338838935,0.032344844192266464,0.03234439343214035,1.0,3.0,timeout
2259,-3.927147388458252,0.13147638738155365,-0.000251608929829672,0.00015328610606957227,1.949669785972219e-05,0.0,-3.0,timeout
2260,-3.9266116619110107,0.13238036632537842,-0.00024609582033008337,0.03283795341849327,0.03283750265836716,1.0,3.0,timeout
2261,-3.926074743270874,0.13328978419303894,-0.00024617984308861196,0.033002760261297226,0.03300275653600693,1.0,-3.0,timeout
2262,-3.9260668754577637,0.133304163813591,-0.0002513937943149358,0.0005375192849896848,0.0005122293368913233,0.0,3.0,timeout
2263,-3.9255411624908447,0.1341957300901413,-0.0002460712566971779,0.03234477341175079,0.03234434500336647,1.0,3.0,timeout
2264,-3.925006866455078,0.13510653376579285,-0.00024609320098534226,0.03299851343035698,0.03299851343035698,1.0,-3.0,timeout
2265,-3.9244701862335205,0.1360160857439041,-0.0002464070566929877,0.0330025814473629,0.0330025777220726,1.0,-3.0,timeout
2266,-3.92393159866333,0.1369243860244751,-0.0002466726873535663,0.03299925848841667,0.03299925476312637,1.0,-3.0,timeout
2267,-3.923391342163086,0.13783177733421326,-0.00024689571000635624,0.033001478761434555,0.033001478761434555,1.0,3.0,timeout
2268,-3.9228527545928955,0.13874012231826782,-0.0002470546751283109,0.033000461757183075,0.033000461757183075,1.0,-3.0,timeout
2269,-3.9223127365112305,0.13964758813381195,-0.0002472008636686951,0.0329996682703495,0.0329996682703495,1.0,3.0,timeout
2270,-3.9217748641967773,0.14055632054805756,-0.0002473084314260632,0.03299948200583458,0.03299948200583458,1.0,3.0,timeout
2271,-3.921238422393799,0.14146597683429718,-0.0002473840140737593,0.033001601696014404,0.033001601696014404,1.0,-3.0,timeout
2272,-3.9207000732421875,0.14237438142299652,-0.0002474540669936687,0.03299826383590698,0.03299826383590698,1.0,-3.0,timeout
2273,-3.9201595783233643,0.1432817429304123,-0.0002475155924912542,0.03300449252128601,0.03300449252128601,1.0,0.0,timeout
2274,-3.9196197986602783,0.1441892385482788,-0.00024756568018347025,0.032996661961078644,0.032996661961078644,1.0,3.0,timeout
2275,-3.919081926345825,0.1450980007648468,-0.00024760005180723965,0.03300028666853905,0.03300028666853905,1.0,3.0,timeout
2276,-3.919074058532715,0.14511114358901978,-0.000252525438554585,0.0005028198938816786,0.0004786825447808951,0.0,-3.0,timeout
2277,-3.918546438217163,0.14600136876106262,-0.00024697082699276507,0.03233906626701355,0.03233860060572624,1.0,-3.0,timeout
2278,-3.9180054664611816,0.14690837264060974,-0.00024682338698767126,0.033002518117427826,0.033002518117427826,1.0,-3.0,timeout
2279,-3.917994260787964,0.146926149725914,-0.0002518734836485237,0.0006753871566615999,0.0006566902156919241,0.0,-3.0,timeout
2280,-3.917994499206543,0.14692619442939758,-0.0002513699873816222,1.7465095879742876e-05,7.580415967822773e-06,0.0,3.0,timeout
2281,-3.9174609184265137,0.1478154957294464,-0.0002457530936226249,0.032409682869911194,0.03240920603275299,1.0,-3.0,timeout
2282,-3.9169161319732666,0.1487201452255249,-0.00024585516075603664,0.03300069272518158,0.03300069272518158,1.0,3.0,timeout
2283,-3.9169087409973145,0.1487317681312561,-0.00025112336152233183,0.0004608420131262392,0.0004304322355892509,0.0,-3.0,timeout
2284,-3.9163742065429688,0.1496180146932602,-0.00024584188940934837,0.03234319016337395,0.03234276920557022,1.0,-3.0,timeout
2285,-3.9158265590667725,0.15052098035812378,-0.000245920498855412,0.03300190344452858,0.03300189971923828,1.0,-3.0,timeout
2286,-3.9152770042419434,0.15142269432544708,-0.0002462698321323842,0.032999444752931595,0.032999444752931595,1.0,-3.0,timeout
2287,-3.9147253036499023,0.1523231565952301,-0.0002465633151587099,0.03300103172659874,0.03300103172659874,1.0,-3.0,timeout
2288,-3.9141716957092285,0.15322238206863403,-0.00024679885245859623,0.03299929201602936,0.03299929201602936,1.0,-3.0,timeout
2289,-3.91361665725708,0.15412072837352753,-0.0002469963801559061,0.032999373972415924,0.032999373972415924,1.0,3.0,timeout
2290,-3.9130637645721436,0.15502043068408966,-0.0002471444895491004,0.03300027549266815,0.03300027549266815,1.0,3.0,timeout
2291,-3.9130566120147705,0.15503138303756714,-0.0002521718561183661,0.00043793232180178165,0.0004087818961124867,0.0,-3.0,timeout
2292,-3.912504196166992,0.1559307724237442,-0.0002465939614921808,0.03298460319638252,0.03298414126038551,1.0,3.0,timeout
2293,-3.9119529724121094,0.1568315029144287,-0.00024660254712216556,0.033000398427248,0.033000398427248,1.0,-3.0,timeout
2294,-3.9119417667388916,0.15684925019741058,-0.0002517003158573061,0.0006749713211320341,0.000655902549624443,0.0,-3.0,timeout
2295,-3.9113869667053223,0.15774735808372498,-0.000246251787757501,0.03298955783247948,0.03298912197351456,1.0,3.0,timeout
2296,-3.910834312438965,0.15864716470241547,-0.00024634075816720724,0.032999150454998016,0.032999150454998016,1.0,3.0,timeout
2297,-3.9102838039398193,0.15954826772212982,-0.00024660993949510157,0.032998669892549515,0.032998669892549515,1.0,3.0,timeout
2298,-3.9097344875335693,0.16045023500919342,-0.0002468246384523809,0.0330023318529129,0.0330023318529129,1.0,-3.0,timeout
2299,-3.9091832637786865,0.16135089099407196,-0.00024700642097741365,0.03299841284751892,0.03299841284751892,1.0,-3.0,timeout
2300,-3.9091830253601074,0.16135112941265106,-0.0002521358837839216,0.0001606416335562244,1.0536711670283694e-05,0.0,0.0,timeout
2301,-3.9086403846740723,0.1622324287891388,-0.0002465889847371727,0.03234304487705231,0.032342579215765,1.0,-3.0,timeout
2302,-3.9080843925476074,0.16313031315803528,-0.0002465153520461172,0.03300277516245842,0.03300277516245842,1.0,-3.0,timeout
2303,-3.9075264930725098,0.16402694582939148,-0.00024674535961821675,0.03300097584724426,0.033000972121953964,1.0,-3.0,timeout
2304,-3.907514810562134,0.1640443354845047,-0.0002518254332244396,0.0006736446521244943,0.0006546715158037841,0.0,-3.0,timeout
2305,-3.906953811645508,0.16493840515613556,-0.0002463519340381026,0.03298481926321983,0.03298437222838402,1.0,3.0,timeout
2306,-3.9063940048217773,0.16583383083343506,-0.00024641104391776025,0.03300051391124725,0.033000510185956955,1.0,-3.0,timeout
2307,-3.905832052230835,0.16672798991203308,-0.00024666570243425667,0.033002592623233795,0.0330025888979435,1.0,-3.0,timeout
2308,-3.9052681922912598,0.16762086749076843,-0.00024687996483407915,0.03300048038363457,0.03300048038363457,1.0,-3.0,timeout
2309,-3.9047024250030518,0.1685124635696411,-0.0002470519975759089,0.032998520880937576,0.032998520880937576,1.0,-3.0,timeout
2310,-3.904134511947632,0.1694028079509735,-0.00024718971690163016,0.03300151601433754,0.03300151228904724,1.0,-3.0,timeout
2311,-3.9035651683807373,0.1702922284603119,-0.0002473088970873505,0.03300125524401665,0.03300125524401665,1.0,3.0,timeout
2312,-3.9029974937438965,0.17118269205093384,-0.0002473852946422994,0.033000648021698,0.033000648021698,1.0,-3.0,timeout
2313,-3.902427911758423,0.1720718890428543,-0.00024745563860051334,0.032999392598867416,0.032999392598867416,1.0,-3.0,timeout
2314,-3.9018564224243164,0.1729598194360733,-0.0002475124201737344,0.03299828991293907,0.03299828991293907,1.0,-3.0,timeout
2315,-3.9018442630767822,0.17297695577144623,-0.0002524395822547376,0.000674435927066952,0.0006566246738657355,0.0,-3.0,timeout
2316,-3.9012694358825684,0.17386238276958466,-0.00024684288655407727,0.03298967704176903,0.03298921510577202,1.0,3.0,timeout
2317,-3.900696039199829,0.17474913597106934,-0.000246804062044248,0.032999686896800995,0.032999686896800995,1.0,-3.0,timeout
2318,-3.900120496749878,0.17563459277153015,-0.0002469800820108503,0.03300217166543007,0.03300217166543007,1.0,-3.0,timeout
2319,-3.9001197814941406,0.17563456296920776,-0.0002521143760532141,0.00016199877427425236,2.237113585579209e-05,0.0,0.0,timeout
2320,-3.8995537757873535,0.17650103569030762,-0.00024657195899635553,0.03234289214015007,0.03234242647886276,1.0,-3.0,timeout
2321,-3.898974895477295,0.177384153008461,-0.00024651159765198827,0.032997965812683105,0.032997965812683105,1.0,3.0,timeout
2322,-3.898969888687134,0.17739081382751465,-0.0002516737731639296,0.0003063177864532918,0.0002603979373816401,0.0,-3.0,timeout
2323,-3.8989696502685547,0.17739075422286987,-0.00025114824529737234,1.8129730960936286e-05,7.679882401134819e-06,0.0,0.0,timeout
2324,-3.898402452468872,0.17825645208358765,-0.0002455988433212042,0.032343022525310516,0.03234255686402321,1.0,3.0,timeout
2325,-3.8983914852142334,0.17827433347702026,-0.0002505959419067949,0.000673867529258132,0.0006555240834131837,0.0,3.0,timeout
2326,-3.8978285789489746,0.1791428178548813,-0.0002454375789966434,0.03234269469976425,0.03234229236841202,1.0,3.0,timeout
2327,-3.897817850112915,0.17916090786457062,-0.00025048069073818624,0.0006758886738680303,0.0006572584388777614,0.0,3.0,timeout
2328,-3.897818088531494,0.17916108667850494,-0.00025022574118338525,1.2256101399543695e-05,9.313225746154785e-06,0.0,0.0,timeout
2329,-3.897818088531494,0.17916125059127808,-0.000249742268351838,1.5953221009112895e-05,5.122273705637781e-06,0.0,0.0,timeout
2330,-3.897258758544922,0.18003198504447937,-0.00024445060989819467,0.03234120458364487,0.03234078362584114,1.0,-3.0,timeout
2331,-3.896685838699341,0.18091905117034912,-0.00024479362764395773,0.03299981728196144,0.03299981355667114,1.0,-3.0,timeout
2332,-3.896110773086548,0.18180477619171143,-0.0002453677589073777,0.03300108760595322,0.03300108388066292,1.0,-3.0,timeout
2333,-3.8955342769622803,0.18268956243991852,-0.00024585137725807726,0.03300086781382561,0.03300086408853531,1.0,3.0,timeout
2334,-3.8949594497680664,0.1835753470659256,-0.0002462195116095245,0.03299859166145325,0.03299858793616295,1.0,-3.0,timeout
2335,-3.8943827152252197,0.1844600886106491,-0.0002465279249008745,0.03300376236438751,0.033003758639097214,1.0,0.0,timeout
2336,-3.893805742263794,0.18534457683563232,-0.00024676608154550195,0.03300120308995247,0.03300119936466217,1.0,-3.0,timeout
2337,-3.8932268619537354,0.18622775375843048,-0.00024696055334061384,0.03299952670931816,0.03299952670931816,1.0,-3.0,timeout
2338,-3.893214702606201,0.18624486029148102,-0.00025199822266586125,0.0006744943675585091,0.0006558653549291193,0.0,-3.0,timeout
2339,-3.8926432132720947,0.18710777163505554,-0.0002465754223521799,0.03234405815601349,0.03234361112117767,1.0,-3.0,timeout
2340,-3.8920581340789795,0.1879868507385254,-0.000246509094722569,0.0329994335770607,0.0329994335770607,1.0,-3.0,timeout
2341,-3.892045736312866,0.188003808259964,-0.00025162281235679984,0.0006756161455996335,0.0006564449868164957,0.0,-3.0,timeout
2342,-3.8914575576782227,0.1888803243637085,-0.0002461888361722231,0.032987095415592194,0.032986659556627274,1.0,3.0,timeout
2343,-3.8908705711364746,0.18975821137428284,-0.0002462808333802968,0.03300151973962784,0.03300151973962784,1.0,-3.0,timeout
2344,-3.890282154083252,0.19063514471054077,-0.00024657134781591594,0.03300163894891739,0.03300163522362709,1.0,3.0,timeout
2345,-3.890270948410034,0.1906527876853943,-0.0002516875683795661,0.0006724324193783104,0.0006531486287713051,0.0,3.0,timeout
2346,-3.889686346054077,0.19153150916099548,-0.0002462217817083001,0.03298231586813927,0.03298187255859375,1.0,-3.0,timeout
2347,-3.889674425125122,0.191548690199852,-0.0002511972561478615,0.0006717310170643032,0.0006534886779263616,0.0,-3.0,timeout
2348,-3.889097213745117,0.1924077868461609,-0.00024592384579591453,0.032344091683626175,0.03234367445111275,1.0,-3.0,timeout
2349,-3.8885061740875244,0.19328293204307556,-0.0002459871757309884,0.03300105035305023,0.033001046627759933,1.0,-3.0,timeout
2350,-3.8879129886627197,0.1941567361354828,-0.00024632332497276366,0.03300394117832184,0.03300394117832184,1.0,-3.0,timeout
2351,-3.8873181343078613,0.19502921402454376,-0.00024660618510097265,0.03299901261925697,0.03299901261925697,1.0,-3.0,timeout
2352,-3.886721134185791,0.19590036571025848,-0.00024683322408236563,0.033002641052007675,0.033002641052007675,1.0,-3.0,timeout
2353,-3.886122465133667,0.19677017629146576,-0.00024701489019207656,0.03299761936068535,0.03299761563539505,1.0,-3.0,timeout
2354,-3.886117696762085,0.19677633047103882,-0.0002521127462387085,0.00029080879176035523,0.0002432914188830182,0.0,3.0,timeout
2355,-3.885531425476074,0.19762922823429108,-0.00024660819326527417,0.032343052327632904,0.03234259411692619,1.0,3.0,timeout
2356,-3.884935140609741,0.19850078225135803,-0.00024652137653902173,0.03300038352608681,0.03300038352608681,1.0,-3.0,timeout
2357,-3.8843367099761963,0.19937099516391754,-0.00024674981250427663,0.033003754913806915,0.033003754913806915,1.0,-3.0,timeout
2358,-3.8837366104125977,0.2002398520708084,-0.0002469471364747733,0.0329984575510025,0.0329984575510025,1.0,-3.0,timeout
2359,-3.883134365081787,0.20110736787319183,-0.0002471058105584234,0.03300217539072037,0.03300217539072037,1.0,-3.0,timeout
2360,-3.8825302124023438,0.2019735425710678,-0.0002472328196745366,0.033001821488142014,0.033001817762851715,1.0,-3.0,timeout
2361,-3.8819243907928467,0.20283837616443634,-0.00024733447935432196,0.03299735113978386,0.03299735113978386,1.0,-3.0,timeout
2362,-3.881911277770996,0.2028549313545227,-0.0002522975264582783,0.0006779575487598777,0.0006599787157028913,0.0,-3.0,timeout
2363,-3.8813023567199707,0.2037172019481659,-0.000246729061473161,0.03298801928758621,0.0329875573515892,1.0,3.0,timeout
2364,-3.880695343017578,0.20458124577999115,-0.000246722309384495,0.03299853950738907,0.03299853950738907,1.0,3.0,timeout
2365,-3.88008975982666,0.20544636249542236,-0.0002469048777129501,0.03300032392144203,0.03300032392144203,1.0,-3.0,timeout
2366,-3.880077362060547,0.2054632604122162,-0.00025195241323672235,0.0006736689247190952,0.0006549422978423536,0.0,-3.0,timeout
2367,-3.8794796466827393,0.2063083052635193,-0.0002465385477989912,0.032346293330192566,0.03234585374593735,1.0,-3.0,timeout
2368,-3.8788678646087646,0.2071690559387207,-0.00024647937971167266,0.033000487834215164,0.033000487834215164,1.0,-3.0,timeout
2369,-3.8782541751861572,0.2080284208059311,-0.000246716954279691,0.03299980238080025,0.03299980238080025,1.0,-3.0,timeout
2370,-3.8782413005828857,0.20804497599601746,-0.00025180287775583565,0.0006743749254383147,0.0006553786806762218,0.0,-3.0,timeout
2371,-3.8776357173919678,0.20888441801071167,-0.0002464192220941186,0.032346732914447784,0.032346297055482864,1.0,-3.0,timeout
2372,-3.877622604370117,0.20890091359615326,-0.00025126649416051805,0.0006757169612683356,0.0006585196242667735,0.0,-3.0,timeout
2373,-3.8770132064819336,0.20973746478557587,-0.00024597556330263615,0.0323435477912426,0.03234312683343887,1.0,-3.0,timeout
2374,-3.8770129680633545,0.20973771810531616,-0.0002510158810764551,0.00015788462769705802,1.0870971891563386e-05,0.0,3.0,timeout
2375,-3.8763911724090576,0.21059061586856842,-0.00024558015866205096,0.03298457711935043,0.032984137535095215,1.0,-3.0,timeout
2376,-3.8763906955718994,0.2105908989906311,-0.0002507850294932723,0.0001635728112887591,1.732985765556805e-05,0.0,3.0,timeout
2377,-3.876389980316162,0.21059037744998932,-0.00025037903105840087,3.0433553547482006e-05,2.76627888524672e-05,0.0,-3.0,timeout
2378,-3.876389503479004,0.2105899304151535,-0.000249860662734136,2.6069308660225943e-05,2.0425499315024354e-05,0.0,-3.0,timeout
2379,-3.8763887882232666,0.21058954298496246,-0.0002494360669516027,2.8674739951384254e-05,2.5420156816835515e-05,0.0,-3.0,timeout
2380,-3.8757741451263428,0.2114221751689911,-0.000244209571974352,0.03234170749783516,0.03234129399061203,1.0,-3.0,timeout
2381,-3.8751447200775146,0.21227023005485535,-0.0002446014550514519,0.03300350531935692,0.03300350159406662,1.0,-3.0,timeout
2382,-3.874513864517212,0.21311712265014648,-0.0002452190383337438,0.03300103545188904,0.03300103172659874,1.0,0.0,timeout
2383,-3.8745014667510986,0.21313391625881195,-0.0002506118034943938,0.0006737341172993183,0.0006523169577121735,0.0,3.0,timeout
2384,-3.8745009899139404,0.21313373744487762,-0.00025034532882273197,1.7961459889193065e-05,1.5914445611997508e-05,0.0,0.0,timeout
2385,-3.8745007514953613,0.21313358843326569,-0.0002498386602383107,1.8107773939846084e-05,8.786078979028389e-06,0.0,0.0,timeout
2386,-3.8738842010498047,0.21396487951278687,-0.0002445279969833791,0.032343484461307526,0.0323430597782135,1.0,-3.0,timeout
2387,-3.873253107070923,0.2148115634918213,-0.00024485602625645697,0.03300025686621666,0.03300025686621666,1.0,-3.0,timeout
2388,-3.872620105743408,0.2156568318605423,-0.00024541799211874604,0.03300049528479576,0.03300049155950546,1.0,-3.0,timeout
2389,-3.871985673904419,0.21650108695030212,-0.0002458913659211248,0.033001989126205444,0.033001985400915146,1.0,3.0,timeout
2390,-3.8713529109954834,0.21734647452831268,-0.0002462515840306878,0.032999008893966675,0.032999008893966675,1.0,-3.0,timeout
2391,-3.8713505268096924,0.2173495590686798,-0.00025152036687359214,0.00020482175750657916,0.00012182983482489362,0.0,3.0,timeout
2392,-3.8707308769226074,0.21817846596240997,-0.00024611756089143455,0.03234158456325531,0.03234114497900009,1.0,3.0,timeout
2393,-3.870100259780884,0.21902552247047424,-0.000246128038270399,0.03300068899989128,0.03300068899989128,1.0,-3.0,timeout
2394,-3.8694682121276855,0.21987156569957733,-0.00024644494988024235,0.033002033829689026,0.03300203010439873,1.0,3.0,timeout
2395,-3.8694562911987305,0.21988865733146667,-0.0002515864325687289,0.0006707237916998565,0.0006511951214633882,0.0,3.0,timeout
2396,-3.8688406944274902,0.22072075307369232,-0.00024624535581097007,0.032345954328775406,0.03234552592039108,1.0,3.0,timeout
2397,-3.8682143688201904,0.22157098352909088,-0.0002462333650328219,0.033000584691762924,0.033000584691762924,1.0,-3.0,timeout
2398,-3.867586612701416,0.22242017090320587,-0.00024652955471538007,0.03300090134143829,0.03300090134143829,1.0,3.0,timeout
2399,-3.866960287094116,0.22327038645744324,-0.00024676084285601974,0.03300020843744278,0.03300020843744278,1.0,-3.0,timeout
2400,-3.866957902908325,0.22327424585819244,-0.0002519249974284321,0.000214803236303851,0.00014176384138409048,0.0,3.0,timeout
2401,-3.8663315773010254,0.2241237610578537,-0.0002463395649101585,0.03298305347561836,0.03298259153962135,1.0,-3.0,timeout
2402,-3.8657033443450928,0.2249724119901657,-0.00024640627088956535,0.0329962857067585,0.0329962857067585,1.0,-3.0,timeout
2403,-3.865072727203369,0.22581961750984192,-0.0002466621808707714,0.03300442546606064,0.03300442546606064,1.0,-3.0,timeout
2404,-3.8650596141815186,0.22583594918251038,-0.00025175922201015055,0.0006736202631145716,0.0006545176729559898,0.0,-3.0,timeout
2405,-3.8644378185272217,0.22666339576244354,-0.00024638415197841823,0.03234528377652168,0.032344844192266464,1.0,-3.0,timeout
2406,-3.863801956176758,0.22750653326511383,-0.00024636549642309546,0.033000972121953964,0.033000968396663666,1.0,3.0,timeout
2407,-3.8637895584106445,0.22752341628074646,-0.00025150878354907036,0.0006740112439729273,0.0006545668584294617,0.0,3.0,timeout
2408,-3.8631575107574463,0.22836869955062866,-0.0002460776304360479,0.0329834446310997,0.03298300877213478,1.0,-3.0,timeout
2409,-3.863157272338867,0.22836913168430328,-0.00025118785561062396,0.00016043757204897702,1.542316203995142e-05,0.0,3.0,timeout
2410,-3.862525224685669,0.22921432554721832,-0.0002457215450704098,0.03298121318221092,0.032980773597955704,1.0,-3.0,timeout
2411,-3.8618907928466797,0.23005865514278412,-0.000245911069214344,0.03300384804606438,0.03300384804606438,1.0,-3.0,timeout
2412,-3.861255407333374,0.23090195655822754,-0.00024627562379464507,0.03299609571695328,0.03299609199166298,1.0,3.0,timeout
2413,-3.8612546920776367,0.23090197145938873,-0.0002515360829420388,0.0001659026020206511,2.2356589397531934e-05,0.0,-3.0,timeout
2414,-3.8612542152404785,0.23090165853500366,-0.00025099911727011204,2.4479491912643425e-05,1.7823333109845407e-05,0.0,-3.0,timeout
2415,-3.860629081726074,0.23172657191753387,-0.000245471514062956,0.03234495222568512,0.03234449028968811,1.0,-3.0,timeout
2416,-3.8599894046783447,0.2325667142868042,-0.00024561103782616556,0.03299836814403534,0.03299836814403534,1.0,-3.0,timeout
2417,-3.8593475818634033,0.23340539634227753,-0.00024602178018540144,0.033002786338329315,0.03300278261303902,1.0,-3.0,timeout
2418,-3.858704090118408,0.23424263298511505,-0.0002463650016579777,0.03299868106842041,0.03299867734313011,1.0,-3.0,timeout
2419,-3.8586905002593994,0.23425865173339844,-0.00025152231683023274,0.0006759559037163854,0.0006564616342075169,0.0,-3.0,timeout
2420,-3.858055830001831,0.23507630825042725,-0.0002461948897689581,0.032346345484256744,0.03234591707587242,1.0,-3.0,timeout
2421,-3.8574063777923584,0.23590904474258423,-0.00024620493059046566,0.03300151228904724,0.03300151228904724,1.0,-3.0,timeout
2422,-3.857405185699463,0.2359100580215454,-0.0002514792431611568,0.0001719209976727143,4.8892216000240296e-05,0.0,3.0,timeout
2423,-3.8567559719085693,0.2367422729730606,-0.00024596965522505343,0.032984524965286255,0.03298407793045044,1.0,-3.0,timeout
2424,-3.856104850769043,0.23757360875606537,-0.00024611048866063356,0.03299913927912712,0.03299913927912712,1.0,-3.0,timeout
2425,-3.855451822280884,0.23840351402759552,-0.00024642603239044547,0.03300078585743904,0.03300078213214874,1.0,-3.0,timeout
2426,-3.854796886444092,0.23923195898532867,-0.0002466887526679784,0.033001866191625595,0.0330018624663353,1.0,-3.0,timeout
2427,-3.854795455932617,0.23923300206661224,-0.0002518797991797328,0.0001713951933197677,5.53255777049344e-05,0.0,3.0,timeout
2428,-3.8541407585144043,0.2400609850883484,-0.0002462916309013963,0.03298638015985489,0.03298591822385788,1.0,-3.0,timeout
2429,-3.853484869003296,0.24088849127292633,-0.0002463770506437868,0.032997358590364456,0.032997358590364456,1.0,3.0,timeout
2430,-3.852830410003662,0.24171720445156097,-0.0002466292353346944,0.032999202609062195,0.032999202609062195,1.0,-3.0,timeout
2431,-3.8521740436553955,0.24254444241523743,-0.0002468504826538265,0.033000048249959946,0.033000048249959946,1.0,-3.0,timeout
2432,-3.851515769958496,0.24337022006511688,-0.00024702848168089986,0.033001430332660675,0.033001430332660675,1.0,-3.0,timeout
2433,-3.8515145778656006,0.24337108433246613,-0.00025215314235538244,0.0001666248863330111,4.60133669548668e-05,0.0,3.0,timeout
2434,-3.8515141010284424,0.24337074160575867,-0.00025149231078103185,2.762637086561881e-05,1.8350834579905495e-05,0.0,0.0,timeout
2435,-3.850869655609131,0.2441806197166443,-0.0002458719536662102,0.0323440358042717,0.032343558967113495,1.0,3.0,timeout
2436,-3.8502140045166016,0.24500852823257446,-0.0002459253591950983,0.0330025851726532,0.0330025851726532,1.0,0.0,timeout
2437,-3.8495585918426514,0.24583661556243896,-0.0002462780976202339,0.0330023467540741,0.0330023430287838,1.0,3.0,timeout
2438,-3.848904848098755,0.2466658055782318,-0.00024655956076458097,0.03299705684185028,0.03299705684185028,1.0,-3.0,timeout
2439,-3.848891496658325,0.24668200314044952,-0.0002516767126508057,0.0006751787732355297,0.0006559686735272408,0.0,-3.0,timeout
2440,-3.8482468128204346,0.24749161303043365,-0.0002463178534526378,0.03234207257628441,0.03234164044260979,1.0,-3.0,timeout
2441,-3.8475871086120605,0.24831630289554596,-0.0002463075506966561,0.03300276771187782,0.03300276771187782,1.0,0.0,timeout
2442,-3.8469271659851074,0.24914073944091797,-0.0002465752186253667,0.03300124406814575,0.033001240342855453,1.0,-3.0,timeout
2443,-3.8462653160095215,0.2499636858701706,-0.00024680717615410686,0.03300222009420395,0.03300222009420395,1.0,-3.0,timeout
2444,-3.8462648391723633,0.24996358156204224,-0.00025197668583132327,0.0001622657000552863,1.5253516721713822e-05,0.0,0.0,timeout
2445,-3.8462648391723633,0.2499634474515915,-0.00025135657051578164,1.9826606148853898e-05,4.190951585769653e-06,0.0,3.0,timeout
2446,-3.8456168174743652,0.2507703900337219,-0.0002457580412738025,0.03234216198325157,0.03234168887138367,1.0,3.0,timeout
2447,-3.8456039428710938,0.25078698992729187,-0.0002507224562577903,0.0006745638092979789,0.0006564820068888366,0.0,3.0,timeout
2448,-3.8449466228485107,0.2516128122806549,-0.00024543344625271857,0.03298437222838402,0.03298395499587059,1.0,-3.0,timeout
2449,-3.844287157058716,0.2524375915527344,-0.0002456843794789165,0.033000294119119644,0.033000294119119644,1.0,-3.0,timeout
2450,-3.843625783920288,0.25326085090637207,-0.0002460850228089839,0.033000506460666656,0.033000506460666656,1.0,-3.0,timeout
2451,-3.8436119556427,0.25327667593955994,-0.00025129783898591995,0.0006766373990103602,0.0006567355594597757,0.0,-3.0,timeout
2452,-3.843611240386963,0.25327619910240173,-0.0002509005134925246,2.9594128136523068e-05,2.6863448510994203e-05,0.0,-3.0,timeout
2453,-3.8429577350616455,0.2540786862373352,-0.0002453968918416649,0.03234163671731949,0.03234117850661278,1.0,-3.0,timeout
2454,-3.8422889709472656,0.2548961341381073,-0.00024555640993639827,0.03300488740205765,0.03300488740205765,1.0,0.0,timeout
2455,-3.8422751426696777,0.2549118995666504,-0.0002508562174625695,0.0006759382667951286,0.000655334151815623,0.0,-3.0,timeout
2456,-3.8416178226470947,0.25571128726005554,-0.00024566074716858566,0.03234212100505829,0.032341714948415756,1.0,-3.0,timeout
2457,-3.84094500541687,0.25652530789375305,-0.00024577745352871716,0.03300261124968529,0.03300261124968529,1.0,-3.0,timeout
2458,-3.840270519256592,0.2573377788066864,-0.00024615571601316333,0.03299858793616295,0.03299858793616295,1.0,-3.0,timeout
2459,-3.8402562141418457,0.257353276014328,-0.00025135427131317556,0.0006787977181375027,0.0006590710836462677,0.0,-3.0,timeout
2460,-3.839578866958618,0.2581629157066345,-0.00024597454466857016,0.0329882875084877,0.03298785910010338,1.0,3.0,timeout
2461,-3.8389029502868652,0.2589743137359619,-0.000246114213950932,0.03300139307975769,0.03300139307975769,1.0,0.0,timeout
2462,-3.838226795196533,0.2597854435443878,-0.00024642416974529624,0.03299972042441368,0.03299972042441368,1.0,-3.0,timeout
2463,-3.8375487327575684,0.26059502363204956,-0.0002466865407768637,0.033000778406858444,0.033000778406858444,1.0,-3.0,timeout
2464,-3.8368687629699707,0.26140305399894714,-0.00024689722340554,0.033002011477947235,0.033002011477947235,1.0,-3.0,timeout
2465,-3.8368680477142334,0.2614029049873352,-0.00025204874691553414,0.00016259608673863113,2.28316512220772e-05,0.0,0.0,timeout
2466,-3.836200475692749,0.262193888425827,-0.00024652955471538007,0.032345451414585114,0.0323449932038784,1.0,3.0,timeout
2467,-3.83620023727417,0.2621940076351166,-0.00025144085520878434,0.0001537040079711005,8.330001946887933e-06,0.0,0.0,timeout
2468,-3.836199998855591,0.2621936798095703,-0.00025090313283726573,2.1043535525677726e-05,1.2667356713791378e-05,0.0,-3.0,timeout
2469,-3.83620023727417,0.26219379901885986,-0.0002502895949874073,2.0904428311041556e-05,8.330001946887933e-06,0.0,3.0,timeout
2470,-3.8355348110198975,0.26298660039901733,-0.000244894006755203,0.032345715910196304,0.032345276325941086,1.0,3.0,timeout
2471,-3.835521936416626,0.26300305128097534,-0.000250031502218917,0.0006722605903632939,0.0006528085796162486,0.0,3.0,timeout
2472,-3.8348467350006104,0.26381441950798035,-0.0002448803570587188,0.03298676759004593,0.03298637270927429,1.0,-3.0,timeout
2473,-3.834169387817383,0.2646246552467346,-0.0002452420594636351,0.03300214931368828,0.03300214558839798,1.0,-3.0,timeout
2474,-3.8334908485412598,0.26543378829956055,-0.00024574107374064624,0.03299964591860771,0.03299964219331741,1.0,3.0,timeout
2475,-3.8328135013580322,0.2662440240383148,-0.00024613068671897054,0.03300214931368828,0.03300214558839798,1.0,-3.0,timeout
2476,-3.8328135013580322,0.26624447107315063,-0.0002514399238862097,0.0001665007439441979,1.3969837709737476e-05,0.0,3.0,timeout
2477,-3.832813024520874,0.266244113445282,-0.0002509131154511124,2.485894765413832e-05,1.862645149230957e-05,0.0,-3.0,timeout
2478,-3.83213472366333,0.2670530378818512,-0.00024531714734621346,0.03299032151699066,0.03298985958099365,1.0,3.0,timeout
2479,-3.8314576148986816,0.267863392829895,-0.000245568691752851,0.03300022706389427,0.03300022706389427,1.0,-3.0,timeout
2480,-3.8307785987854004,0.2686721384525299,-0.00024599110474810004,0.03299994766712189,0.03299994394183159,1.0,-3.0,timeout
2481,-3.8300979137420654,0.2694796025753021,-0.0002463450946379453,0.03300287947058678,0.03300287574529648,1.0,0.0,timeout
2482,-3.8294172286987305,0.27028679847717285,-0.0002466198639012873,0.032996468245983124,0.032996464520692825,1.0,-3.0,timeout
2483,-3.8287343978881836,0.2710924446582794,-0.0002468436723574996,0.03300277516245842,0.03300277516245842,1.0,-3.0,timeout
2484,-3.828050136566162,0.2718968391418457,-0.00024702749215066433,0.033001892268657684,0.033001892268657684,1.0,0.0,timeout
2485,-3.828049659729004,0.27189674973487854,-0.00025214863126166165,0.00016075211169663817,1.5160831935645547e-05,0.0,0.0,timeout
2486,-3.8273792266845703,0.2726854383945465,-0.00024660941562615335,0.03234851732850075,0.03234805539250374,1.0,3.0,timeout
2487,-3.827378749847412,0.2726854383945465,-0.00025149944121949375,0.00015353808703366667,1.4901160284352954e-05,0.0,-3.0,timeout
2488,-3.827378749847412,0.2726854383945465,-0.00025095941964536905,1.6875674191396683e-05,0.0,0.0,0.0,timeout
2489,-3.8267083168029785,0.27347394824028015,-0.00024543461040593684,0.032344259321689606,0.032343797385692596,1.0,-3.0,timeout
2490,-3.8260228633880615,0.2742772102355957,-0.00024559133453294635,0.03299911320209503,0.03299911320209503,1.0,3.0,timeout
2491,-3.825338840484619,0.2750816345214844,-0.0002459959941916168,0.03299777954816818,0.032997775822877884,1.0,-3.0,timeout
2492,-3.824652910232544,0.2758845090866089,-0.0002463434648234397,0.03299958258867264,0.03299957886338234,1.0,-3.0,timeout
2493,-3.823965072631836,0.27668577432632446,-0.0002466226869728416,0.0330001562833786,0.0330001562833786,1.0,-3.0,timeout
2494,-3.82395076751709,0.2767011225223541,-0.0002517281100153923,0.0006747892475686967,0.00065565702971071,0.0,-3.0,timeout
2495,-3.823272943496704,0.2774833142757416,-0.00024635938461869955,0.03234485164284706,0.03234441578388214,1.0,-3.0,timeout
2496,-3.8225793838500977,0.27827972173690796,-0.0002463362761773169,0.033002275973558426,0.033002275973558426,1.0,-3.0,timeout
2497,-3.8218846321105957,0.2790749967098236,-0.00024661183124408126,0.03300009295344353,0.03300008922815323,1.0,3.0,timeout
2498,-3.8211917877197266,0.27987197041511536,-0.00024683625088073313,0.03300095349550247,0.03300095349550247,1.0,3.0,timeout
2499,-3.820500373840332,0.2806701958179474,-0.00024700656649656594,0.03300119563937187,0.03300119563937187,1.0,-3.0,timeout
2500,-3.819807291030884,0.2814667820930481,-0.0002471524348948151,0.032996706664562225,0.032996706664562225,1.0,-3.0,timeout
2501,-3.8191123008728027,0.28226181864738464,-0.00024726969422772527,0.03299938514828682,0.03299938514828682,1.0,-3.0,timeout
2502,-3.818415403366089,0.28305524587631226,-0.00024736367049627006,0.03300084173679352,0.03300083801150322,1.0,-3.0,timeout
2503,-3.817716598510742,0.2838471233844757,-0.0002474389038980007,0.03300388157367706,0.033003877848386765,1.0,-3.0,timeout
2504,-3.817016363143921,0.2846374213695526,-0.0002474991779308766,0.032996512949466705,0.032996512949466705,1.0,-3.0,timeout
2505,-3.816314697265625,0.28542661666870117,-0.00024755633785389364,0.03300041705369949,0.03300041705369949,1.0,3.0,timeout
2506,-3.8163139820098877,0.2854265570640564,-0.00025256574735976756,0.00015814267680980265,2.242921618744731e-05,0.0,0.0,timeout
2507,-3.8156278133392334,0.2862012982368469,-0.0002469326136633754,0.0323416031897068,0.0323411263525486,1.0,-3.0,timeout
2508,-3.815613269805908,0.2862164378166199,-0.00025167252169921994,0.0006725562852807343,0.0006560425390489399,0.0,-3.0,timeout
2509,-3.8149101734161377,0.28700384497642517,-0.0002462145348545164,0.03298887610435486,0.03298843279480934,1.0,3.0,timeout
2510,-3.8149096965789795,0.2870039939880371,-0.00025128413108177483,0.00015919224824756384,1.5611809430993162e-05,0.0,0.0,timeout
2511,-3.8142216205596924,0.2877771258354187,-0.0002458964299876243,0.03234352916479111,0.03234309330582619,1.0,-3.0,timeout
2512,-3.8135178089141846,0.28856420516967773,-0.00024596095317974687,0.03299568593502045,0.03299568593502045,1.0,-3.0,timeout
2513,-3.812811851501465,0.2893497049808502,-0.0002463020500726998,0.03300369903445244,0.03300369530916214,1.0,-3.0,timeout
2514,-3.8121049404144287,0.2901340425014496,-0.0002465984143782407,0.032996635884046555,0.032996632158756256,1.0,3.0,timeout
2515,-3.811399221420288,0.2909196615219116,-0.0002468169841449708,0.03300148621201515,0.03300148621201515,1.0,-3.0,timeout
2516,-3.811384677886963,0.2909347414970398,-0.00025188285508193076,0.0006735684000886977,0.000654700503218919,0.0,-3.0,timeout
2517,-3.8106894493103027,0.2917014956474304,-0.00024648307589814067,0.03234463557600975,0.03234419971704483,1.0,-3.0,timeout
2518,-3.809978723526001,0.29248252511024475,-0.0002464446297381073,0.03300002962350845,0.03300002962350845,1.0,3.0,timeout
2519,-3.809964656829834,0.2924982011318207,-0.00025157214258797467,0.000677412492223084,0.0006581887719221413,0.0,3.0,timeout
2520,-3.809271812438965,0.29326704144477844,-0.00024623292847536504,0.032343026250600815,0.03234259784221649,1.0,3.0,timeout
2521,-3.8092715740203857,0.2932671308517456,-0.00025120200007222593,0.0001554872142150998,7.957222805998754e-06,0.0,-3.0,timeout
2522,-3.808565139770508,0.2940517067909241,-0.0002457463415339589,0.032992634922266006,0.03299219533801079,1.0,3.0,timeout
2523,-3.8078598976135254,0.29483768343925476,-0.0002459217794239521,0.03299984708428383,0.03299984708428383,1.0,-3.0,timeout
2524,-3.8078598976135254,0.2948382794857025,-0.00025126244872808456,0.0001679320994298905,1.862645149230957e-05,0.0,3.0,timeout
2525,-3.807169198989868,0.29560887813568115,-0.0002458956732880324,0.032339081168174744,0.032338641583919525,1.0,3.0,timeout
2526,-3.8064656257629395,0.29639649391174316,-0.00024594966089352965,0.033003222197294235,0.033003222197294235,1.0,-3.0,timeout
2527,-3.805760383605957,0.29718247056007385,-0.00024629203835502267,0.03299985080957413,0.03299984708428383,1.0,-3.0,timeout
2528,-3.805053234100342,0.29796677827835083,-0.0002465806610416621,0.03300093486905098,0.03300093114376068,1.0,-3.0,timeout
2529,-3.804344415664673,0.2987494468688965,-0.00024681241484358907,0.032997891306877136,0.032997891306877136,1.0,-3.0,timeout
2530,-3.8043296337127686,0.2987644076347351,-0.0002518797991797328,0.0006760473479516804,0.0006572392885573208,0.0,-3.0,timeout
2531,-3.803631067276001,0.2995282709598541,-0.0002464806893840432,0.03234807401895523,0.03234763443470001,1.0,-3.0,timeout
2532,-3.802917242050171,0.30030637979507446,-0.0002464427088852972,0.0329979844391346,0.0329979844391346,1.0,3.0,timeout
2533,-3.8022046089172363,0.3010857403278351,-0.00024667783873155713,0.03300166875123978,0.03300166875123978,1.0,-3.0,timeout
2534,-3.801490306854248,0.30186349153518677,-0.0002468890161253512,0.032999828457832336,0.032999828457832336,1.0,-3.0,timeout
2535,-3.800774335861206,0.3026396334171295,-0.00024705915711820126,0.03299814462661743,0.03299814462661743,1.0,-3.0,timeout
2536,-3.8000569343566895,0.30341461300849915,-0.00024720458895899355,0.03300180658698082,0.03300180658698082,1.0,3.0,timeout
2537,-3.7993412017822266,0.3041911721229553,-0.0002473063359502703,0.03300267830491066,0.03300267830491066,1.0,0.0,timeout
2538,-3.798625946044922,0.3049679696559906,-0.00024739783839322627,0.032998062670230865,0.032998062670230865,1.0,3.0,timeout
2539,-3.7979118824005127,0.3057459890842438,-0.000247455871431157,0.03300096094608307,0.03300096094608307,1.0,-3.0,timeout
2540,-3.79719614982605,0.30652233958244324,-0.000247511692577973,0.03299788385629654,0.03299788385629654,1.0,-3.0,timeout
2541,-3.796478509902954,0.3072970509529114,-0.00024755691993050277,0.03300071880221367,0.03300071880221367,1.0,-3.0,timeout
2542,-3.796478748321533,0.3072972297668457,-0.0002484805590938777,3.0329039873322472e-05,9.313225746154785e-06,0.0,3.0,timeout
2543,-3.795762300491333,0.3080710768699646,-0.00024334709451068193,0.03295598179101944,0.0329555906355381,1.0,-3.0,timeout
2544,-3.7957475185394287,0.3080860376358032,-0.0002488807658664882,0.0006796082016080618,0.0006572392885573208,0.0,-3.0,timeout
2545,-3.795027494430542,0.30885785818099976,-0.00024398397363256663,0.032985638827085495,0.03298528492450714,1.0,3.0,timeout
2546,-3.795027017593384,0.30885788798332214,-0.00024949616636149585,0.0001729018404148519,1.4930235920473933e-05,0.0,-3.0,timeout
2547,-3.7950267791748047,0.30885767936706543,-0.0002493563515599817,1.0821361684065778e-05,9.9000944828731e-06,0.0,-3.0,timeout
2548,-3.794318675994873,0.3096124827861786,-0.0002441561664454639,0.03234284743666649,0.03234243765473366,1.0,-3.0,timeout
2549,-3.7935948371887207,0.31038129329681396,-0.0002445690624881536,0.03299816697835922,0.03299816697835922,1.0,3.0,timeout
2550,-3.7935807704925537,0.31039687991142273,-0.0002500724804122001,0.0006782776908949018,0.0006561119225807488,0.0,3.0,timeout
2551,-3.792860269546509,0.31116828322410583,-0.0002449275634717196,0.03298631310462952,0.03298591822385788,1.0,-3.0,timeout
2552,-3.792137622833252,0.3119383156299591,-0.0002452809130772948,0.03300047665834427,0.03300047665834427,1.0,-3.0,timeout
2553,-3.7914135456085205,0.31270718574523926,-0.0002457721857354045,0.03300463408231735,0.033004630357027054,1.0,3.0,timeout
2554,-3.7914133071899414,0.3127073645591736,-0.0002511391357984394,0.00016797556600067765,9.313225746154785e-06,0.0,0.0,timeout
2555,-3.7914135456085205,0.3127075135707855,-0.00025068665854632854,1.6647292795823887e-05,8.786078979028389e-06,0.0,3.0,timeout
2556,-3.7906930446624756,0.31347858905792236,-0.00024511825176887214,0.03297889232635498,0.03297843411564827,1.0,-3.0,timeout
2557,-3.789970874786377,0.31424903869628906,-0.00024542727624066174,0.03299979120492935,0.03299979120492935,1.0,3.0,timeout
2558,-3.789250612258911,0.31502121686935425,-0.00024587870575487614,0.03299853950738907,0.03299853950738907,1.0,3.0,timeout
2559,-3.788531541824341,0.31579461693763733,-0.00024624005891382694,0.033001095056533813,0.033001091331243515,1.0,-3.0,timeout
2560,-3.787811279296875,0.3165667951107025,-0.0002465495781507343,0.03299853950738907,0.03299853950738907,1.0,3.0,timeout
2561,-3.787092685699463,0.317340612411499,-0.00024678788031451404,0.03300049901008606,0.03300049901008606,1.0,3.0,timeout
2562,-3.787092447280884,0.3173408806324005,-0.000251945573836565,0.00016156758647412062,1.1214608093723655e-05,0.0,-3.0,timeout
2563,-3.787092924118042,0.31734129786491394,-0.0002513366052880883,2.7462674552225508e-05,1.98001889657462e-05,0.0,3.0,timeout
2564,-3.7863762378692627,0.31811535358428955,-0.00024563996703363955,0.03296591714024544,0.032965436577796936,1.0,-3.0,timeout
2565,-3.7856574058532715,0.3188888728618622,-0.0002458377566654235,0.03299874812364578,0.03299874812364578,1.0,0.0,timeout
2566,-3.784938097000122,0.31966209411621094,-0.00024620239855721593,0.03300207480788231,0.03300207480788231,1.0,-3.0,timeout
2567,-3.784217119216919,0.320433646440506,-0.00024650897830724716,0.03299949690699577,0.032999493181705475,1.0,-3.0,timeout
2568,-3.783494234085083,0.3212035298347473,-0.0002467550802975893,0.033002182841300964,0.033002179116010666,1.0,-3.0,timeout
2569,-3.7827696800231934,0.32197174429893494,-0.00024695208412595093,0.03299994021654129,0.03299994021654129,1.0,-3.0,timeout
2570,-3.782043933868408,0.3227388262748718,-0.00024711896548978984,0.03299979493021965,0.03299979493021965,1.0,3.0,timeout
2571,-3.781320095062256,0.3235076665878296,-0.00024724259856157005,0.03299884498119354,0.03299884498119354,1.0,3.0,timeout
2572,-3.781306028366089,0.3235231637954712,-0.0002522243885323405,0.0006723135011270642,0.0006540404865518212,0.0,3.0,timeout
2573,-3.780585527420044,0.32429465651512146,-0.00024665019009262323,0.032988421618938446,0.03298795968294144,1.0,-3.0,timeout
2574,-3.7798635959625244,0.3250652849674225,-0.00024666861281730235,0.03299877420067787,0.03299877420067787,1.0,3.0,timeout
2575,-3.7791428565979004,0.3258371651172638,-0.00024686226970516145,0.033001892268657684,0.033001892268657684,1.0,-3.0,timeout
2576,-3.7784204483032227,0.3266073763370514,-0.000247036456130445,0.03299945220351219,0.03299945220351219,1.0,-3.0,timeout
2577,-3.7784199714660645,0.326607346534729,-0.00025215992354787886,0.0001608029706403613,1.4930235920473933e-05,0.0,0.0,timeout
2578,-3.7777099609375,0.3273605406284332,-0.000246608309680596,0.03234710171818733,0.032346636056900024,1.0,-3.0,timeout
2579,-3.777709484100342,0.32736045122146606,-0.00025151451700367033,0.00015406672901008278,1.5160831935645547e-05,0.0,0.0,timeout
2580,-3.776998519897461,0.3281124532222748,-0.00024608755484223366,0.03234045207500458,0.03234000504016876,1.0,3.0,timeout
2581,-3.7762744426727295,0.3288811445236206,-0.0002461029798723757,0.03300056234002113,0.03300056234002113,1.0,-3.0,timeout
2582,-3.7755484580993652,0.3296481966972351,-0.000246414914727211,0.033004239201545715,0.033004239201545715,1.0,-3.0,timeout
2583,-3.7748212814331055,0.3304138481616974,-0.0002466838341206312,0.03299810737371445,0.03299810364842415,1.0,0.0,timeout
2584,-3.7748067378997803,0.3304290473461151,-0.0002517835528124124,0.00067642837530002,0.0006573870778083801,0.0,3.0,timeout
2585,-3.7740814685821533,0.3311958611011505,-0.000246297859121114,0.03298391029238701,0.03298346325755119,1.0,-3.0,timeout
2586,-3.774081230163574,0.3311960995197296,-0.00025136498152278364,0.00015869773051235825,1.0536711670283694e-05,0.0,3.0,timeout
2587,-3.774080514907837,0.331195592880249,-0.0002508424804545939,3.188850314472802e-05,2.7391017283662222e-05,0.0,-3.0,timeout
2588,-3.774080276489258,0.3311951458454132,-0.0002502310962881893,2.481325100234244e-05,1.5832483768463135e-05,0.0,-3.0,timeout
2589,-3.774080276489258,0.33119523525238037,-0.0002497422101441771,1.553106812934857e-05,2.79396749647276e-06,0.0,3.0,timeout
2590,-3.7733538150787354,0.33195990324020386,-0.0002443541889078915,0.032960858196020126,0.0329604297876358,1.0,-3.0,timeout
2591,-3.772624969482422,0.3327239453792572,-0.0002448033483233303,0.03299763798713684,0.03299763426184654,1.0,-3.0,timeout
2592,-3.7726097106933594,0.3327385187149048,-0.00025026220828294754,0.0006810865015722811,0.0006593770231120288,0.0,-3.0,timeout
2593,-3.7718780040740967,0.3334994316101074,-0.0002451004693284631,0.032989248633384705,0.03298885375261307,1.0,3.0,timeout
2594,-3.7711474895477295,0.3342618942260742,-0.00024541039601899683,0.03299799934029579,0.03299799934029579,1.0,-3.0,timeout
2595,-3.7704150676727295,0.3350226581096649,-0.0002458654635120183,0.03300099819898605,0.03300099819898605,1.0,-3.0,timeout
2596,-3.769680976867676,0.3357820212841034,-0.00024624468642286956,0.03300570696592331,0.03300570696592331,1.0,0.0,timeout
2597,-3.769680976867676,0.3357817530632019,-0.0002474013308528811,3.710427336045541e-05,8.381903171539307e-06,0.0,-3.0,timeout
2598,-3.768946409225464,0.3365398049354553,-0.00024249815032817423,0.03298697993159294,0.03298662230372429,1.0,3.0,timeout
2599,-3.7689461708068848,0.336540162563324,-0.000248298718361184,0.00018176469893660396,1.3431724255497102e-05,0.0,0.0,timeout
2600,-3.768946647644043,0.33654049038887024,-0.0002484038705006242,1.837914896896109e-05,1.8083013856085017e-05,0.0,3.0,timeout
2601,-3.7682149410247803,0.3373016119003296,-0.0002432936744298786,0.03299394249916077,0.03299355506896973,1.0,0.0,timeout
2602,-3.7674834728240967,0.33806312084198,-0.00024396622029598802,0.03299712762236595,0.032997120171785355,1.0,3.0,timeout
2603,-3.7667531967163086,0.33882585167884827,-0.00024470005882903934,0.03299890458583832,0.03299889713525772,1.0,-3.0,timeout
2604,-3.7660210132598877,0.3395868241786957,-0.000245307048317045,0.033000532537698746,0.03300052508711815,1.0,-3.0,timeout
2605,-3.7652876377105713,0.3403465747833252,-0.0002458037342876196,0.032998889684677124,0.032998885959386826,1.0,3.0,timeout
2606,-3.765273332595825,0.34036198258399963,-0.0002510747581254691,0.0006773542845621705,0.0006570208352059126,0.0,3.0,timeout
2607,-3.764543294906616,0.34112435579299927,-0.0002457302762195468,0.03298609331250191,0.03298567235469818,1.0,-3.0,timeout
2608,-3.7638111114501953,0.34188535809516907,-0.0002459229144733399,0.03300119936466217,0.03300119936466217,1.0,-3.0,timeout
2609,-3.763810873031616,0.34188565611839294,-0.0002512637875042856,0.00016732787480577826,1.1926747902180068e-05,0.0,3.0,timeout
2610,-3.7630789279937744,0.34264621138572693,-0.0002457912196405232,0.03298640623688698,0.03298596665263176,1.0,-3.0,timeout
2611,-3.7623448371887207,0.34340545535087585,-0.00024596787989139557,0.033003028482198715,0.03300302475690842,1.0,-3.0,timeout
2612,-3.7623443603515625,0.3434053063392639,-0.00025129501591436565,0.00016720342682674527,1.5611809430993162e-05,0.0,0.0,timeout
2613,-3.7616231441497803,0.34414783120155334,-0.0002459158713463694,0.03234827518463135,0.03234783932566643,1.0,-3.0,timeout
2614,-3.7608861923217773,0.3449041247367859,-0.0002459868264850229,0.03299913927912712,0.03299913927912712,1.0,3.0,timeout
2615,-3.7608718872070312,0.34491923451423645,-0.0002512058708816767,0.0006703690160065889,0.0006502265459857881,0.0,3.0,timeout
2616,-3.7601382732391357,0.34567829966545105,-0.00024583455524407327,0.032989080995321274,0.03298865258693695,1.0,-3.0,timeout
2617,-3.7594032287597656,0.3464365005493164,-0.0002460162795614451,0.033000338822603226,0.033000338822603226,1.0,3.0,timeout
2618,-3.758669376373291,0.3471960127353668,-0.0002463407290633768,0.033003877848386765,0.033003877848386765,1.0,-3.0,timeout
2619,-3.7579345703125,0.34795427322387695,-0.00024662938085384667,0.032996490597724915,0.032996486872434616,1.0,3.0,timeout
2620,-3.757920265197754,0.3479696214199066,-0.0002517346292734146,0.0006747879670001566,0.00065565702971071,0.0,3.0,timeout
2621,-3.7572033405303955,0.34871622920036316,-0.00024636389571242034,0.03234688565135002,0.0323464497923851,1.0,3.0,timeout
2622,-3.756474018096924,0.34947991371154785,-0.00024633845896460116,0.03299983963370323,0.03299983963370323,1.0,3.0,timeout
2623,-3.755746603012085,0.35024526715278625,-0.0002466040605213493,0.032996486872434616,0.03299648314714432,1.0,3.0,timeout
2624,-3.7550201416015625,0.35101181268692017,-0.00024681969080120325,0.03300298750400543,0.03300298750400543,1.0,-3.0,timeout
2625,-3.7542922496795654,0.3517768681049347,-0.0002470077306497842,0.03300000727176666,0.03300000727176666,1.0,0.0,timeout
2626,-3.75356388092041,0.35254156589508057,-0.0002471493498887867,0.03300218656659126,0.03300218656659126,1.0,-3.0,timeout
2627,-3.752833843231201,0.35330456495285034,-0.0002472666965331882,0.03299979865550995,0.03299979865550995,1.0,-3.0,timeout
2628,-3.7528188228607178,0.3533192574977875,-0.0002522426948416978,0.0006747706211172044,0.0006566088413819671,0.0,-3.0,timeout
2629,-3.7520861625671387,0.35407906770706177,-0.0002466857258696109,0.03298516198992729,0.03298470377922058,1.0,3.0,timeout
2630,-3.7520859241485596,0.35407930612564087,-0.00025166149134747684,0.00015584925131406635,1.0536711670283694e-05,0.0,0.0,timeout
2631,-3.751368522644043,0.3548254370689392,-0.0002461982367094606,0.03234648331999779,0.032346032559871674,1.0,-3.0,timeout
2632,-3.7506349086761475,0.3555848300457001,-0.0002462022821418941,0.03299601748585701,0.03299601748585701,1.0,-3.0,timeout
2633,-3.750619649887085,0.35559937357902527,-0.0002513770596124232,0.0006782929413020611,0.0006587341194972396,0.0,-3.0,timeout
2634,-3.7498831748962402,0.3563556671142578,-0.00024599229800514877,0.03298917040228844,0.032988741993904114,1.0,3.0,timeout
2635,-3.749147653579712,0.35711342096328735,-0.0002461235271766782,0.03300068527460098,0.03300068527460098,1.0,-3.0,timeout
2636,-3.7491326332092285,0.3571280539035797,-0.00025131783331744373,0.0006751122418791056,0.0006553076673299074,0.0,-3.0,timeout
2637,-3.7491328716278076,0.3571281433105469,-0.00025092571740970016,1.4610566722694784e-05,7.957222805998754e-06,0.0,3.0,timeout
2638,-3.7491323947906494,0.35712775588035583,-0.0002502931747585535,2.7556510758586228e-05,1.9199706002837047e-05,0.0,-3.0,timeout
2639,-3.7491326332092285,0.3571279048919678,-0.00024979174486361444,1.7964803191716783e-05,8.786078979028389e-06,0.0,3.0,timeout
2640,-3.7491321563720703,0.3571275770664215,-0.00024937078705988824,2.236174259451218e-05,1.8083013856085017e-05,0.0,-3.0,timeout
2641,-3.748408079147339,0.35786697268486023,-0.0002441567194182426,0.03234066814184189,0.03234025463461876,1.0,-3.0,timeout
2642,-3.747667074203491,0.3586195111274719,-0.0002445589634589851,0.03300394117832184,0.03300394117832184,1.0,-3.0,timeout
2643,-3.746924638748169,0.3593703508377075,-0.00024518038844689727,0.032997556030750275,0.032997552305459976,1.0,-3.0,timeout
2644,-3.746180534362793,0.3601198196411133,-0.0002456966321915388,0.03300383314490318,0.033003825694322586,1.0,0.0,timeout
2645,-3.745436906814575,0.36086949706077576,-0.0002461107214912772,0.03299796208739281,0.03299796208739281,1.0,3.0,timeout
2646,-3.744694471359253,0.3616205155849457,-0.0002464267599862069,0.033001527190208435,0.033001527190208435,1.0,-3.0,timeout
2647,-3.743950843811035,0.3623703420162201,-0.00024669867707416415,0.03300127014517784,0.03300126641988754,1.0,3.0,timeout
2648,-3.743950605392456,0.36237049102783203,-0.0002518802066333592,0.0001621609990252182,8.786078979028389e-06,0.0,0.0,timeout
2649,-3.743950366973877,0.36237019300460815,-0.0002512693463359028,2.2508927941089496e-05,1.1926747902180068e-05,0.0,-3.0,timeout
2650,-3.7432212829589844,0.36310479044914246,-0.00024568731896579266,0.0323437936604023,0.03234332427382469,1.0,-3.0,timeout
2651,-3.7424755096435547,0.3638523817062378,-0.00024578350712545216,0.032999031245708466,0.032999031245708466,1.0,-3.0,timeout
2652,-3.7424750328063965,0.36385229229927063,-0.00025114300660789013,0.0001681691501289606,1.5160831935645547e-05,0.0,0.0,timeout
2653,-3.7417428493499756,0.36458393931388855,-0.00024580437457188964,0.03234682232141495,0.032346390187740326,1.0,3.0,timeout
2654,-3.740997314453125,0.36533185839653015,-0.00024587727966718376,0.03300102427601814,0.03300102427601814,1.0,-3.0,timeout
2655,-3.7402501106262207,0.36607804894447327,-0.0002462344418745488,0.0329996757209301,0.0329996719956398,1.0,-3.0,timeout
2656,-3.7395012378692627,0.3668225109577179,-0.00024653482250869274,0.03299849107861519,0.03299849107861519,1.0,-3.0,timeout
2657,-3.738750696182251,0.3675653040409088,-0.0002467759477440268,0.032998789101839066,0.032998789101839066,1.0,-3.0,timeout
2658,-3.7379982471466064,0.36830639839172363,-0.0002469689352437854,0.03300391137599945,0.03300391137599945,1.0,-3.0,timeout
2659,-3.7379977703094482,0.36830633878707886,-0.0002521103306207806,0.00016136886551976204,1.501712449680781e-05,0.0,3.0,timeout
2660,-3.7372610569000244,0.36903315782546997,-0.000246573647018522,0.03234100341796875,0.03234054148197174,1.0,3.0,timeout
2661,-3.73651123046875,0.36977678537368774,-0.00024650158593431115,0.03300126641988754,0.03300126641988754,1.0,3.0,timeout
2662,-3.73576283454895,0.37052175402641296,-0.00024672396830283105,0.03299909457564354,0.03299909457564354,1.0,-3.0,timeout
2663,-3.735013008117676,0.3712654411792755,-0.00024693566956557333,0.0330025777220726,0.0330025777220726,1.0,3.0,timeout
2664,-3.7349984645843506,0.3712805211544037,-0.000251979538006708,0.0006734071066603065,0.000654700503218919,0.0,3.0,timeout
2665,-3.7342519760131836,0.3720269501209259,-0.0002464541466906667,0.03298958018422127,0.032989125698804855,1.0,-3.0,timeout
2666,-3.733503818511963,0.3727722465991974,-0.00024650682462379336,0.033001042902469635,0.033001042902469635,1.0,0.0,timeout
2667,-3.732755422592163,0.373517245054245,-0.0002467384620103985,0.03299975022673607,0.03299975022673607,1.0,-3.0,timeout
2668,-3.7320058345794678,0.3742610216140747,-0.0002469476603437215,0.03299925476312637,0.03299925476312637,1.0,3.0,timeout
2669,-3.731257915496826,0.3750065565109253,-0.0002471058687660843,0.03300102427601814,0.03300102427601814,1.0,3.0,timeout
2670,-3.730511426925659,0.37575337290763855,-0.0002472220512572676,0.03299769014120102,0.03299769014120102,1.0,-3.0,timeout
2671,-3.7297630310058594,0.3764984607696533,-0.0002473245549481362,0.033001720905303955,0.033001720905303955,1.0,-3.0,timeout
2672,-3.729012966156006,0.37724176049232483,-0.00024740720982663333,0.032999344170093536,0.032999344170093536,1.0,-3.0,timeout
2673,-3.7282612323760986,0.37798336148262024,-0.0002474735083524138,0.032999105751514435,0.032999105751514435,1.0,-3.0,timeout
2674,-3.7275075912475586,0.37872326374053955,-0.0002475266810506582,0.03300435468554497,0.03300435468554497,1.0,-3.0,timeout
2675,-3.727491855621338,0.3787371814250946,-0.0002524509036447853,0.0006742760888300836,0.0006564820068888366,0.0,-3.0,timeout
2676,-3.727491617202759,0.37873685359954834,-0.00025182744138874114,2.3239121219376102e-05,1.2667356713791378e-05,0.0,0.0,timeout
2677,-3.726749897003174,0.3794586956501007,-0.00024613438290543854,0.03234393149614334,0.03234344348311424,1.0,-3.0,timeout
2678,-3.7259912490844727,0.3801933825016022,-0.00024614162975922227,0.033002592623233795,0.033002592623233795,1.0,-3.0,timeout
2679,-3.725231170654297,0.38092634081840515,-0.0002464462595526129,0.03299720585346222,0.03299720212817192,1.0,-3.0,timeout
2680,-3.7244691848754883,0.3816576302051544,-0.0002467046142555773,0.033004000782966614,0.033004000782966614,1.0,-3.0,timeout
2681,-3.7237062454223633,0.3823876976966858,-0.00024692085571587086,0.03299909830093384,0.03299909830093384,1.0,3.0,timeout
2682,-3.722944736480713,0.3831191956996918,-0.0002470750187058002,0.03299776837229729,0.03299776837229729,1.0,-3.0,timeout
2683,-3.722181797027588,0.38384947180747986,-0.00024721689987927675,0.03300360590219498,0.03300360217690468,1.0,3.0,timeout
2684,-3.7221810817718506,0.38384926319122314,-0.0002522893191780895,0.00016021392366383225,2.328306254639756e-05,0.0,-3.0,timeout
2685,-3.7221813201904297,0.3838493525981903,-0.000251611287239939,2.2633377739111893e-05,7.957222805998754e-06,0.0,3.0,timeout
2686,-3.7221810817718506,0.38384896516799927,-0.00025083738728426397,2.805314761644695e-05,1.4216021554602776e-05,0.0,-3.0,timeout
2687,-3.721418857574463,0.3845793306827545,-0.00024524604668840766,0.032989855855703354,0.032989393919706345,1.0,3.0,timeout
2688,-3.7206575870513916,0.3853112459182739,-0.00024551094975322485,0.033001430332660675,0.03300142660737038,1.0,-3.0,timeout
2689,-3.719895124435425,0.38604187965393066,-0.0002459550742059946,0.03300057724118233,0.03300057351589203,1.0,3.0,timeout
2690,-3.7198946475982666,0.38604190945625305,-0.00025127982371486723,0.00016706687165424228,1.4930235920473933e-05,0.0,-3.0,timeout
2691,-3.719132900238037,0.386772483587265,-0.00024582372861914337,0.03298358991742134,0.032983146607875824,1.0,3.0,timeout
2692,-3.718371629714966,0.3875044882297516,-0.00024598417803645134,0.033003367483615875,0.033003367483615875,1.0,-3.0,timeout
2693,-3.71760892868042,0.3882347345352173,-0.0002463237615302205,0.032997578382492065,0.032997578382492065,1.0,-3.0,timeout
2694,-3.716844320297241,0.38896313309669495,-0.00024660624330863357,0.03300080448389053,0.03300080448389053,1.0,-3.0,timeout
2695,-3.716078042984009,0.3896898031234741,-0.00024683287483640015,0.03300139307975769,0.03300139307975769,1.0,-3.0,timeout
2696,-3.7153100967407227,0.3904147148132324,-0.0002470143372192979,0.03300151601433754,0.03300151228904724,1.0,-3.0,timeout
2697,-3.714540958404541,0.39113837480545044,-0.00024716873303987086,0.03300179913640022,0.03300179913640022,1.0,3.0,timeout
2698,-3.7145402431488037,0.39113813638687134,-0.00025225087301805615,0.0001605549914529547,2.3560804038424976e-05,0.0,-3.0,timeout
2699,-3.714540481567383,0.3911381959915161,-0.0002515805244911462,2.2311784050543793e-05,7.679882401134819e-06,0.0,3.0,timeout
2700,-3.714540481567383,0.3911382555961609,-0.00025082225329242647,2.376906923018396e-05,1.8626450355441193e-06,0.0,3.0,timeout
2701,-3.71379017829895,0.3918510973453522,-0.0002453196793794632,0.03234229236841202,0.032341837882995605,1.0,3.0,timeout
2702,-3.7130260467529297,0.39257991313934326,-0.0002454777422826737,0.03299901261925697,0.03299901261925697,1.0,-3.0,timeout
2703,-3.7122600078582764,0.3933069407939911,-0.00024591421242803335,0.033003684133291245,0.033003680408000946,1.0,-3.0,timeout
2704,-3.7114925384521484,0.39403218030929565,-0.00024627859238535166,0.03299771621823311,0.03299771249294281,1.0,-3.0,timeout
2705,-3.7107231616973877,0.39475566148757935,-0.00024657096946612,0.03300339728593826,0.03300339728593826,1.0,-3.0,timeout
2706,-3.7099528312683105,0.39547789096832275,-0.0002468142192810774,0.03299834579229355,0.03299834579229355,1.0,3.0,timeout
2707,-3.709183692932129,0.396201491355896,-0.0002469896280672401,0.03300052136182785,0.03300051763653755,1.0,-3.0,timeout
2708,-3.7084128856658936,0.39692336320877075,-0.00024713913444429636,0.03300158306956291,0.03300158306956291,1.0,-3.0,timeout
2709,-3.7083969116210938,0.3969370126724243,-0.00025214097695425153,0.0006749539752490819,0.000656605523545295,0.0,-3.0,timeout
2710,-3.7076237201690674,0.3976556360721588,-0.00024660443887114525,0.032987263053655624,0.03298680856823921,1.0,3.0,timeout
2711,-3.70762300491333,0.3976554870605469,-0.00025159106007777154,0.0001574956113472581,2.28316512220772e-05,0.0,-3.0,timeout
2712,-3.706864833831787,0.3983597755432129,-0.0002461467811372131,0.032338470220565796,0.03233801946043968,1.0,-3.0,timeout
2713,-3.706089496612549,0.3990768790245056,-0.0002461711410433054,0.033003684133291245,0.033003684133291245,1.0,3.0,timeout
2714,-3.705315589904785,0.3997953236103058,-0.00024646028759889305,0.03299938142299652,0.03299938142299652,1.0,-3.0,timeout
2715,-3.7052998542785645,0.3998091220855713,-0.00025159685174003243,0.0006734299822710454,0.0006540198810398579,0.0,-3.0,timeout
2716,-3.7045228481292725,0.4005241096019745,-0.0002461633994244039,0.03299761936068535,0.03299718350172043,1.0,0.0,timeout
2717,-3.7037460803985596,0.4012394845485687,-0.00024627623497508466,0.03299989923834801,0.03299989923834801,1.0,3.0,timeout
2718,-3.7029709815979004,0.401956707239151,-0.0002465583384037018,0.033000748604536057,0.03300074487924576,1.0,3.0,timeout
2719,-3.7021970748901367,0.40267521142959595,-0.000246783543843776,0.033000648021698,0.033000648021698,1.0,-3.0,timeout
2720,-3.7021970748901367,0.40267568826675415,-0.00025196230853907764,0.00016252095520030707,1.4901160284352954e-05,0.0,3.0,timeout
2721,-3.701423406600952,0.4033937156200409,-0.0002463501296006143,0.032985515892505646,0.03298505023121834,1.0,-3.0,timeout
2722,-3.7006475925445557,0.40411022305488586,-0.0002464147692080587,0.033001985400915146,0.033001985400915146,1.0,-3.0,timeout
2723,-3.6998708248138428,0.40482544898986816,-0.00024667862453497946,0.03299675136804581,0.03299674764275551,1.0,3.0,timeout
2724,-3.6990954875946045,0.4055425226688385,-0.00024689018027856946,0.033003054559230804,0.033003054559230804,1.0,3.0,timeout
2725,-3.698321580886841,0.4062609374523163,-0.00024704955285415053,0.03299874812364578,0.03299874812364578,1.0,-3.0,timeout
2726,-3.6983213424682617,0.4062610864639282,-0.00025216996436938643,0.00016025388322304934,8.786078979028389e-06,0.0,0.0,timeout
2727,-3.697561502456665,0.4069640040397644,-0.0002466270816512406,0.03234760835766792,0.032347146421670914,1.0,3.0,timeout
2728,-3.6967878341674805,0.4076825976371765,-0.00024653508444316685,0.03299708664417267,0.03299708664417267,1.0,-3.0,timeout
2729,-3.696012258529663,0.408399373292923,-0.00024676028988324106,0.03300220146775246,0.03300220146775246,1.0,-3.0,timeout
2730,-3.695235252380371,0.40911436080932617,-0.00024695516913197935,0.03299718350172043,0.03299718350172043,1.0,-3.0,timeout
2731,-3.6944563388824463,0.4098275303840637,-0.00024711198057048023,0.03300267457962036,0.03300267457962036,1.0,-3.0,timeout
2732,-3.693675994873047,0.4105389714241028,-0.0002472375344950706,0.032999247312545776,0.032999247312545776,1.0,-3.0,timeout
2733,-3.6928939819335938,0.4112486243247986,-0.0002473380882292986,0.03300022706389427,0.03300022706389427,1.0,-3.0,timeout
2734,-3.692110300064087,0.4119565784931183,-0.00024741856032051146,0.03300325945019722,0.03300325945019722,1.0,-3.0,timeout
2735,-3.692093849182129,0.41196972131729126,-0.0002523645816836506,0.0006759169045835733,0.0006580075714737177,0.0,-3.0,timeout
2736,-3.692093849182129,0.41196945309638977,-0.00025176318013109267,2.057821984635666e-05,8.381903171539307e-06,0.0,3.0,timeout
2737,-3.6920931339263916,0.41196876764297485,-0.0002509632322471589,3.979137181886472e-05,3.09585957438685e-05,0.0,-3.0,timeout
2738,-3.6913223266601562,0.41265934705734253,-0.00024543199106119573,0.032341472804546356,0.03234101086854935,1.0,-3.0,timeout
2739,-3.6905338764190674,0.4133620262145996,-0.000245579140027985,0.03300407901406288,0.03300407901406288,1.0,-3.0,timeout
2740,-3.6905174255371094,0.4133751690387726,-0.00025087862741202116,0.0006785280420444906,0.0006580075714737177,0.0,-3.0,timeout
2741,-3.689741849899292,0.4140603542327881,-0.00024567911168560386,0.032340701669454575,0.03234029561281204,1.0,-3.0,timeout
2742,-3.688948631286621,0.41475749015808105,-0.00024579232558608055,0.03300086036324501,0.03300086036324501,1.0,-3.0,timeout
2743,-3.6881542205810547,0.41545337438583374,-0.00024617675808258355,0.0330030657351017,0.0330030657351017,1.0,3.0,timeout
2744,-3.688138484954834,0.41546714305877686,-0.0002513717336114496,0.0006732718320563436,0.0006534061976708472,0.0,3.0,timeout
2745,-3.688138008117676,0.41546663641929626,-0.00025094833108596504,2.5451525289099663e-05,2.174194378312677e-05,0.0,-3.0,timeout
2746,-3.687361001968384,0.41615039110183716,-0.0002454345521982759,0.032344717532396317,0.032344259321689606,1.0,-3.0,timeout
2747,-3.6865670680999756,0.41684651374816895,-0.00024559139274060726,0.0329967699944973,0.0329967699944973,1.0,3.0,timeout
2748,-3.685774564743042,0.41754457354545593,-0.0002460058021824807,0.033003151416778564,0.033003147691488266,1.0,3.0,timeout
2749,-3.684983491897583,0.41824397444725037,-0.0002463416021782905,0.03299736604094505,0.032997362315654755,1.0,-3.0,timeout
2750,-3.684967279434204,0.4182574450969696,-0.00025150252622552216,0.0006781591800972819,0.0006587025127373636,0.0,-3.0,timeout
2751,-3.6841886043548584,0.4189392924308777,-0.00024617850431241095,0.03234456479549408,0.032344136387109756,1.0,-3.0,timeout
2752,-3.6833925247192383,0.4196329116821289,-0.0002461913099978119,0.03299577534198761,0.03299577161669731,1.0,-3.0,timeout
2753,-3.6825945377349854,0.42032474279403687,-0.00024648651015013456,0.03300410509109497,0.03300410509109497,1.0,-3.0,timeout
2754,-3.6825780868530273,0.4203377068042755,-0.00025161856319755316,0.0006738959345966578,0.0006545342621393502,0.0,-3.0,timeout
2755,-3.681792974472046,0.42101219296455383,-0.0002462717820890248,0.032345809042453766,0.03234538063406944,1.0,-3.0,timeout
2756,-3.680990219116211,0.42169836163520813,-0.00024626628146506846,0.03300159052014351,0.03300158679485321,1.0,-3.0,timeout
2757,-3.6801865100860596,0.42238327860832214,-0.0002465558354742825,0.03299886733293533,0.03299886733293533,1.0,3.0,timeout
2758,-3.680185556411743,0.4223829507827759,-0.0002517599205020815,0.00016565290570724756,3.1513951398665085e-05,0.0,-3.0,timeout
2759,-3.679382562637329,0.42306795716285706,-0.000246208073804155,0.03298412635922432,0.03298367187380791,1.0,3.0,timeout
2760,-3.6785805225372314,0.42375490069389343,-0.0002462963748257607,0.03300034999847412,0.03300034999847412,1.0,0.0,timeout
2761,-3.6777780055999756,0.42444151639938354,-0.0002465694269631058,0.0330050066113472,0.0330050066113472,1.0,-3.0,timeout
2762,-3.676974296569824,0.4251262843608856,-0.0002468024904374033,0.03299584612250328,0.03299584612250328,1.0,-3.0,timeout
2763,-3.67616868019104,0.42580917477607727,-0.00024698980269022286,0.033003270626068115,0.033003270626068115,1.0,-3.0,timeout
2764,-3.6753616333007812,0.42649024724960327,-0.0002471397747285664,0.03300071507692337,0.03300071507692337,1.0,-3.0,timeout
2765,-3.674553632736206,0.4271700382232666,-0.0002472690830472857,0.032997701317071915,0.032997701317071915,1.0,3.0,timeout
2766,-3.6745529174804688,0.4271697402000427,-0.000252330704824999,0.00016001837502699345,2.4214385121013038e-05,0.0,-3.0,timeout
2767,-3.6745529174804688,0.4271697998046875,-0.0002516446984373033,2.1518466382985935e-05,1.8626450355441193e-06,0.0,3.0,timeout
2768,-3.673748016357422,0.4278494715690613,-0.00024589322856627405,0.03292173147201538,0.032921239733695984,1.0,-3.0,timeout
2769,-3.6729395389556885,0.42852890491485596,-0.0002460294927004725,0.03300191089510918,0.03300191089510918,1.0,-3.0,timeout
2770,-3.6721296310424805,0.429206520318985,-0.00024635999579913914,0.0329996682703495,0.032999664545059204,1.0,-3.0,timeout
2771,-3.6721291542053223,0.4292064905166626,-0.0002516229869797826,0.00016514475282747298,1.4930235920473933e-05,0.0,3.0,timeout
2772,-3.6713194847106934,0.42988383769989014,-0.00024607894010841846,0.0329890251159668,0.032988570630550385,1.0,-3.0,timeout
2773,-3.6705079078674316,0.4305596351623535,-0.00024619846954010427,0.0330033004283905,0.0330033004283905,1.0,-3.0,timeout
2774,-3.6696953773498535,0.4312341511249542,-0.0002465054567437619,0.03300061821937561,0.03300061449408531,1.0,3.0,timeout
2775,-3.668884515762329,0.4319106340408325,-0.0002467513841111213,0.03299984708428383,0.03299984708428383,1.0,3.0,timeout
2776,-3.6680748462677,0.4325885474681854,-0.00024693869636394083,0.032999929040670395,0.032999929040670395,1.0,-3.0,timeout
2777,-3.668058395385742,0.4326014816761017,-0.0002519799454603344,0.0006726662395521998,0.0006539581809192896,0.0,-3.0,timeout
2778,-3.6672463417053223,0.43327596783638,-0.00024647603277117014,0.032989006489515305,0.03298855200409889,1.0,3.0,timeout
2779,-3.6672306060791016,0.43328964710235596,-0.0002514033403713256,0.0006695165648125112,0.0006515697459690273,0.0,3.0,timeout
2780,-3.6664211750030518,0.4339674413204193,-0.00024598228628747165,0.03299226239323616,0.03299182280898094,1.0,-3.0,timeout
2781,-3.6656100749969482,0.43464356660842896,-0.00024612416746094823,0.03299840912222862,0.03299840912222862,1.0,-3.0,timeout
2782,-3.665593385696411,0.4346563518047333,-0.0002513187937438488,0.0006767469458281994,0.0006569891702383757,0.0,-3.0,timeout
2783,-3.664795398712158,0.4353153705596924,-0.00024603118072263896,0.03234211727976799,0.032341696321964264,1.0,-3.0,timeout
2784,-3.664794683456421,0.43531522154808044,-0.00025105723761953413,0.00015871506184339523,2.28316512220772e-05,0.0,0.0,timeout
2785,-3.6639955043792725,0.43597283959388733,-0.0002457220107316971,0.032343026250600815,0.03234259784221649,1.0,3.0,timeout
2786,-3.6639952659606934,0.4359729588031769,-0.00025079434271901846,0.00015872908988967538,8.330001946887933e-06,0.0,0.0,timeout
2787,-3.6631977558135986,0.43663275241851807,-0.0002455112407915294,0.03234605863690376,0.03234563395380974,1.0,3.0,timeout
2788,-3.6623854637145996,0.4373077154159546,-0.0002456467773299664,0.033003807067871094,0.033003807067871094,1.0,0.0,timeout
2789,-3.662369728088379,0.4373214840888977,-0.0002509396872483194,0.0006740163080394268,0.0006534061976708472,0.0,3.0,timeout
2790,-3.6615755558013916,0.4379851222038269,-0.00024572754045948386,0.03234264999628067,0.03234224021434784,1.0,3.0,timeout
2791,-3.6607666015625,0.4386637210845947,-0.0002458191302139312,0.03299655765295029,0.03299655765295029,1.0,-3.0,timeout
2792,-3.6599557399749756,0.43934041261672974,-0.00024618773022666574,0.033004023134708405,0.033004023134708405,1.0,-3.0,timeout
2793,-3.6591434478759766,0.44001519680023193,-0.00024649716215208173,0.03300023823976517,0.03300023823976517,1.0,-3.0,timeout
2794,-3.658329725265503,0.4406880736351013,-0.0002467455924488604,0.03299662098288536,0.03299661725759506,1.0,-3.0,timeout
2795,-3.6575140953063965,0.44135910272598267,-0.00024694445892237127,0.033005863428115845,0.033005863428115845,1.0,-3.0,timeout
2796,-3.6574974060058594,0.4413715898990631,-0.00025198538787662983,0.0006701453821733594,0.0006513674161396921,0.0,-3.0,timeout
2797,-3.657496690750122,0.44137096405029297,-0.0002514504885766655,3.4081051126122475e-05,2.9700284358114004e-05,0.0,-3.0,timeout
2798,-3.656677484512329,0.4420367479324341,-0.00024574610870331526,0.032989099621772766,0.032988619059324265,1.0,0.0,timeout
2799,-3.655858039855957,0.4427030086517334,-0.0002459276875015348,0.0330037996172905,0.0330037996172905,1.0,3.0,timeout
2800,-3.655857801437378,0.44270315766334534,-0.00025125237880274653,0.00016662840789649636,8.786078979028389e-06,0.0,0.0,timeout
2801,-3.655857563018799,0.44270285964012146,-0.0002507666067685932,1.930520920723211e-05,1.1926747902180068e-05,0.0,-3.0,timeout
2802,-3.6550402641296387,0.443368136882782,-0.0002452080952934921,0.03293284401297569,0.03293238580226898,1.0,3.0,timeout
2803,-3.654222249984741,0.44403600692749023,-0.00024547381326556206,0.03300091251730919,0.03300090879201889,1.0,-3.0,timeout
2804,-3.6534030437469482,0.44470247626304626,-0.0002459251554682851,0.03300213813781738,0.033002134412527084,1.0,3.0,timeout
2805,-3.652585029602051,0.4453703463077545,-0.00024627766106277704,0.03300091251730919,0.03300090879201889,1.0,-3.0,timeout
2806,-3.6517655849456787,0.4460362493991852,-0.00024656931054778397,0.03299675136804581,0.03299675136804581,1.0,-3.0,timeout
2807,-3.650944948196411,0.4467008113861084,-0.0002468131424393505,0.032999277114868164,0.032999277114868164,1.0,3.0,timeout
2808,-3.650944232940674,0.44670072197914124,-0.00025196594651788473,0.00016259303083643317,2.2525686290464364e-05,0.0,-3.0,timeout
2809,-3.6501243114471436,0.44736528396606445,-0.00024637344176881015,0.032982371747493744,0.032981909811496735,1.0,3.0,timeout
2810,-3.6493048667907715,0.44803139567375183,-0.00024642355856485665,0.03300086036324501,0.03300086036324501,1.0,-3.0,timeout
2811,-3.648483991622925,0.44869592785835266,-0.0002466801961418241,0.033004485070705414,0.033004485070705414,1.0,0.0,timeout
2812,-3.6476635932922363,0.4493606388568878,-0.00024689719430170953,0.032996419817209244,0.032996419817209244,1.0,3.0,timeout
2813,-3.6468441486358643,0.4500267505645752,-0.0002470553736202419,0.03300086036324501,0.03300086036324501,1.0,-3.0,timeout
2814,-3.6460230350494385,0.4506909251213074,-0.00024719125940464437,0.033003244549036026,0.033003244549036026,1.0,-3.0,timeout
2815,-3.6460227966308594,0.450690895318985,-0.00025228364393115044,0.00015931404777802527,7.508562248403905e-06,0.0,0.0,timeout
2816,-3.6460227966308594,0.45069095492362976,-0.0002516023232601583,2.1372588889789768e-05,1.8626450355441193e-06,0.0,3.0,timeout
2817,-3.645202159881592,0.4513551592826843,-0.00024585347273387015,0.032992735505104065,0.032992247492074966,1.0,0.0,timeout
2818,-3.644381046295166,0.45201924443244934,-0.00024600315373390913,0.03300148621201515,0.03300148621201515,1.0,-3.0,timeout
2819,-3.644364356994629,0.45203179121017456,-0.00025122109218500555,0.0006725513958372176,0.0006524850032292306,0.0,-3.0,timeout
2820,-3.643541097640991,0.4526924192905426,-0.0002458682283759117,0.0329863578081131,0.032985929399728775,1.0,3.0,timeout
2821,-3.64271879196167,0.45335501432418823,-0.00024602861958555877,0.03300122544169426,0.03300122544169426,1.0,0.0,timeout
2822,-3.642702579498291,0.4533683955669403,-0.00025124906096607447,0.000676874304190278,0.0006569204851984978,0.0,3.0,timeout
2823,-3.6418819427490234,0.45403236150741577,-0.00024586921790614724,0.032987985759973526,0.0329875573515892,1.0,-3.0,timeout
2824,-3.641059398651123,0.4546946585178375,-0.00024603429483249784,0.03300118446350098,0.03300118446350098,1.0,-3.0,timeout
2825,-3.641042470932007,0.45470714569091797,-0.00025124699459411204,0.0006772311171516776,0.000657348136883229,0.0,-3.0,timeout
2826,-3.6402335166931152,0.4553525745868683,-0.0002459737006574869,0.03234054893255234,0.03234013170003891,1.0,-3.0,timeout
2827,-3.639406204223633,0.4560089707374573,-0.0002460277173668146,0.03300245478749275,0.03300245478749275,1.0,-3.0,timeout
2828,-3.638577938079834,0.4566640555858612,-0.00024636511807329953,0.03300036862492561,0.03300036862492561,1.0,3.0,timeout
2829,-3.6377508640289307,0.45732060074806213,-0.0002466297009959817,0.03299951180815697,0.03299951180815697,1.0,-3.0,timeout
2830,-3.6377339363098145,0.45733293890953064,-0.00025173311587423086,0.0006737420917488635,0.0006545945070683956,0.0,-3.0,timeout
2831,-3.6377339363098145,0.45733293890953064,-0.0002512583741918206,1.4835676665825304e-05,0.0,0.0,3.0,timeout
2832,-3.6369221210479736,0.4579746127128601,-0.0002465829311404377,0.032337501645088196,0.03233717009425163,1.0,-3.0,timeout
2833,-3.636091947555542,0.45862728357315063,-0.00024650205159559846,0.033000461757183075,0.033000461757183075,1.0,-3.0,timeout
2834,-3.6352603435516357,0.45927801728248596,-0.0002467338927090168,0.03299827501177788,0.03299827501177788,1.0,-3.0,timeout
2835,-3.634427070617676,0.45992687344551086,-0.0002469343307893723,0.03300328552722931,0.03300328552722931,1.0,-3.0,timeout
2836,-3.6335926055908203,0.46057385206222534,-0.0002470955078024417,0.03299670293927193,0.03299670293927193,1.0,-3.0,timeout
2837,-3.632756471633911,0.4612189531326294,-0.0002472245250828564,0.033002059906721115,0.033002059906721115,1.0,-3.0,timeout
2838,-3.6327390670776367,0.4612307548522949,-0.00025220951647497714,0.0006753538618795574,0.000657141616102308,0.0,-3.0,timeout
2839,-3.6319010257720947,0.46187251806259155,-0.0002466592995915562,0.03298620507121086,0.03298575058579445,1.0,3.0,timeout
2840,-3.63106369972229,0.4625159800052643,-0.000246656738454476,0.03300032764673233,0.03300032764673233,1.0,-3.0,timeout
2841,-3.6310465335845947,0.4625280201435089,-0.0002517442044336349,0.0006742497789673507,0.0006552382255904377,0.0,-3.0,timeout
2842,-3.630207061767578,0.46316802501678467,-0.00024628674145787954,0.032988350838422775,0.03298791125416756,1.0,3.0,timeout
2843,-3.630206346511841,0.46316787600517273,-0.000251336139626801,0.0001594369241502136,2.28316512220772e-05,0.0,-3.0,timeout
2844,-3.6293673515319824,0.4638081192970276,-0.00024585911887697875,0.032981026917696,0.032980579882860184,1.0,3.0,timeout
2845,-3.6285288333892822,0.46445000171661377,-0.00024601168115623295,0.03299984708428383,0.03299984708428383,1.0,-3.0,timeout
2846,-3.628528356552124,0.4644501209259033,-0.0002513295039534569,0.00016689028416294605,1.5359764802269638e-05,0.0,0.0,timeout
2847,-3.628528118133545,0.46444979310035706,-0.0002508287725504488,2.0132494682911783e-05,1.2667356713791378e-05,0.0,-3.0,timeout
2848,-3.628528118133545,0.4644494652748108,-0.0002502206480130553,2.158931783924345e-05,1.0244547411275562e-05,0.0,-3.0,timeout
2849,-3.627701997756958,0.4650731682777405,-0.00024483766173943877,0.032348040491342545,0.032347600907087326,1.0,-3.0,timeout
2850,-3.6268577575683594,0.46570727229118347,-0.0002451034670230001,0.03299546241760254,0.03299546241760254,1.0,-3.0,timeout
2851,-3.626011848449707,0.46633946895599365,-0.0002456157235428691,0.03300146386027336,0.03300146013498306,1.0,-3.0,timeout
2852,-3.62516450881958,0.46696972846984863,-0.00024604020291008055,0.033001117408275604,0.033001117408275604,1.0,-3.0,timeout
2853,-3.6243157386779785,0.4675981104373932,-0.00024638051399961114,0.03300204873085022,0.03300204873085022,1.0,-3.0,timeout
2854,-3.624298095703125,0.46760958433151245,-0.0002515347150620073,0.0006771166226826608,0.0006576805608347058,0.0,-3.0,timeout
2855,-3.6234636306762695,0.4682217836380005,-0.00024620493059046566,0.032342590391635895,0.03234216198325157,1.0,-3.0,timeout
2856,-3.6234629154205322,0.46822139620780945,-0.00025119620840996504,0.00015803525457158685,2.5420156816835515e-05,0.0,0.0,timeout
2857,-3.623462677001953,0.46822115778923035,-0.0002507176250219345,1.8294702385901473e-05,1.0536711670283694e-05,0.0,3.0,timeout
2858,-3.622617244720459,0.4688412547111511,-0.00024517340352758765,0.032764945179224014,0.0327644869685173,1.0,-3.0,timeout
2859,-3.6217641830444336,0.4694637656211853,-0.00024543231120333076,0.03300144895911217,0.03300144895911217,1.0,-3.0,timeout
2860,-3.620910167694092,0.47008490562438965,-0.00024589081294834614,0.033000316470861435,0.033000312745571136,1.0,3.0,timeout
2861,-3.6200575828552246,0.47070813179016113,-0.00024625976220704615,0.03300260007381439,0.03300260007381439,1.0,3.0,timeout
2862,-3.6200554370880127,0.47070902585983276,-0.000251514749834314,0.000179568087332882,7.264316082000732e-05,0.0,-3.0,timeout
2863,-3.6192197799682617,0.47131961584091187,-0.0002461046678945422,0.032342951744794846,0.03234251216053963,1.0,-3.0,timeout
2864,-3.6192195415496826,0.47131985425949097,-0.00025111660943366587,0.0001569771848153323,1.0536711670283694e-05,0.0,3.0,timeout
2865,-3.6192193031311035,0.47131937742233276,-0.00025063971406780183,2.2352953237714246e-05,1.6660003893775865e-05,0.0,-3.0,timeout
2866,-3.6192190647125244,0.47131896018981934,-0.0002500686387065798,2.332375333935488e-05,1.501712449680781e-05,0.0,-3.0,timeout
2867,-3.6183688640594482,0.47193512320518494,-0.00024465768365189433,0.03281290456652641,0.03281246870756149,1.0,3.0,timeout
2868,-3.6175148487091064,0.4725561738014221,-0.0002450152824167162,0.032998669892549515,0.032998666167259216,1.0,-3.0,timeout
2869,-3.616659641265869,0.4731757938861847,-0.000245557603193447,0.03300255909562111,0.03300255537033081,1.0,3.0,timeout
2870,-3.6158056259155273,0.47379687428474426,-0.00024598377058282495,0.03299921751022339,0.03299921378493309,1.0,-3.0,timeout
2871,-3.614949941635132,0.47441592812538147,-0.00024633435532450676,0.03300425037741661,0.03300424665212631,1.0,-3.0,timeout
2872,-3.614093065261841,0.4750330150127411,-0.000246615381911397,0.03299847990274429,0.032998476177453995,1.0,-3.0,timeout
2873,-3.6132349967956543,0.4756486713886261,-0.0002468498714733869,0.03300263732671738,0.03300263732671738,1.0,3.0,timeout
2874,-3.6123785972595215,0.47626641392707825,-0.0002470275794621557,0.03299837186932564,0.03299836814403534,1.0,3.0,timeout
2875,-3.611523151397705,0.4768856167793274,-0.0002471595071256161,0.03300094231963158,0.03300094231963158,1.0,-3.0,timeout
2876,-3.610666275024414,0.47750282287597656,-0.0002472746418789029,0.033000655472278595,0.033000655472278595,1.0,-3.0,timeout
2877,-3.6106488704681396,0.4775144159793854,-0.0002522490103729069,0.0006717390497215092,0.0006535050924867392,0.0,-3.0,timeout
2878,-3.6098062992095947,0.4781154990196228,-0.00024677603505551815,0.03234422951936722,0.032343778759241104,1.0,-3.0,timeout
2879,-3.6098058223724365,0.47811558842658997,-0.00025165698025375605,0.0001532811438664794,1.5160831935645547e-05,0.0,3.0,timeout
2880,-3.6098055839538574,0.4781152904033661,-0.0002510765625629574,2.1707975975004956e-05,1.1926747902180068e-05,0.0,0.0,timeout
2881,-3.6089630126953125,0.4787161350250244,-0.0002455283247400075,0.0323399193584919,0.03233945369720459,1.0,-3.0,timeout
2882,-3.60894513130188,0.4787274897098541,-0.0002505388983990997,0.0006802019779570401,0.0006619344931095839,0.0,-3.0,timeout
2883,-3.6080996990203857,0.4793242812156677,-0.00024539243895560503,0.03233947977423668,0.03233908489346504,1.0,-3.0,timeout
2884,-3.6072351932525635,0.47993096709251404,-0.00024556214339099824,0.03300446644425392,0.03300446644425392,1.0,-3.0,timeout
2885,-3.6063694953918457,0.48053568601608276,-0.0002459835377521813,0.03299972787499428,0.03299972787499428,1.0,-3.0,timeout
2886,-3.606363296508789,0.4805395305156708,-0.0002512895443942398,0.00028187435236759484,0.000227945827646181,0.0,3.0,timeout
2887,-3.605515241622925,0.48113295435905457,-0.00024594791466370225,0.032346051186323166,0.03234562277793884,1.0,3.0,timeout
2888,-3.604651689529419,0.48174068331718445,-0.0002460025134496391,0.03299882635474205,0.03299882262945175,1.0,3.0,timeout
2889,-3.6037890911102295,0.4823499321937561,-0.0002463249256834388,0.033001840114593506,0.03300183638930321,1.0,-3.0,timeout
2890,-3.6029250621795654,0.4829571545124054,-0.0002466065052431077,0.03300190716981888,0.03300190344452858,1.0,-3.0,timeout
2891,-3.602907419204712,0.4829685091972351,-0.0002517149259801954,0.0006748114246875048,0.00065565702971071,0.0,-3.0,timeout
2892,-3.602041721343994,0.4835721254348755,-0.0002462643024045974,0.03298044949769974,0.03298000618815422,1.0,3.0,timeout
2893,-3.6011762619018555,0.4841774106025696,-0.0002463403216097504,0.033003758639097214,0.033003758639097214,1.0,-3.0,timeout
2894,-3.601170778274536,0.48418140411376953,-0.00025156704941764474,0.0002676156582310796,0.00021198995818849653,0.0,3.0,timeout
2895,-3.6003057956695557,0.48478642106056213,-0.00024606267106719315,0.032987192273139954,0.03298674523830414,1.0,-3.0,timeout
2896,-3.5994389057159424,0.48538967967033386,-0.0002461860131006688,0.033004190772771835,0.03300418704748154,1.0,-3.0,timeout
2897,-3.5985708236694336,0.4859909415245056,-0.00024648619000799954,0.03299920633435249,0.032999202609062195,1.0,-3.0,timeout
2898,-3.5977017879486084,0.48659080266952515,-0.000246745883487165,0.03299882262945175,0.03299881890416145,1.0,3.0,timeout
2899,-3.5968337059020996,0.4871922433376312,-0.0002469349419698119,0.03300238400697708,0.03300238400697708,1.0,-3.0,timeout
2900,-3.5959644317626953,0.48779168725013733,-0.00024709542049095035,0.03299754858016968,0.03299754858016968,1.0,-3.0,timeout
2901,-3.5950937271118164,0.48838919401168823,-0.00024722429225221276,0.033000070601701736,0.033000070601701736,1.0,-3.0,timeout
2902,-3.594221591949463,0.48898470401763916,-0.00024732749443501234,0.03300171718001366,0.03300171718001366,1.0,-3.0,timeout
2903,-3.593348264694214,0.4895783066749573,-0.00024741009110584855,0.0329989418387413,0.0329989418387413,1.0,-3.0,timeout
2904,-3.5933473110198975,0.4895778000354767,-0.00025245873257517815,0.00016133887402247638,3.374678999534808e-05,0.0,0.0,timeout
2905,-3.5924906730651855,0.4901584982872009,-0.0002468577877152711,0.03234141692519188,0.032340943813323975,1.0,3.0,timeout
2906,-3.592489719390869,0.4901581108570099,-0.00025169667787849903,0.00015459893620572984,3.216772529412992e-05,0.0,-3.0,timeout
2907,-3.592489719390869,0.49015796184539795,-0.0002511183556634933,1.8662844013306312e-05,4.656612873077393e-06,0.0,0.0,timeout
2908,-3.591615676879883,0.4907505214214325,-0.0002454712812323123,0.03299959748983383,0.03299912437796593,1.0,0.0,timeout
2909,-3.5907416343688965,0.4913429319858551,-0.0002456977672409266,0.032996516674757004,0.032996512949466705,1.0,-3.0,timeout
2910,-3.5898661613464355,0.49193331599235535,-0.00024609477259218693,0.03299808129668236,0.03299807757139206,1.0,-3.0,timeout
2911,-3.5889892578125,0.492521733045578,-0.0002464233839418739,0.03300086408853531,0.03300086408853531,1.0,-3.0,timeout
2912,-3.58811092376709,0.4931081235408783,-0.0002466868609189987,0.033002790063619614,0.033002790063619614,1.0,-3.0,timeout
2913,-3.5872318744659424,0.49369314312934875,-0.0002469068276695907,0.03299762308597565,0.03299762308597565,1.0,3.0,timeout
2914,-3.587214469909668,0.4937046766281128,-0.000251956022111699,0.0006712821195833385,0.0006524743512272835,0.0,3.0,timeout
2915,-3.5872139930725098,0.4937041401863098,-0.00025141568039543927,2.807482633215841e-05,2.242921618744731e-05,0.0,-3.0,timeout
2916,-3.587214231491089,0.493704229593277,-0.0002507040335331112,2.361967199249193e-05,7.957222805998754e-06,0.0,3.0,timeout
2917,-3.5872137546539307,0.49370378255844116,-0.00025010117678903043,2.7787031285697594e-05,2.0425499315024354e-05,0.0,-3.0,timeout
2918,-3.5863535404205322,0.4942791759967804,-0.0002447412989567965,0.03234148025512695,0.03234104812145233,1.0,-3.0,timeout
2919,-3.5854742527008057,0.49486392736434937,-0.0002450264000799507,0.032999187707901,0.032999187707901,1.0,-3.0,timeout
2920,-3.585456132888794,0.4948746860027313,-0.0002504365984350443,0.0006798912072554231,0.0006585346418432891,0.0,-3.0,timeout
2921,-3.5854556560516357,0.49487408995628357,-0.00025021101464517415,2.4873372240108438e-05,2.3853495804360136e-05,0.0,-3.0,timeout
2922,-3.5845730304718018,0.4954531788825989,-0.0002447543665766716,0.03298913314938545,0.032988693565130234,1.0,0.0,timeout
2923,-3.5836901664733887,0.49603271484375,-0.0002451346372254193,0.0330025888979435,0.0330025851726532,1.0,3.0,timeout
2924,-3.5836846828460693,0.49603569507598877,-0.00025058590108528733,0.00025895718135870993,0.0001950359292095527,0.0,-3.0,timeout
2925,-3.5828192234039307,0.4966033697128296,-0.0002453785273246467,0.03234490379691124,0.03234449774026871,1.0,-3.0,timeout
2926,-3.5828189849853516,0.4966033399105072,-0.0002505324373487383,0.0001612345949979499,7.508562248403905e-06,0.0,0.0,timeout
2927,-3.5819520950317383,0.49716877937316895,-0.00024529153597541153,0.03234408423304558,0.03234367072582245,1.0,-3.0,timeout
2928,-3.581066131591797,0.49774369597435,-0.0002454817295074463,0.033004797995090485,0.033004797995090485,1.0,0.0,timeout
2929,-3.5801804065704346,0.4983186721801758,-0.00024591924739070237,0.032999563962221146,0.032999563962221146,1.0,0.0,timeout
2930,-3.579294443130493,0.4988933503627777,-0.00024627838865853846,0.03300074487924576,0.03300074115395546,1.0,-3.0,timeout
2931,-3.5784072875976562,0.4994660019874573,-0.0002465705038048327,0.03299761563539505,0.03299761191010475,1.0,-3.0,timeout
2932,-3.577519178390503,0.5000372529029846,-0.0002468138700351119,0.032998956739902496,0.0329989530146122,1.0,3.0,timeout
2933,-3.576632022857666,0.5006099939346313,-0.00024698927882127464,0.032999128103256226,0.032999128103256226,1.0,-3.0,timeout
2934,-3.5757439136505127,0.5011813640594482,-0.00024714847677387297,0.033000972121953964,0.033000968396663666,1.0,3.0,timeout
2935,-3.5757369995117188,0.5011849999427795,-0.00025220029056072235,0.0002907186863012612,0.00024412022321484983,0.0,-3.0,timeout
2936,-3.575737237930298,0.5011852383613586,-0.00025157281197607517,2.2260359401116148e-05,1.0536711670283694e-05,0.0,3.0,timeout
2937,-3.574862003326416,0.5017504096031189,-0.00024589101667515934,0.03255833312869072,0.03255785256624222,1.0,-3.0,timeout
2938,-3.5739734172821045,0.5023210644721985,-0.0002459761453792453,0.03300142288208008,0.03300142288208008,1.0,-3.0,timeout
2939,-3.5730836391448975,0.5028896927833557,-0.0002463149721734226,0.03299863263964653,0.03299862891435623,1.0,-3.0,timeout
2940,-3.572192907333374,0.5034568905830383,-0.00024660880444571376,0.032999712973833084,0.032999709248542786,1.0,3.0,timeout
2941,-3.571303129196167,0.5040256977081299,-0.0002468253078404814,0.03300163522362709,0.03300163522362709,1.0,-3.0,timeout
2942,-3.5712850093841553,0.5040361881256104,-0.00025188946165144444,0.0006731616449542344,0.0006542950286529958,0.0,-3.0,timeout
2943,-3.5704104900360107,0.5045897364616394,-0.0002464885183144361,0.03234380856156349,0.03234336897730827,1.0,-3.0,timeout
2944,-3.569517135620117,0.5051527619361877,-0.00024644890800118446,0.03299916908144951,0.03299916908144951,1.0,3.0,timeout
2945,-3.569509506225586,0.5051566362380981,-0.0002516235108487308,0.0003124912327621132,0.0002673982526175678,0.0,-3.0,timeout
2946,-3.568633794784546,0.5057081580162048,-0.00024621826014481485,0.032341498881578445,0.03234105929732323,1.0,-3.0,timeout
2947,-3.5677387714385986,0.5062685012817383,-0.00024622050113976,0.03299874812364578,0.03299874812364578,1.0,-3.0,timeout
2948,-3.5668423175811768,0.5068268179893494,-0.0002465097641106695,0.033003125339746475,0.03300312161445618,1.0,-3.0,timeout
2949,-3.5659446716308594,0.5073831081390381,-0.0002467552840244025,0.03300134465098381,0.03300134465098381,1.0,-3.0,timeout
2950,-3.5650463104248047,0.507938027381897,-0.00024696148466318846,0.03299781307578087,0.03299781307578087,1.0,3.0,timeout
2951,-3.5650370121002197,0.5079426765441895,-0.0002520388807170093,0.0003615470777731389,0.0003248700813855976,0.0,-3.0,timeout
2952,-3.5650370121002197,0.5079426765441895,-0.0002514552033971995,1.8239916244056076e-05,0.0,0.0,3.0,timeout
2953,-3.5641536712646484,0.5084905028343201,-0.00024580827448517084,0.03248251602053642,0.03248203545808792,1.0,-3.0,timeout
2954,-3.5632548332214355,0.5090447664260864,-0.00024589989334344864,0.03299972787499428,0.03299972787499428,1.0,-3.0,timeout
2955,-3.5632362365722656,0.5090548992156982,-0.00025113573065027595,0.0006817391840741038,0.000661813304759562,0.0,-3.0,timeout
2956,-3.5623528957366943,0.509594202041626,-0.00024588487576693296,0.032342858612537384,0.032342441380023956,1.0,-3.0,timeout
2957,-3.561450719833374,0.5101427435874939,-0.0002459660463500768,0.0329953096807003,0.0329953096807003,1.0,3.0,timeout
2958,-3.561440944671631,0.5101476907730103,-0.00025122612714767456,0.00037978310137987137,0.00034236712963320315,0.0,-3.0,timeout
2959,-3.560556411743164,0.5106849670410156,-0.0002459113602526486,0.032341744750738144,0.03234132006764412,1.0,-3.0,timeout
2960,-3.559652328491211,0.5112308263778687,-0.0002459755924064666,0.03300285339355469,0.03300285339355469,1.0,-3.0,timeout
2961,-3.5587470531463623,0.5117745995521545,-0.00024631398264318705,0.0330011360347271,0.0330011323094368,1.0,-3.0,timeout
2962,-3.5578408241271973,0.5123167037963867,-0.00024660321651026607,0.032999880611896515,0.032999880611896515,1.0,0.0,timeout
2963,-3.5578222274780273,0.5123265385627747,-0.00025170837761834264,0.0006764889694750309,0.0006574081489816308,0.0,-3.0,timeout
2964,-3.557821750640869,0.5123258829116821,-0.00025122874649241567,2.9436403565341607e-05,2.5334713427582756e-05,0.0,-3.0,timeout
2965,-3.556927442550659,0.5128563046455383,-0.0002456479996908456,0.0324934683740139,0.032492998987436295,1.0,3.0,timeout
2966,-3.556020498275757,0.5133971571922302,-0.0002457726513966918,0.03299901261925697,0.03299901261925697,1.0,3.0,timeout
2967,-3.555114507675171,0.5139395594596863,-0.00024614136782474816,0.03299827501177788,0.03299827128648758,1.0,-3.0,timeout
2968,-3.555114269256592,0.5139396786689758,-0.0002514432417228818,0.00016589282313361764,8.330001946887933e-06,0.0,0.0,timeout
2969,-3.554224967956543,0.5144692659378052,-0.0002460349351167679,0.032345619052648544,0.03234517201781273,1.0,-3.0,timeout
2970,-3.553316354751587,0.5150071978569031,-0.00024607210070826113,0.03299722820520401,0.03299722820520401,1.0,-3.0,timeout
2971,-3.5524063110351562,0.5155429840087891,-0.0002463909040670842,0.03300163149833679,0.03300163149833679,1.0,-3.0,timeout
2972,-3.55149507522583,0.5160767436027527,-0.000246660114498809,0.03300168737769127,0.03300168737769127,1.0,-3.0,timeout
2973,-3.5514793395996094,0.5160854458808899,-0.0002517826505936682,0.00058428302872926,0.0005619263974949718,0.0,3.0,timeout
2974,-3.5505685806274414,0.5166195631027222,-0.000246287789195776,0.03299492597579956,0.032994478940963745,1.0,0.0,timeout
2975,-3.5496575832366943,0.5171536207199097,-0.00024636503076180816,0.03299996629357338,0.03299996629357338,1.0,-3.0,timeout
2976,-3.5487453937530518,0.51768559217453,-0.00024662932264618576,0.03299922123551369,0.03299921751022339,1.0,-3.0,timeout
2977,-3.548726797103882,0.5176950693130493,-0.00025173291214741766,0.0006714737974107265,0.0006522582843899727,0.0,-3.0,timeout
2978,-3.54783034324646,0.518212616443634,-0.0002463634009473026,0.03234810382127762,0.0323476642370224,1.0,-3.0,timeout
2979,-3.5469143390655518,0.5187382102012634,-0.00024633953580632806,0.03300261124968529,0.03300261124968529,1.0,-3.0,timeout
2980,-3.546898126602173,0.5187470316886902,-0.0002515084343031049,0.0005989738274365664,0.0005767826805822551,0.0,3.0,timeout
2981,-3.5468978881835938,0.5187467932701111,-0.0002510561316739768,1.7629667127039284e-05,1.0536711670283694e-05,0.0,3.0,timeout
2982,-3.54600191116333,0.5192648768424988,-0.0002455209323670715,0.03234361112117767,0.032343149185180664,1.0,3.0,timeout
2983,-3.545088768005371,0.5197952389717102,-0.00024563950137235224,0.0329996794462204,0.0329996794462204,1.0,-3.0,timeout
2984,-3.5441744327545166,0.5203235149383545,-0.0002460438117850572,0.03299923986196518,0.03299923613667488,1.0,-3.0,timeout
2985,-3.5432589054107666,0.5208497047424316,-0.0002463824057485908,0.03299896419048309,0.032998960465192795,1.0,-3.0,timeout
2986,-3.542342185974121,0.5213741064071655,-0.0002466586302034557,0.03300348296761513,0.03300348296761513,1.0,0.0,timeout
2987,-3.5414257049560547,0.5218989253044128,-0.000246880081249401,0.03300349414348602,0.03300349414348602,1.0,3.0,timeout
2988,-3.540510654449463,0.5224258899688721,-0.0002470515319146216,0.03299812227487564,0.03299812227487564,1.0,3.0,timeout
2989,-3.5395965576171875,0.5229544639587402,-0.0002471786574460566,0.03299744427204132,0.03299744427204132,1.0,-3.0,timeout
2990,-3.5386815071105957,0.523481547832489,-0.00024730010773055255,0.03299998119473457,0.03299998119473457,1.0,3.0,timeout
2991,-3.538667678833008,0.5234890580177307,-0.00025228376034647226,0.0005158246494829655,0.0004917524056509137,0.0,-3.0,timeout
2992,-3.5377533435821533,0.5240159630775452,-0.0002466971054673195,0.03297828882932663,0.03297782689332962,1.0,3.0,timeout
2993,-3.536839246749878,0.5245445966720581,-0.00024668427067808807,0.032998379319906235,0.032998379319906235,1.0,-3.0,timeout
2994,-3.535923719406128,0.5250710248947144,-0.0002468836901243776,0.03300267457962036,0.03300267457962036,1.0,-3.0,timeout
2995,-3.5350069999694824,0.5255953073501587,-0.0002470540057402104,0.03300163522362709,0.03300163522362709,1.0,-3.0,timeout
2996,-3.5340890884399414,0.5261175036430359,-0.00024719093926250935,0.033001694828271866,0.033001694828271866,1.0,-3.0,timeout
2997,-3.533169984817505,0.526637613773346,-0.0002473006315995008,0.03300192207098007,0.03300192207098007,1.0,-3.0,timeout
2998,-3.532249927520752,0.5271555781364441,-0.0002473884669598192,0.032994914799928665,0.03299491107463837,1.0,-3.0,timeout
2999,-3.532230854034424,0.5271647572517395,-0.00025234039640054107,0.0006793375941924751,0.000661477679386735,0.0,-3.0,timeout
3000,-3.5313267707824707,0.5276685357093811,-0.00024684949312359095,0.03234321251511574,0.03234275430440903,1.0,-3.0,timeout
3001,-3.530402898788452,0.5281801223754883,-0.00024672833387739956,0.033001840114593506,0.033001840114593506,1.0,-3.0,timeout
3002,-3.5303845405578613,0.5281897187232971,-0.0002518094552215189,0.0006665356922894716,0.0006473461980931461,0.0,3.0,timeout
3003,-3.529479742050171,0.5286921858787537,-0.00024642195785418153,0.032342806458473206,0.03234236687421799,1.0,3.0,timeout
3004,-3.528557538986206,0.5292065143585205,-0.00024637478054501116,0.032997868955135345,0.032997868955135345,1.0,-3.0,timeout
3005,-3.528538703918457,0.5292158722877502,-0.0002515146043151617,0.0006765812286175787,0.0006572392885573208,0.0,-3.0,timeout
3006,-3.527632474899292,0.5297160148620605,-0.0002461878175381571,0.03234672173857689,0.032346293330192566,1.0,-3.0,timeout
3007,-3.5267069339752197,0.5302244424819946,-0.0002462084230501205,0.032999832183122635,0.032999832183122635,1.0,3.0,timeout
3008,-3.525782585144043,0.5307350754737854,-0.0002464999270159751,0.033000458031892776,0.03300045430660248,1.0,3.0,timeout
3009,-3.5248591899871826,0.5312473177909851,-0.0002467368030920625,0.032998740673065186,0.03299873694777489,1.0,-3.0,timeout
3010,-3.524841070175171,0.5312575101852417,-0.0002518303517717868,0.0006688935682177544,0.0006496787536889315,0.0,3.0,timeout
3011,-3.5239181518554688,0.5317696332931519,-0.00024633589782752097,0.03298434987664223,0.03298389911651611,1.0,-3.0,timeout
3012,-3.522993564605713,0.5322801470756531,-0.00024641139316372573,0.03300517424941063,0.03300517424941063,1.0,0.0,timeout
3013,-3.5220694541931152,0.5327909588813782,-0.0002466719306539744,0.032996635884046555,0.032996635884046555,1.0,3.0,timeout
3014,-3.521146059036255,0.5333033800125122,-0.00024687484255991876,0.03300144895911217,0.03300144895911217,1.0,-3.0,timeout
3015,-3.520221471786499,0.5338136553764343,-0.0002470470208209008,0.033001575618982315,0.033001575618982315,1.0,-3.0,timeout
3016,-3.5192956924438477,0.5343217849731445,-0.0002471853222232312,0.03300188109278679,0.03300188109278679,1.0,-3.0,timeout
3017,-3.518369197845459,0.5348284244537354,-0.0002473056083545089,0.032999105751514435,0.032999105751514435,1.0,3.0,timeout
3018,-3.518350839614868,0.5348384380340576,-0.0002522749127820134,0.0006716863135807216,0.0006534885033033788,0.0,3.0,timeout
3019,-3.518350839614868,0.5348383188247681,-0.00025167534477077425,1.9103252270724624e-05,3.7252900710882386e-06,0.0,0.0,timeout
3020,-3.5174448490142822,0.535338819026947,-0.0002460121177136898,0.03234565630555153,0.03234517201781273,1.0,-3.0,timeout
3021,-3.516519069671631,0.5358469486236572,-0.00024604322970844805,0.03300188109278679,0.03300188109278679,1.0,-3.0,timeout
3022,-3.515592575073242,0.5363536477088928,-0.00024637687602080405,0.033000003546476364,0.033000003546476364,1.0,3.0,timeout
3023,-3.514667272567749,0.5368625521659851,-0.0002466485311742872,0.03300048038363457,0.03300048038363457,1.0,3.0,timeout
3024,-3.5137429237365723,0.5373730063438416,-0.00024685636162757874,0.03299775347113609,0.03299775347113609,1.0,-3.0,timeout
3025,-3.5128173828125,0.5378813743591309,-0.00024703217786736786,0.032998934388160706,0.032998934388160706,1.0,-3.0,timeout
3026,-3.5118906497955322,0.5383875370025635,-0.0002471734187565744,0.032998498529195786,0.032998498529195786,1.0,-3.0,timeout
3027,-3.510962724685669,0.538891613483429,-0.0002472865453455597,0.03300002962350845,0.03300002962350845,1.0,-3.0,timeout
3028,-3.51003360748291,0.5393936038017273,-0.00024737714556977153,0.03300173208117485,0.03300173208117485,1.0,-3.0,timeout
3029,-3.509103298187256,0.5398935079574585,-0.00024744970141910017,0.03300359845161438,0.03300359845161438,1.0,-3.0,timeout
3030,-3.5081725120544434,0.5403919219970703,-0.00024751684395596385,0.032994721084833145,0.032994721084833145,1.0,3.0,timeout
3031,-3.5081539154052734,0.5404016375541687,-0.00025244354037567973,0.0006735079805366695,0.0006556748994626105,0.0,3.0,timeout
3032,-3.507225275039673,0.5409042239189148,-0.00024682958610355854,0.03299795091152191,0.032997481524944305,1.0,0.0,timeout
3033,-3.5062966346740723,0.5414067506790161,-0.00024679870693944395,0.03299659863114357,0.03299659863114357,1.0,-3.0,timeout
3034,-3.505366563796997,0.5419070720672607,-0.00024697600747458637,0.03300321474671364,0.03300321474671364,1.0,-3.0,timeout
3035,-3.5044357776641846,0.5424059629440308,-0.00024713765014894307,0.03300175815820694,0.03300175815820694,1.0,3.0,timeout
3036,-3.5035064220428467,0.5429070591926575,-0.0002472576452419162,0.03299501910805702,0.032995015382766724,1.0,3.0,timeout
3037,-3.502577781677246,0.5434097647666931,-0.00024734350154176354,0.03299925476312637,0.03299925476312637,1.0,-3.0,timeout
3038,-3.502558946609497,0.5434191226959229,-0.0002523033181205392,0.0006752678309567273,0.0006572392885573208,0.0,-3.0,timeout
3039,-3.5016465187072754,0.5439077019691467,-0.0002468195161782205,0.03234434500336647,0.03234389051795006,1.0,-3.0,timeout
3040,-3.5016274452209473,0.5439167618751526,-0.0002515857922844589,0.0006764720310457051,0.0006598707986995578,0.0,-3.0,timeout
3041,-3.5007128715515137,0.5444009304046631,-0.000246230949414894,0.03233873471617699,0.032338302582502365,1.0,-3.0,timeout
3042,-3.4997785091400146,0.5448930263519287,-0.00024624215438961983,0.03300081938505173,0.03300081938505173,1.0,3.0,timeout
3043,-3.498844861984253,0.5453867316246033,-0.00024651733110658824,0.0330045260488987,0.0330045260488987,1.0,-3.0,timeout
3044,-3.497910261154175,0.5458783507347107,-0.00024676055181771517,0.03300047665834427,0.03300047293305397,1.0,-3.0,timeout
3045,-3.4969747066497803,0.5463677644729614,-0.0002469563332851976,0.03299485146999359,0.03299484774470329,1.0,-3.0,timeout
3046,-3.496037721633911,0.5468551516532898,-0.0002471130865160376,0.03300519287586212,0.03300519287586212,1.0,-3.0,timeout
3047,-3.4950997829437256,0.5473403930664062,-0.00024723855312913656,0.03300077095627785,0.03300077095627785,1.0,-3.0,timeout
3048,-3.4941608905792236,0.5478235483169556,-0.00024733893224038184,0.032997362315654755,0.032997362315654755,1.0,-3.0,timeout
3049,-3.4932210445404053,0.5483052134513855,-0.0002474282227922231,0.03300260007381439,0.03300260007381439,1.0,3.0,timeout
3050,-3.4922821521759033,0.5487886667251587,-0.00024748072610236704,0.033001624047756195,0.033001624047756195,1.0,-3.0,timeout
3051,-3.491342306137085,0.54926997423172,-0.00024753197794780135,0.032997507601976395,0.032997507601976395,1.0,-3.0,timeout
3052,-3.4904017448425293,0.5497498512268066,-0.00024758270592428744,0.03299706429243088,0.03299706429243088,1.0,3.0,timeout
3053,-3.490382432937622,0.5497584939002991,-0.0002524858573451638,0.0006786981248296797,0.0006611759890802205,0.0,-3.0,timeout
3054,-3.489442825317383,0.5502383708953857,-0.00024688176927156746,0.032970983535051346,0.03297051787376404,1.0,3.0,timeout
3055,-3.4885029792785645,0.5507203340530396,-0.00024683785159140825,0.03300685063004494,0.03300685063004494,1.0,0.0,timeout
3056,-3.4875636100769043,0.5512025952339172,-0.00024701273650862277,0.032997846603393555,0.032997846603393555,1.0,3.0,timeout
3057,-3.4866249561309814,0.5516864061355591,-0.00024714722530916333,0.033000119030475616,0.033000119030475616,1.0,-3.0,timeout
3058,-3.4866065979003906,0.5516961216926575,-0.00025215852656401694,0.0006677049095742404,0.000649080378934741,0.0,3.0,timeout
3059,-3.485668420791626,0.552179753780365,-0.00024659873452037573,0.03298477455973625,0.03298431634902954,1.0,-3.0,timeout
3060,-3.484729051589966,0.5526620149612427,-0.00024662635405547917,0.032997846603393555,0.032997846603393555,1.0,3.0,timeout
3061,-3.484710454940796,0.5526717901229858,-0.0002517214452382177,0.0006755705107934773,0.0006565394578501582,0.0,3.0,timeout
3062,-3.483773708343506,0.5531576871871948,-0.00024624832440167665,0.03297755867242813,0.032977115362882614,1.0,-3.0,timeout
3063,-3.482835054397583,0.5536416172981262,-0.00024633624707348645,0.03300182893872261,0.03300182893872261,1.0,-3.0,timeout
3064,-3.4818952083587646,0.5541233420372009,-0.00024660624330863357,0.03300344944000244,0.03300344944000244,1.0,-3.0,timeout
3065,-3.4818761348724365,0.5541319251060486,-0.00025171422748826444,0.0006728252046741545,0.0006536159780807793,0.0,-3.0,timeout
3066,-3.4818756580352783,0.554131269454956,-0.00025123360683210194,2.9452161470544524e-05,2.5334713427582756e-05,0.0,-3.0,timeout
3067,-3.481875419616699,0.5541306734085083,-0.0002505490556359291,2.9327171432669275e-05,2.0061301256646402e-05,0.0,-3.0,timeout
3068,-3.48187518119812,0.5541301369667053,-0.00024998679873533547,2.540196328482125e-05,1.8344926502322778e-05,0.0,-3.0,timeout
3069,-3.4809491634368896,0.554592490196228,-0.00024465026217512786,0.032345000654459,0.03234456852078438,1.0,-3.0,timeout
3070,-3.4809486865997314,0.5545926094055176,-0.00024994148407131433,0.00016606254212092608,1.5359764802269638e-05,0.0,3.0,timeout
3071,-3.4800209999084473,0.5550552606582642,-0.0002448067825753242,0.03239579126238823,0.03239539638161659,1.0,-3.0,timeout
3072,-3.479074716567993,0.5555241703987122,-0.0002450962201692164,0.03300284594297409,0.03300284594297409,1.0,-3.0,timeout
3073,-3.4781277179718018,0.5559912323951721,-0.00024561549071222544,0.03299729898571968,0.032997291535139084,1.0,0.0,timeout
3074,-3.4781084060668945,0.5559994578361511,-0.00025091812130995095,0.0006765645812265575,0.0006559579051099718,0.0,-3.0,timeout
3075,-3.4771790504455566,0.5564550757408142,-0.00024571121321059763,0.032345134764909744,0.032344721257686615,1.0,-3.0,timeout
3076,-3.476229667663574,0.5569173097610474,-0.0002458177041262388,0.03299780935049057,0.03299780935049057,1.0,-3.0,timeout
3077,-3.4752790927886963,0.5573775172233582,-0.0002461879048496485,0.033003661781549454,0.033003658056259155,1.0,-3.0,timeout
3078,-3.4752602577209473,0.557386040687561,-0.0002513914369046688,0.0006662085652351379,0.0006460586446337402,0.0,3.0,timeout
3079,-3.4743106365203857,0.5578463077545166,-0.00024598545860499144,0.032978083938360214,0.03297765180468559,1.0,-3.0,timeout
3080,-3.4733595848083496,0.5583052039146423,-0.0002461349358782172,0.032999247312545776,0.032999247312545776,1.0,3.0,timeout
3081,-3.47240948677063,0.5587661862373352,-0.0002464402059558779,0.03300081193447113,0.03300081193447113,1.0,0.0,timeout
3082,-3.471459150314331,0.5592268705368042,-0.0002466949517838657,0.03300345316529274,0.03300344944000244,1.0,-3.0,timeout
3083,-3.471439838409424,0.5592350959777832,-0.00025178526993840933,0.0006749702151864767,0.0006559579051099718,0.0,-3.0,timeout
3084,-3.4705066680908203,0.5596825480461121,-0.0002464053686708212,0.03234109655022621,0.032340653240680695,1.0,-3.0,timeout
3085,-3.4695534706115723,0.5601370930671692,-0.00024638231843709946,0.0330008938908577,0.0330008938908577,1.0,3.0,timeout
3086,-3.469534158706665,0.5601454377174377,-0.0002515114611014724,0.0006766840233467519,0.0006574266008101404,0.0,-3.0,timeout
3087,-3.468599796295166,0.5605905652046204,-0.0002461848489474505,0.03234337270259857,0.03234294429421425,1.0,-3.0,timeout
3088,-3.468580484390259,0.5605987310409546,-0.00025107827968895435,0.0006728381267748773,0.0006552302511408925,0.0,-3.0,timeout
3089,-3.468580484390259,0.5605987906455994,-0.00025072021526284516,1.134348440245958e-05,1.8626450355441193e-06,0.0,3.0,timeout
3090,-3.4685802459716797,0.5605985522270203,-0.00025013272534124553,2.1167836166569032e-05,1.0536711670283694e-05,0.0,0.0,timeout
3091,-3.4685802459716797,0.5605986714363098,-0.0002496590022929013,1.5265371985151432e-05,3.7252900710882386e-06,0.0,3.0,timeout
3092,-3.4676456451416016,0.561043381690979,-0.0002443774719722569,0.03234448656439781,0.032344065606594086,1.0,-3.0,timeout
3093,-3.4666907787323,0.5614945292472839,-0.0002447357983328402,0.03300248831510544,0.03300248458981514,1.0,-3.0,timeout
3094,-3.4657349586486816,0.5619434714317322,-0.0002453217748552561,0.03300007805228233,0.033000074326992035,1.0,-3.0,timeout
3095,-3.464778423309326,0.562390923500061,-0.0002458145027048886,0.03300055116415024,0.03300054743885994,1.0,3.0,timeout
3096,-3.463822603225708,0.5628401041030884,-0.0002461901167407632,0.033003244549036026,0.03300324082374573,1.0,-3.0,timeout
3097,-3.4628660678863525,0.563287079334259,-0.0002464997232891619,0.032994240522384644,0.032994240522384644,1.0,-3.0,timeout
3098,-3.4619081020355225,0.5637319087982178,-0.00024674786254763603,0.0330064482986927,0.0330064482986927,1.0,-3.0,timeout
3099,-3.460949659347534,0.5641751885414124,-0.00024695569300092757,0.03299960494041443,0.03299960121512413,1.0,3.0,timeout
3100,-3.4599921703338623,0.5646201968193054,-0.00024710275465622544,0.03299528732895851,0.03299528732895851,1.0,-3.0,timeout
3101,-3.459973096847534,0.5646287202835083,-0.000252122845267877,0.0006714377668686211,0.0006528538069687784,0.0,3.0,timeout
3102,-3.459019422531128,0.5650722980499268,-0.00024658621987327933,0.032868798822164536,0.03286834433674812,1.0,-3.0,timeout
3103,-3.4580607414245605,0.5655153393745422,-0.00024659140035510063,0.03300324082374573,0.03300324082374573,1.0,-3.0,timeout
3104,-3.4571011066436768,0.565956175327301,-0.00024680988281033933,0.03300146758556366,0.03300146758556366,1.0,-3.0,timeout
3105,-3.4561407566070557,0.5663954615592957,-0.0002470046456437558,0.0330016054213047,0.0330016054213047,1.0,3.0,timeout
3106,-3.455181360244751,0.5668365359306335,-0.00024714189930818975,0.03299780935049057,0.03299780935049057,1.0,-3.0,timeout
3107,-3.454220771789551,0.5672754049301147,-0.00024726096307858825,0.03300296142697334,0.03300296142697334,1.0,-3.0,timeout
3108,-3.4542012214660645,0.5672829747200012,-0.00025223815464414656,0.0006733554182574153,0.0006551455007866025,0.0,-3.0,timeout
3109,-3.4542007446289062,0.5672822594642639,-0.00025165281840600073,3.249974179198034e-05,2.6863448510994203e-05,0.0,-3.0,timeout
3110,-3.453256845474243,0.5677064061164856,-0.0002459989918861538,0.03233850747346878,0.03233802318572998,1.0,-3.0,timeout
3111,-3.4522924423217773,0.5681365728378296,-0.00024603313067927957,0.03299971669912338,0.03299971669912338,1.0,-3.0,timeout
3112,-3.452272653579712,0.568143904209137,-0.0002512413775548339,0.0006792611093260348,0.0006594736478291452,0.0,-3.0,timeout
3113,-3.4513256549835205,0.5685614347457886,-0.0002459695388097316,0.032342854887247086,0.03234243765473366,1.0,-3.0,timeout
3114,-3.4503581523895264,0.568984866142273,-0.00024602439953014255,0.033003244549036026,0.033003244549036026,1.0,-3.0,timeout
3115,-3.449389696121216,0.5694060921669006,-0.0002463533019181341,0.033003002405166626,0.03300299867987633,1.0,-3.0,timeout
3116,-3.448420524597168,0.5698252320289612,-0.0002466303121764213,0.03299756720662117,0.03299756348133087,1.0,-3.0,timeout
3117,-3.4484004974365234,0.5698320865631104,-0.0002517343091312796,0.0006804486038163304,0.0006614908343181014,0.0,-3.0,timeout
3118,-3.4474377632141113,0.5702444314956665,-0.0002463169803377241,0.03272928297519684,0.03272884339094162,1.0,3.0,timeout
3119,-3.446467638015747,0.570661723613739,-0.000246346986386925,0.033002063632011414,0.033002063632011414,1.0,-3.0,timeout
3120,-3.4454965591430664,0.5710768699645996,-0.00024661299539729953,0.033003028482198715,0.03300302475690842,1.0,-3.0,timeout
3121,-3.445476770401001,0.5710839033126831,-0.00025171961169689894,0.0006754192872904241,0.0006562963244505227,0.0,-3.0,timeout
3122,-3.444523334503174,0.5714867115020752,-0.00024635286536067724,0.032345231622457504,0.03234479948878288,1.0,-3.0,timeout
3123,-3.4445114135742188,0.5714913606643677,-0.00025126070249825716,0.0004282619629520923,0.000399857439333573,0.0,3.0,timeout
3124,-3.4435582160949707,0.5718947052955627,-0.00024593507987447083,0.032344888895750046,0.03234446421265602,1.0,3.0,timeout
3125,-3.443549633026123,0.5718973875045776,-0.00025092108990065753,0.00032131868647411466,0.00028101258794777095,0.0,-3.0,timeout
3126,-3.442596435546875,0.5723004937171936,-0.0002456452348269522,0.03234197944402695,0.03234156221151352,1.0,-3.0,timeout
3127,-3.441622734069824,0.5727097988128662,-0.00024577134172432125,0.03300723433494568,0.03300723433494568,1.0,3.0,timeout
3128,-3.441603422164917,0.5727180242538452,-0.00025103369262069464,0.0006762574193999171,0.0006559579051099718,0.0,3.0,timeout
3129,-3.4406421184539795,0.5731269717216492,-0.00024574718554504216,0.03264646232128143,0.032646045088768005,1.0,-3.0,timeout
3130,-3.439669370651245,0.5735378861427307,-0.00024588851374574006,0.03299930319190025,0.03299930319190025,1.0,-3.0,timeout
3131,-3.4386959075927734,0.5739471316337585,-0.0002462558913975954,0.03299964964389801,0.03299964591860771,1.0,3.0,timeout
3132,-3.437723159790039,0.5743581056594849,-0.00024654236040078104,0.03300002962350845,0.03300002962350845,1.0,-3.0,timeout
3133,-3.4367494583129883,0.5747668743133545,-0.00024678127374500036,0.03300074487924576,0.03300074487924576,1.0,-3.0,timeout
3134,-3.436729669570923,0.5747739672660828,-0.00025185453705489635,0.0006757824448868632,0.0006569224642589688,0.0,-3.0,timeout
3135,-3.4357640743255615,0.5751751065254211,-0.0002464228600729257,0.03267555311322212,0.032675109803676605,1.0,3.0,timeout
3136,-3.435744524002075,0.5751824378967285,-0.0002513050858397037,0.0006700922967866063,0.0006524923373945057,0.0,-3.0,timeout
3137,-3.434788703918457,0.575579047203064,-0.0002460074902046472,0.032339125871658325,0.0323387049138546,1.0,-3.0,timeout
3138,-3.433812141418457,0.5759813189506531,-0.00024605842190794647,0.03300533443689346,0.03300533443689346,1.0,0.0,timeout
3139,-3.4337925910949707,0.5759891867637634,-0.00025126885157078505,0.0006783957942388952,0.0006585655501112342,0.0,3.0,timeout
3140,-3.4328296184539795,0.5763884782791138,-0.000245946052018553,0.03257770463824272,0.0325772799551487,1.0,-3.0,timeout
3141,-3.4318532943725586,0.576790452003479,-0.00024603778729215264,0.03299490362405777,0.03299490362405777,1.0,-3.0,timeout
3142,-3.431833267211914,0.5767973065376282,-0.0002512470819056034,0.0006812274223193526,0.0006614908343181014,0.0,-3.0,timeout
3143,-3.4308745861053467,0.5771871209144592,-0.00024597422452643514,0.03234114497900009,0.032340724021196365,1.0,-3.0,timeout
3144,-3.4298951625823975,0.5775824785232544,-0.0002460325777065009,0.033006541430950165,0.033006541430950165,1.0,0.0,timeout
3145,-3.4289159774780273,0.5779775381088257,-0.00024635548470541835,0.032996147871017456,0.03299614414572716,1.0,-3.0,timeout
3146,-3.428895950317383,0.5779842138290405,-0.00025151335285045207,0.0006791078485548496,0.000659702520351857,0.0,-3.0,timeout
3147,-3.427934408187866,0.5783673524856567,-0.0002461879630573094,0.03234619274735451,0.032345764338970184,1.0,-3.0,timeout
3148,-3.426952362060547,0.5787555575370789,-0.0002461989934090525,0.03299972414970398,0.03299972414970398,1.0,-3.0,timeout
3149,-3.4259696006774902,0.5791415572166443,-0.00024649285478517413,0.032995257526636124,0.032995257526636124,1.0,-3.0,timeout
3150,-3.4259493350982666,0.5791478753089905,-0.0002516235690563917,0.0006824646261520684,0.0006633632001467049,0.0,-3.0,timeout
3151,-3.4249799251556396,0.5795246362686157,-0.00024626319645904005,0.03250199928879738,0.03250156715512276,1.0,3.0,timeout
3152,-3.4239964485168457,0.5799088478088379,-0.0002462707634549588,0.03299568593502045,0.03299568593502045,1.0,-3.0,timeout
3153,-3.4230120182037354,0.580291211605072,-0.0002465552242938429,0.03300250321626663,0.033002499490976334,1.0,0.0,timeout
3154,-3.422027587890625,0.5806732773780823,-0.00024678726913407445,0.032999128103256226,0.032999128103256226,1.0,-3.0,timeout
3155,-3.4210422039031982,0.5810531377792358,-0.0002469775499776006,0.033002059906721115,0.033002059906721115,1.0,-3.0,timeout
3156,-3.420056104660034,0.5814307332038879,-0.0002471300249453634,0.03299754485487938,0.03299754485487938,1.0,-3.0,timeout
3157,-3.419069290161133,0.5818068385124207,-0.0002472612541168928,0.03300180286169052,0.03300180286169052,1.0,3.0,timeout
3158,-3.418083429336548,0.5821852684020996,-0.0002473563654348254,0.0329999178647995,0.0329999178647995,1.0,3.0,timeout
3159,-3.4180638790130615,0.5821928977966309,-0.0002523150178603828,0.0006738785305060446,0.0006558204186148942,0.0,3.0,timeout
3160,-3.417097330093384,0.5825688242912292,-0.00024680793285369873,0.032409247010946274,0.03240878880023956,1.0,-3.0,timeout
3161,-3.416112184524536,0.5829495191574097,-0.00024671354913152754,0.033004503697156906,0.033004503697156906,1.0,3.0,timeout
3162,-3.415127992630005,0.5833319425582886,-0.00024689463316462934,0.03299622982740402,0.03299622982740402,1.0,-3.0,timeout
3163,-3.4141430854797363,0.5837127566337585,-0.00024707222473807633,0.03299889713525772,0.03299889713525772,1.0,3.0,timeout
3164,-3.413158893585205,0.58409583568573,-0.0002472055784892291,0.033003658056259155,0.033003658056259155,1.0,3.0,timeout
3165,-3.4121756553649902,0.5844812393188477,-0.0002473120403010398,0.033002328127622604,0.033002328127622604,1.0,3.0,timeout
3166,-3.4111931324005127,0.5848682522773743,-0.00024738674983382225,0.0329999141395092,0.0329999141395092,1.0,-3.0,timeout
3167,-3.4111735820770264,0.5848754644393921,-0.0002523375442251563,0.0006693198229186237,0.0006511936080642045,0.0,-3.0,timeout
3168,-3.410189390182495,0.5852580070495605,-0.0002467562153469771,0.032998040318489075,0.032997578382492065,1.0,0.0,timeout
3169,-3.410169839859009,0.5852658152580261,-0.0002516336098778993,0.0006752981571480632,0.0006578724714927375,0.0,3.0,timeout
3170,-3.4092044830322266,0.585643470287323,-0.000246254465309903,0.03239414840936661,0.03239371255040169,1.0,-3.0,timeout
3171,-3.408220052719116,0.5860255360603333,-0.00024625836522318423,0.032999128103256226,0.032999128103256226,1.0,-3.0,timeout
3172,-3.4072349071502686,0.5864059925079346,-0.00024655007291585207,0.033001817762851715,0.033001817762851715,1.0,3.0,timeout
3173,-3.407215118408203,0.5864128470420837,-0.00025165933766402304,0.0006736412178725004,0.0006544460775330663,0.0,-3.0,timeout
3174,-3.406249523162842,0.5867853164672852,-0.000246303912717849,0.03234240785241127,0.03234197571873665,1.0,-3.0,timeout
3175,-3.4052634239196777,0.5871632695198059,-0.00024630126426927745,0.03300154209136963,0.03300154209136963,1.0,3.0,timeout
3176,-3.404278039932251,0.587543249130249,-0.00024656933965161443,0.03300340473651886,0.03300340473651886,1.0,0.0,timeout
3177,-3.4042582511901855,0.5875502228736877,-0.00025167953572236,0.0006748419255018234,0.0006556748994626105,0.0,-3.0,timeout
3178,-3.403291702270508,0.5879201889038086,-0.0002463203272782266,0.03234216943383217,0.03234173730015755,1.0,-3.0,timeout
3179,-3.4023044109344482,0.5882949829101562,-0.0002463043783791363,0.033001162111759186,0.033001162111759186,1.0,-3.0,timeout
3180,-3.4013164043426514,0.5886678099632263,-0.0002465815341565758,0.033000312745571136,0.03300030902028084,1.0,0.0,timeout
3181,-3.401296377182007,0.5886742472648621,-0.0002516899548936635,0.0006764899007976055,0.000657384458463639,0.0,-3.0,timeout
3182,-3.400325298309326,0.5890389084815979,-0.0002463296114001423,0.03241576626896858,0.03241533041000366,1.0,3.0,timeout
3183,-3.3993375301361084,0.5894123911857605,-0.00024632085114717484,0.03300057724118233,0.03300057724118233,1.0,3.0,timeout
3184,-3.398350477218628,0.5897875428199768,-0.00024657996254973114,0.03299816697835922,0.03299816697835922,1.0,-3.0,timeout
3185,-3.3983309268951416,0.5897950530052185,-0.0002517036919016391,0.0006737768417224288,0.0006544752395711839,0.0,3.0,timeout
3186,-3.3983309268951416,0.5897952914237976,-0.00025122411898337305,1.673651422606781e-05,7.450580142176477e-06,0.0,3.0,timeout
3187,-3.397364377975464,0.5901652574539185,-0.00024564529303461313,0.03234220668673515,0.03234173730015755,1.0,-3.0,timeout
3188,-3.3963773250579834,0.5905406475067139,-0.0002457599330227822,0.03300081193447113,0.03300081193447113,1.0,3.0,timeout
3189,-3.3953909873962402,0.5909176468849182,-0.00024613089044578373,0.03299785032868385,0.032997846603393555,1.0,-3.0,timeout
3190,-3.3953709602355957,0.5909243822097778,-0.0002513332001399249,0.000680013035889715,0.0006602938519790769,0.0,-3.0,timeout
3191,-3.394402503967285,0.5912895798683167,-0.0002460435498505831,0.03234495595097542,0.03234453499317169,1.0,-3.0,timeout
3192,-3.393413543701172,0.5916595458984375,-0.00024608318926766515,0.0329967625439167,0.0329967625439167,1.0,-3.0,timeout
3193,-3.3924238681793213,0.5920278429985046,-0.0002464095887262374,0.032999470829963684,0.032999470829963684,1.0,3.0,timeout
3194,-3.391434669494629,0.5923978686332703,-0.00024666523677296937,0.03300439193844795,0.03300439193844795,1.0,-3.0,timeout
3195,-3.390444755554199,0.5927656888961792,-0.0002468795864842832,0.033001262694597244,0.033001262694597244,1.0,-3.0,timeout
3196,-3.390424966812134,0.5927725434303284,-0.00025194446789100766,0.0006733138579875231,0.0006544460775330663,0.0,3.0,timeout
3197,-3.3894548416137695,0.5931333899497986,-0.00024652158026583493,0.032346125692129135,0.03234568238258362,1.0,-3.0,timeout
3198,-3.3894543647766113,0.5931329727172852,-0.0002514488878659904,0.00015524619084317237,1.98001889657462e-05,0.0,0.0,timeout
3199,-3.3894541263580322,0.5931321978569031,-0.00025091052521020174,3.0411987609113567e-05,2.5334713427582756e-05,0.0,-3.0,timeout
3200,-3.3894541263580322,0.5931318998336792,-0.00025029038079082966,2.150120235455688e-05,9.313225746154785e-06,0.0,0.0,timeout
3201,-3.389453887939453,0.5931312441825867,-0.0002497756213415414,2.7093929020338692e-05,2.180170122301206e-05,0.0,-3.0,timeout
3202,-3.388481616973877,0.5934858322143555,-0.00024448128533549607,0.03234143182635307,0.03234100714325905,1.0,-3.0,timeout
3203,-3.38748836517334,0.5938448905944824,-0.00024481836589984596,0.03300497308373451,0.03300497308373451,1.0,-3.0,timeout
3204,-3.3864943981170654,0.5942016243934631,-0.00024538784055039287,0.033001385629177094,0.033001381903886795,1.0,-3.0,timeout
3205,-3.3854997158050537,0.5945561528205872,-0.0002458580129314214,0.03299922123551369,0.03299921751022339,1.0,-3.0,timeout
3206,-3.3845043182373047,0.5949084758758545,-0.0002462348493281752,0.032997217029333115,0.032997213304042816,1.0,-3.0,timeout
3207,-3.3835079669952393,0.5952585935592651,-0.00024653630680404603,0.033002398908138275,0.03300239518284798,1.0,-3.0,timeout
3208,-3.3834874629974365,0.5952639579772949,-0.0002516591630410403,0.0006813894142396748,0.0006623163353651762,0.0,-3.0,timeout
3209,-3.382509708404541,0.5956031680107117,-0.0002463047858327627,0.03234180063009262,0.0323413722217083,1.0,-3.0,timeout
3210,-3.3815109729766846,0.5959464311599731,-0.00024629264953546226,0.03300245478749275,0.03300245478749275,1.0,-3.0,timeout
3211,-3.3814914226531982,0.5959524512290955,-0.00025146157713606954,0.0006593484431505203,0.0006392563809640706,0.0,3.0,timeout
3212,-3.381491184234619,0.5959520936012268,-0.00025102749350480735,1.9089879060629755e-05,1.3431724255497102e-05,0.0,3.0,timeout
3213,-3.3805134296417236,0.5962912440299988,-0.0002454887144267559,0.03234122321009636,0.03234076127409935,1.0,-3.0,timeout
3214,-3.3795151710510254,0.5966352820396423,-0.00024563391343690455,0.032996244728565216,0.032996244728565216,1.0,3.0,timeout
3215,-3.3794949054718018,0.5966411828994751,-0.0002509123587515205,0.0006799125112593174,0.0006595999002456665,0.0,-3.0,timeout
3216,-3.37851619720459,0.5969781279563904,-0.0002457058581057936,0.032346826046705246,0.032346416264772415,1.0,-3.0,timeout
3217,-3.377516746520996,0.5973191261291504,-0.0002458130766171962,0.03300067037343979,0.03300067037343979,1.0,-3.0,timeout
3218,-3.376516580581665,0.5976578593254089,-0.00024618409224785864,0.032999053597450256,0.032999053597450256,1.0,-3.0,timeout
3219,-3.3755156993865967,0.597994327545166,-0.0002464948338456452,0.032997600734233856,0.032997600734233856,1.0,-3.0,timeout
3220,-3.374514102935791,0.5983293056488037,-0.00024675324675627053,0.03300398960709572,0.03300398960709572,1.0,3.0,timeout
3221,-3.3735132217407227,0.5986660122871399,-0.00024694090825505555,0.032999977469444275,0.032999977469444275,1.0,-3.0,timeout
3222,-3.372511625289917,0.5990005135536194,-0.0002471002226229757,0.03299926593899727,0.03299926221370697,1.0,-3.0,timeout
3223,-3.371509313583374,0.5993327498435974,-0.00024722813395783305,0.03299812972545624,0.03299812972545624,1.0,-3.0,timeout
3224,-3.3705060482025146,0.5996627807617188,-0.00024733052123337984,0.033004820346832275,0.033004820346832275,1.0,-3.0,timeout
3225,-3.370486259460449,0.5996686220169067,-0.0002523059374652803,0.000663258193526417,0.0006447765626944602,0.0,3.0,timeout
3226,-3.3695032596588135,0.599992573261261,-0.00024681005743332207,0.03234432265162468,0.03234386816620827,1.0,-3.0,timeout
3227,-3.3694827556610107,0.5999976992607117,-0.0002515778469387442,0.0006770667969249189,0.0006604699301533401,0.0,-3.0,timeout
3228,-3.3694825172424316,0.5999971628189087,-0.00025111480499617755,2.336490979359951e-05,1.8344926502322778e-05,0.0,0.0,timeout
3229,-3.3684985637664795,0.6003173589706421,-0.00024557419237680733,0.03233613446354866,0.03233567252755165,1.0,3.0,timeout
3230,-3.368478536605835,0.6003237962722778,-0.00025057524908334017,0.0006757060182280838,0.000657384458463639,0.0,3.0,timeout
3231,-3.368478298187256,0.6003233194351196,-0.00025029611424542964,1.8805470972438343e-05,1.6660003893775865e-05,0.0,-3.0,timeout
3232,-3.368478536605835,0.6003235578536987,-0.0002498079848010093,1.8539367374614812e-05,1.0536711670283694e-05,0.0,3.0,timeout
3233,-3.3674957752227783,0.600648045539856,-0.0002444986021146178,0.032342471182346344,0.03234204649925232,1.0,-3.0,timeout
3234,-3.3664920330047607,0.600976288318634,-0.00024483163724653423,0.03300156444311142,0.03300156444311142,1.0,-3.0,timeout
3235,-3.365487575531006,0.6013022661209106,-0.0002453983179293573,0.0330008938908577,0.0330008901655674,1.0,-3.0,timeout
3236,-3.3644826412200928,0.6016266345977783,-0.000245875766268,0.03299958258867264,0.03299957886338234,1.0,3.0,timeout
3237,-3.36446213722229,0.6016321778297424,-0.0002511210914235562,0.0006836930988356471,0.0006637527258135378,0.0,-3.0,timeout
3238,-3.363457441329956,0.6019562482833862,-0.00024578257580287755,0.03299005329608917,0.03298962861299515,1.0,0.0,timeout
3239,-3.362452507019043,0.6022807955741882,-0.00024597172159701586,0.03300129622220993,0.03300129622220993,1.0,3.0,timeout
3240,-3.362452268600464,0.6022809743881226,-0.0002512883802410215,0.0001664064038777724,9.313225746154785e-06,0.0,0.0,timeout
3241,-3.362452268600464,0.6022813320159912,-0.0002508056059014052,1.8775210264720954e-05,1.117586998589104e-05,0.0,3.0,timeout
3242,-3.36146879196167,0.6026033759117126,-0.00024530678638257086,0.032339878380298615,0.032339420169591904,1.0,-3.0,timeout
3243,-3.360464334487915,0.6029291152954102,-0.0002454786445014179,0.03299859166145325,0.03299859166145325,1.0,-3.0,timeout
3244,-3.3604438304901123,0.6029345989227295,-0.0002507976023480296,0.000683779246173799,0.0006632690201513469,0.0,-3.0,timeout
3245,-3.359438180923462,0.6032559871673584,-0.00024552352260798216,0.03299279510974884,0.03299238532781601,1.0,0.0,timeout
3246,-3.3584325313568115,0.6035777926445007,-0.00024576447322033346,0.03299635648727417,0.03299635276198387,1.0,3.0,timeout
3247,-3.358412265777588,0.603583574295044,-0.0002510210615582764,0.0006787460297346115,0.0006585682276636362,0.0,-3.0,timeout
3248,-3.358412265777588,0.6035832762718201,-0.00025067798560485244,1.4201360500010196e-05,9.313225746154785e-06,0.0,-3.0,timeout
3249,-3.358412265777588,0.6035836338996887,-0.00025011468096636236,2.0851262888754718e-05,1.117586998589104e-05,0.0,3.0,timeout
3250,-3.357426404953003,0.6038986444473267,-0.0002447438891977072,0.032343100756406784,0.032342664897441864,1.0,-3.0,timeout
3251,-3.356419563293457,0.6042171716690063,-0.00024502782616764307,0.033000797033309937,0.03300079330801964,1.0,-3.0,timeout
3252,-3.355412006378174,0.6045334339141846,-0.00024555512936785817,0.03300084173679352,0.03300083801150322,1.0,-3.0,timeout
3253,-3.3544039726257324,0.6048480272293091,-0.00024600120377726853,0.03299948200583458,0.03299948200583458,1.0,3.0,timeout
3254,-3.3533966541290283,0.6051650643348694,-0.0002463488490320742,0.03300099074840546,0.03300099074840546,1.0,3.0,timeout
3255,-3.3523900508880615,0.605483889579773,-0.0002466167788952589,0.03299650177359581,0.03299650177359581,1.0,-3.0,timeout
3256,-3.3513824939727783,0.6058003306388855,-0.00024684061645530164,0.03300251439213753,0.03300251439213753,1.0,-3.0,timeout
3257,-3.350374460220337,0.6061151027679443,-0.000247030082391575,0.033001143485307693,0.033001143485307693,1.0,3.0,timeout
3258,-3.349367380142212,0.6064322590827942,-0.00024717184714972973,0.03299500420689583,0.03299500420689583,1.0,3.0,timeout
3259,-3.3493669033050537,0.6064324975013733,-0.0002522580325603485,0.0001598140224814415,1.6660003893775865e-05,0.0,0.0,timeout
3260,-3.3483805656433105,0.6067453026771545,-0.00024668656988069415,0.03233642876148224,0.03233595937490463,1.0,-3.0,timeout
3261,-3.3473732471466064,0.6070622205734253,-0.0002466029836796224,0.03299987316131592,0.03299987316131592,1.0,3.0,timeout
3262,-3.3463664054870605,0.6073811650276184,-0.00024681040667928755,0.033004727214574814,0.033004727214574814,1.0,0.0,timeout
3263,-3.346346378326416,0.6073869466781616,-0.00025187202845700085,0.0006703358958475292,0.0006514066481031477,0.0,-3.0,timeout
3264,-3.346346139907837,0.6073867082595825,-0.00025135918986052275,1.917971712828148e-05,1.0536711670283694e-05,0.0,-3.0,timeout
3265,-3.345358371734619,0.6076955795288086,-0.0002457751252222806,0.03234213963150978,0.032341670244932175,1.0,3.0,timeout
3266,-3.34535813331604,0.6076959371566772,-0.00025082696811296046,0.00015844045265112072,1.3431724255497102e-05,0.0,0.0,timeout
3267,-3.3443710803985596,0.608006477355957,-0.00024552602553740144,0.03233637660741806,0.032335951924324036,1.0,-3.0,timeout
3268,-3.344350814819336,0.6080120205879211,-0.0002505459706299007,0.000675044022500515,0.0006565632065758109,0.0,-3.0,timeout
3269,-3.3433620929718018,0.6083184480667114,-0.0002454100758768618,0.032347824424505234,0.0323474258184433,1.0,3.0,timeout
3270,-3.3423542976379395,0.608633279800415,-0.0002455751528032124,0.0329945906996727,0.0329945906996727,1.0,3.0,timeout
3271,-3.3413467407226562,0.6089497208595276,-0.000245983072090894,0.03300251439213753,0.03300251439213753,1.0,-3.0,timeout
3272,-3.3403384685516357,0.6092638373374939,-0.00024633281282149255,0.033002160489559174,0.033002156764268875,1.0,-3.0,timeout
3273,-3.339329481124878,0.6095755100250244,-0.0002466138976160437,0.0330008789896965,0.0330008789896965,1.0,-3.0,timeout
3274,-3.3393092155456543,0.6095806956291199,-0.00025172054301947355,0.0006729003507643938,0.0006537034641951323,0.0,-3.0,timeout
3275,-3.339308977127075,0.6095800995826721,-0.0002512386708986014,2.508414581825491e-05,2.0061301256646402e-05,0.0,-3.0,timeout
3276,-3.338318347930908,0.6098799109458923,-0.000245678675128147,0.03234433755278587,0.03234386816620827,1.0,3.0,timeout
3277,-3.3382980823516846,0.6098853349685669,-0.0002506482123862952,0.0006737328949384391,0.0006555902073159814,0.0,-3.0,timeout
3278,-3.3373074531555176,0.6101846694946289,-0.00024547945940867066,0.03233996033668518,0.03233955800533295,1.0,-3.0,timeout
3279,-3.3362958431243896,0.6104878783226013,-0.0002456411311868578,0.03300228342413902,0.03300228342413902,1.0,3.0,timeout
3280,-3.335284948348999,0.6107928156852722,-0.00024603656493127346,0.032996438443660736,0.03299643471837044,1.0,-3.0,timeout
3281,-3.334273099899292,0.6110953092575073,-0.0002463758864905685,0.03300300985574722,0.03300300985574722,1.0,-3.0,timeout
3282,-3.3332605361938477,0.611395537853241,-0.00024664856027811766,0.03300423547625542,0.03300423547625542,1.0,-3.0,timeout
3283,-3.333240032196045,0.611400306224823,-0.00025174839538522065,0.0006768778548575938,0.0006578486645594239,0.0,-3.0,timeout
3284,-3.3322465419769287,0.6116902828216553,-0.00024637614842504263,0.03234243765473366,0.03234200179576874,1.0,-3.0,timeout
3285,-3.3312320709228516,0.6119836568832397,-0.0002463539130985737,0.033001240342855453,0.033001240342855453,1.0,0.0,timeout
3286,-3.3302175998687744,0.612277090549469,-0.0002466169826220721,0.03300175443291664,0.03300175443291664,1.0,0.0,timeout
3287,-3.3292033672332764,0.6125709414482117,-0.0002468459715601057,0.032998226583004,0.032998226583004,1.0,3.0,timeout
3288,-3.3281896114349365,0.6128669381141663,-0.00024701934307813644,0.033002644777297974,0.033002644777297974,1.0,0.0,timeout
3289,-3.3271758556365967,0.6131625771522522,-0.0002471584011800587,0.032999515533447266,0.032999515533447266,1.0,-3.0,timeout
3290,-3.3261613845825195,0.6134558916091919,-0.0002472740598022938,0.03300072252750397,0.03300072252750397,1.0,-3.0,timeout
3291,-3.325146436691284,0.6137475371360779,-0.00024737665080465376,0.03300059586763382,0.03300059586763382,1.0,3.0,timeout
3292,-3.324132204055786,0.6140409111976624,-0.0002474392531439662,0.03299408406019211,0.03299408406019211,1.0,-3.0,timeout
3293,-3.3231170177459717,0.6143320202827454,-0.0002474985085427761,0.03300313279032707,0.03300313279032707,1.0,-3.0,timeout
3294,-3.322101354598999,0.6146207451820374,-0.0002475464134477079,0.0329970046877861,0.0329970046877861,1.0,-3.0,timeout
3295,-3.322080612182617,0.6146251559257507,-0.0002524661540519446,0.0006802934221923351,0.0006626934045925736,0.0,-3.0,timeout
3296,-3.3210842609405518,0.6149047017097473,-0.0002469611936248839,0.03233871981501579,0.03233826160430908,1.0,3.0,timeout
3297,-3.320067882537842,0.6151915192604065,-0.0002468063321430236,0.03300226852297783,0.03300226479768753,1.0,-3.0,timeout
3298,-3.3190510272979736,0.6154760718345642,-0.00024697763728909194,0.03299746289849281,0.03299746289849281,1.0,-3.0,timeout
3299,-3.318033456802368,0.6157589554786682,-0.00024713881430216134,0.03300498425960541,0.03300498425960541,1.0,3.0,timeout
3300,-3.3170166015625,0.6160436272621155,-0.00024724905961193144,0.0329984687268734,0.0329984687268734,1.0,-3.0,timeout
3301,-3.3169960975646973,0.6160482168197632,-0.00025222779368050396,0.000674787035677582,0.000656605523545295,0.0,-3.0,timeout
3302,-3.3159983158111572,0.616322934627533,-0.00024675962049514055,0.032341379672288895,0.03234092891216278,1.0,-3.0,timeout
3303,-3.3149795532226562,0.6166009902954102,-0.0002466655569151044,0.033000826835632324,0.033000826835632324,1.0,3.0,timeout
3304,-3.3149592876434326,0.6166064739227295,-0.0002517483662813902,0.0006750280736014247,0.0006560742622241378,0.0,3.0,timeout
3305,-3.3149590492248535,0.6166059970855713,-0.0002512491191737354,2.2824584448244423e-05,1.6660003893775865e-05,0.0,-3.0,timeout
3306,-3.3139615058898926,0.6168816089630127,-0.00024568659137003124,0.032341644167900085,0.03234117478132248,1.0,3.0,timeout
3307,-3.313941240310669,0.6168874502182007,-0.0002506655582692474,0.0006771984044462442,0.000659081619232893,0.0,3.0,timeout
3308,-3.313941240310669,0.6168872117996216,-0.0002503682626411319,1.1909000932064373e-05,7.450580142176477e-06,0.0,-3.0,timeout
3309,-3.313941240310669,0.6168870329856873,-0.0002498552203178406,1.6978467101580463e-05,5.58793499294552e-06,0.0,-3.0,timeout
3310,-3.312943696975708,0.6171625852584839,-0.00024454566300846636,0.03234110772609711,0.032340679317712784,1.0,-3.0,timeout
3311,-3.3129236698150635,0.6171680092811584,-0.00024976491113193333,0.0006685949629172683,0.0006483957986347377,0.0,3.0,timeout
3312,-3.3129234313964844,0.6171678900718689,-0.00024965201737359166,9.046282684721518e-06,8.330001946887933e-06,0.0,0.0,timeout
3313,-3.3119258880615234,0.6174431443214417,-0.00024439269327558577,0.032338619232177734,0.03233820199966431,1.0,-3.0,timeout
3314,-3.3119254112243652,0.6174429655075073,-0.00024973219842649996,0.00016761674487497658,1.5914445611997508e-05,0.0,0.0,timeout
3315,-3.3119256496429443,0.6174430251121521,-0.00024954634136520326,9.628802217775956e-06,7.679882401134819e-06,0.0,3.0,timeout
3316,-3.3119256496429443,0.6174430847167969,-0.0002491944469511509,1.1153333616675809e-05,1.8626450355441193e-06,0.0,3.0,timeout
3317,-3.3109285831451416,0.6177201867103577,-0.00024400711117777973,0.032339658588171005,0.03233925253152847,1.0,-3.0,timeout
3318,-3.309910297393799,0.6180000901222229,-0.00024443859001621604,0.03300171718001366,0.03300171345472336,1.0,-3.0,timeout
3319,-3.308891534805298,0.6182783246040344,-0.0002450936590321362,0.033002305775880814,0.03300229832530022,1.0,3.0,timeout
3320,-3.308871030807495,0.6182830333709717,-0.0002504949225112796,0.0006787511520087719,0.0006574292783625424,0.0,-3.0,timeout
3321,-3.308871030807495,0.618283212184906,-0.00025026817456819117,9.024112841871101e-06,5.58793499294552e-06,0.0,3.0,timeout
3322,-3.307873249053955,0.6185577511787415,-0.000244881579419598,0.03233988210558891,0.03233944624662399,1.0,-3.0,timeout
3323,-3.306854486465454,0.6188356876373291,-0.00024514866527169943,0.03299985080957413,0.03299984708428383,1.0,3.0,timeout
3324,-3.3068342208862305,0.6188411712646484,-0.00025053523131646216,0.0006773244822397828,0.0006560742622241378,0.0,3.0,timeout
3325,-3.3058371543884277,0.6191187500953674,-0.0002454041677992791,0.03234364092350006,0.032343246042728424,1.0,3.0,timeout
3326,-3.3048202991485596,0.6194035410881042,-0.0002455603680573404,0.032999470829963684,0.032999470829963684,1.0,-3.0,timeout
3327,-3.303802728652954,0.61968594789505,-0.00024598094751127064,0.03300099819898605,0.033000994473695755,1.0,-3.0,timeout
3328,-3.3037819862365723,0.6196905970573425,-0.00025121361250057817,0.0006841132999397814,0.0006642830558121204,0.0,-3.0,timeout
3329,-3.302783727645874,0.6199629902839661,-0.00024594817659817636,0.0323365144431591,0.032336097210645676,1.0,-3.0,timeout
3330,-3.3017640113830566,0.6202380061149597,-0.0002460067917127162,0.03300471603870392,0.03300471603870392,1.0,-3.0,timeout
3331,-3.300743818283081,0.6205107569694519,-0.0002463389537297189,0.03300075605511665,0.033000752329826355,1.0,-3.0,timeout
3332,-3.2997231483459473,0.6207811236381531,-0.0002466185833327472,0.03299599513411522,0.03299599140882492,1.0,-3.0,timeout
3333,-3.298701763153076,0.6210492849349976,-0.00024684303207322955,0.03300002962350845,0.03300002962350845,1.0,-3.0,timeout
3334,-3.2976796627044678,0.6213151812553406,-0.0002470226027071476,0.033003758639097214,0.033003754913806915,1.0,-3.0,timeout
3335,-3.296657085418701,0.6215788125991821,-0.00024716625921428204,0.033000439405441284,0.033000439405441284,1.0,-3.0,timeout
3336,-3.2956340312957764,0.621840238571167,-0.0002472811611369252,0.0329977348446846,0.0329977348446846,1.0,-3.0,timeout
3337,-3.295633316040039,0.6218394041061401,-0.0002523557050153613,0.00016225618310272694,3.4345477615715936e-05,0.0,0.0,timeout
3338,-3.294630527496338,0.6220946311950684,-0.0002467757149133831,0.032336678355932236,0.03233620896935463,1.0,3.0,timeout
3339,-3.293607473373413,0.6223567724227905,-0.0002466537698637694,0.03300328180193901,0.03300328180193901,1.0,-3.0,timeout
3340,-3.29258394241333,0.6226165890693665,-0.0002468555758241564,0.03299976512789726,0.03299976512789726,1.0,-3.0,timeout
3341,-3.2925631999969482,0.6226203441619873,-0.00025191312306560576,0.0006774314097128808,0.0006587367388419807,0.0,-3.0,timeout
3342,-3.291538715362549,0.6228758692741394,-0.00024641683558002114,0.032996390014886856,0.03299594298005104,1.0,0.0,timeout
3343,-3.291517972946167,0.622879683971405,-0.0002513510989956558,0.0006768685416318476,0.0006590710836462677,0.0,-3.0,timeout
3344,-3.290513277053833,0.6231279969215393,-0.0002460475079715252,0.03234188258647919,0.032341454178094864,1.0,-3.0,timeout
3345,-3.289487600326538,0.6233783960342407,-0.00024608575040474534,0.032993730157613754,0.032993730157613754,1.0,-3.0,timeout
3346,-3.288461208343506,0.6236271262168884,-0.0002464115677867085,0.033003125339746475,0.033003125339746475,1.0,3.0,timeout
3347,-3.287435531616211,0.6238783597946167,-0.000246676238020882,0.032999925315380096,0.032999925315380096,1.0,3.0,timeout
3348,-3.2864105701446533,0.6241320967674255,-0.0002468884049449116,0.032996926456689835,0.032996926456689835,1.0,3.0,timeout
3349,-3.285386085510254,0.6243882179260254,-0.00024705834221094847,0.03300045430660248,0.03300045430660248,1.0,3.0,timeout
3350,-3.2843620777130127,0.6246466636657715,-0.0002471944026183337,0.03300369903445244,0.03300369903445244,1.0,3.0,timeout
3351,-3.284341812133789,0.6246523261070251,-0.0002521859423723072,0.000675804156344384,0.0006575559382326901,0.0,3.0,timeout
3352,-3.283339262008667,0.6249098777770996,-0.0002467136364430189,0.03234744071960449,0.03234698995947838,1.0,-3.0,timeout
3353,-3.2833187580108643,0.6249151825904846,-0.0002515127416700125,0.0006786261801607907,0.0006618473562411964,0.0,3.0,timeout
3354,-3.2833189964294434,0.6249155402183533,-0.0002510571794118732,1.957253334694542e-05,1.3431724255497102e-05,0.0,3.0,timeout
3355,-3.2823171615600586,0.6251756548881531,-0.0002455224748700857,0.032345838844776154,0.032345373183488846,1.0,3.0,timeout
3356,-3.2812957763671875,0.6254432797431946,-0.0002456505026202649,0.03299577906727791,0.03299577906727791,1.0,3.0,timeout
3357,-3.2802748680114746,0.6257132887840271,-0.0002460531541146338,0.033000338822603226,0.03300033509731293,1.0,3.0,timeout
3358,-3.279254198074341,0.6259848475456238,-0.00024637914611957967,0.033005550503730774,0.033005550503730774,1.0,-3.0,timeout
3359,-3.278233051300049,0.6262539625167847,-0.00024665010278113186,0.0330004058778286,0.0330004058778286,1.0,-3.0,timeout
3360,-3.278212785720825,0.6262593269348145,-0.0002517606772016734,0.0006742969271726906,0.0006551111000590026,0.0,3.0,timeout
3361,-3.277211904525757,0.6265233159065247,-0.00024637472233735025,0.03234763443470001,0.032347194850444794,1.0,-3.0,timeout
3362,-3.2761900424957275,0.6267897486686707,-0.00024634794681333005,0.033000774681568146,0.033000774681568146,1.0,-3.0,timeout
3363,-3.2761693000793457,0.6267939209938049,-0.00025149324210360646,0.0006804540753364563,0.0006611839053221047,0.0,-3.0,timeout
3364,-3.2751669883728027,0.6270507574081421,-0.00024617131566628814,0.032334644347429276,0.03233421593904495,1.0,-3.0,timeout
3365,-3.2741432189941406,0.6273098587989807,-0.0002461853437125683,0.03300149738788605,0.03300149738788605,1.0,-3.0,timeout
3366,-3.273118734359741,0.6275670528411865,-0.0002464863646309823,0.033008601516485214,0.033008601516485214,1.0,0.0,timeout
3367,-3.272094488143921,0.6278240084648132,-0.0002467322919983417,0.032999563962221146,0.032999563962221146,1.0,-3.0,timeout
3368,-3.2710697650909424,0.6280786395072937,-0.00024693363229744136,0.03299642354249954,0.03299642354249954,1.0,-3.0,timeout
3369,-3.2700443267822266,0.6283310055732727,-0.00024709495482966304,0.0330011248588562,0.0330011248588562,1.0,-3.0,timeout
3370,-3.2700233459472656,0.6283344626426697,-0.00025210532476194203,0.0006826894823461771,0.000664491904899478,0.0,-3.0,timeout
3371,-3.269017457962036,0.6285776495933533,-0.00024666209355928004,0.032340049743652344,0.03233960270881653,1.0,-3.0,timeout
3372,-3.2689971923828125,0.6285818815231323,-0.00025147153064608574,0.0006641882355324924,0.0006469602230936289,0.0,3.0,timeout
3373,-3.267991304397583,0.6288250088691711,-0.0002461285621393472,0.03233959525823593,0.03233916684985161,1.0,-3.0,timeout
3374,-3.2669639587402344,0.6290702819824219,-0.0002461500698700547,0.033006832003593445,0.033006832003593445,1.0,-3.0,timeout
3375,-3.2669434547424316,0.6290743947029114,-0.000251345889410004,0.0006733812042512,0.0006535123684443533,0.0,3.0,timeout
3376,-3.265936851501465,0.6293153762817383,-0.0002460429968778044,0.03234563767910004,0.03234521672129631,1.0,-3.0,timeout
3377,-3.265916109085083,0.6293187737464905,-0.00025096433819271624,0.0006746021681465209,0.0006568379467353225,0.0,-3.0,timeout
3378,-3.265915870666504,0.6293178796768188,-0.00025061966152861714,3.085699790972285e-05,2.8916027076775208e-05,0.0,-3.0,timeout
3379,-3.2649080753326416,0.6295528411865234,-0.000245182600338012,0.03233865648508072,0.032338209450244904,1.0,3.0,timeout
3380,-3.2648873329162598,0.6295575499534607,-0.00025026220828294754,0.0006833844818174839,0.0006646928959526122,0.0,3.0,timeout
3381,-3.263880491256714,0.6297968626022339,-0.0002451605978421867,0.03234075382351875,0.032340358942747116,1.0,-3.0,timeout
3382,-3.262852430343628,0.6300381422042847,-0.0002453755587339401,0.03299983963370323,0.03299983963370323,1.0,-3.0,timeout
3383,-3.261823892593384,0.6302770376205444,-0.00024583403137512505,0.032997410744428635,0.032997407019138336,1.0,-3.0,timeout
3384,-3.2607948780059814,0.6305143237113953,-0.00024622425553388894,0.03300058841705322,0.033000584691762924,1.0,3.0,timeout
3385,-3.2607741355895996,0.6305179595947266,-0.0002513994986657053,0.0006776644149795175,0.000658083357848227,0.0,-3.0,timeout
3386,-3.259765625,0.6307510733604431,-0.0002461076364852488,0.03234735131263733,0.0323469303548336,1.0,3.0,timeout
3387,-3.258737325668335,0.6309911608695984,-0.00024613342247903347,0.03299860283732414,0.032998599112033844,1.0,3.0,timeout
3388,-3.257709503173828,0.6312329769134521,-0.0002464296412654221,0.032996419817209244,0.032996419817209244,1.0,-3.0,timeout
3389,-3.256680965423584,0.6314724087715149,-0.0002466900332365185,0.03300120681524277,0.03300120308995247,1.0,-3.0,timeout
3390,-3.256660223007202,0.6314769387245178,-0.0002517924876883626,0.0006823695730417967,0.0006634782184846699,0.0,3.0,timeout
3391,-3.255632162094116,0.6317166686058044,-0.0002463095879647881,0.032989252358675,0.03298880532383919,1.0,0.0,timeout
3392,-3.254603624343872,0.6319568157196045,-0.0002463927085045725,0.033006276935338974,0.033006276935338974,1.0,3.0,timeout
3393,-3.2535758018493652,0.6321987509727478,-0.0002466414589434862,0.03299726918339729,0.03299726918339729,1.0,-3.0,timeout
3394,-3.252547264099121,0.6324382424354553,-0.0002468597667757422,0.033001627773046494,0.033001627773046494,1.0,-3.0,timeout
3395,-3.251518487930298,0.6326760053634644,-0.0002470453910063952,0.03299667686223984,0.03299667686223984,1.0,3.0,timeout
3396,-3.251497983932495,0.6326807737350464,-0.0002520666748750955,0.0006763041019439697,0.0006578486645594239,0.0,3.0,timeout
3397,-3.250490665435791,0.6329182386398315,-0.0002466198056936264,0.032342009246349335,0.03234156221151352,1.0,-3.0,timeout
3398,-3.249462127685547,0.6331576108932495,-0.00024654323351569474,0.03300078213214874,0.03300078213214874,1.0,-3.0,timeout
3399,-3.2484331130981445,0.6333953142166138,-0.0002467775484547019,0.03300352022051811,0.033003516495227814,1.0,3.0,timeout
3400,-3.2474048137664795,0.6336347460746765,-0.00024695941829122603,0.032993949949741364,0.032993949949741364,1.0,-3.0,timeout
3401,-3.246375560760498,0.633871853351593,-0.0002471147745382041,0.033006589859724045,0.033006589859724045,1.0,-3.0,timeout
3402,-3.246354818344116,0.6338753700256348,-0.0002521208662074059,0.0006758066010661423,0.000657450407743454,0.0,-3.0,timeout
3403,-3.2453453540802,0.6341034770011902,-0.0002466743753757328,0.032341569662094116,0.032341118901968,1.0,-3.0,timeout
3404,-3.244314670562744,0.6343332529067993,-0.00024658767506480217,0.03299954906105995,0.03299954906105995,1.0,-3.0,timeout
3405,-3.24328351020813,0.634560763835907,-0.0002468035672791302,0.03299877047538757,0.03299877047538757,1.0,-3.0,timeout
3406,-3.2422516345977783,0.6347858905792236,-0.00024699021014384925,0.03300463408231735,0.03300463408231735,1.0,-3.0,timeout
3407,-3.2412195205688477,0.6350088119506836,-0.00024714026949368417,0.03299729526042938,0.032997291535139084,1.0,-3.0,timeout
3408,-3.241198778152466,0.6350123882293701,-0.00025215258938260376,0.0006761570693925023,0.0006577642634510994,0.0,3.0,timeout
3409,-3.240187644958496,0.6352322101593018,-0.00024669847334735096,0.03233645483851433,0.032336000353097916,1.0,3.0,timeout
3410,-3.2391562461853027,0.6354589462280273,-0.000246604933636263,0.03300083801150322,0.03300083428621292,1.0,3.0,timeout
3411,-3.2391557693481445,0.6354589462280273,-0.00025179010117426515,0.00016272020002361387,1.4901160284352954e-05,0.0,0.0,timeout
3412,-3.2381458282470703,0.6356840133666992,-0.00024632265558466315,0.0323353111743927,0.032334860414266586,1.0,3.0,timeout
3413,-3.2381253242492676,0.635688841342926,-0.0002511841885279864,0.000675576797220856,0.000658273056615144,0.0,3.0,timeout
3414,-3.2371160984039307,0.635918140411377,-0.0002458987000863999,0.03234250843524933,0.032342083752155304,1.0,-3.0,timeout
3415,-3.2360856533050537,0.6361491084098816,-0.0002459655806887895,0.0330004021525383,0.0330004021525383,1.0,-3.0,timeout
3416,-3.2350547313690186,0.6363776326179504,-0.0002463056589476764,0.032998330891132355,0.032998330891132355,1.0,-3.0,timeout
3417,-3.234023094177246,0.6366041898727417,-0.000246596522629261,0.03300691395998001,0.03300691395998001,1.0,0.0,timeout
3418,-3.2329916954040527,0.6368304491043091,-0.00024682097136974335,0.03299764171242714,0.03299764171242714,1.0,-3.0,timeout
3419,-3.231959819793701,0.6370547413825989,-0.0002470091567374766,0.03299908712506294,0.03299908712506294,1.0,0.0,timeout
3420,-3.2309277057647705,0.6372787356376648,-0.00024715103791095316,0.033004388213157654,0.033004388213157654,1.0,-3.0,timeout
3421,-3.2309274673461914,0.6372782588005066,-0.0002522513968870044,0.00016025455261114985,1.6660003893775865e-05,0.0,0.0,timeout
3422,-3.2309274673461914,0.637278139591217,-0.00025157633353956044,2.1422127247205935e-05,3.7252900710882386e-06,0.0,3.0,timeout
3423,-3.2299160957336426,0.6374980211257935,-0.00024592416593804955,0.032344162464141846,0.032343681901693344,1.0,-3.0,timeout
3424,-3.228883743286133,0.6377201676368713,-0.0002459819079376757,0.03299947455525398,0.03299947455525398,1.0,3.0,timeout
3425,-3.2278518676757812,0.6379441022872925,-0.00024630845291540027,0.03299671411514282,0.03299671411514282,1.0,-3.0,timeout
3426,-3.2268192768096924,0.638166069984436,-0.0002465982688590884,0.03300558403134346,0.03300558403134346,1.0,0.0,timeout
3427,-3.2257869243621826,0.6383877396583557,-0.0002468222810421139,0.032996345311403275,0.032996345311403275,1.0,-3.0,timeout
3428,-3.2247540950775146,0.6386077404022217,-0.00024701518123038113,0.03300001099705696,0.03300001099705696,1.0,3.0,timeout
3429,-3.223721742630005,0.6388301849365234,-0.00024715979816392064,0.033001434057950974,0.033001434057950974,1.0,3.0,timeout
3430,-3.223701238632202,0.6388347744941711,-0.0002521577407605946,0.0006749256863258779,0.000656605523545295,0.0,3.0,timeout
3431,-3.2226905822753906,0.6390572190284729,-0.0002466926525812596,0.03233941271901131,0.032338958233594894,1.0,-3.0,timeout
3432,-3.221658706665039,0.6392812728881836,-0.00024660135386511683,0.032997503876686096,0.032997503876686096,1.0,-3.0,timeout
3433,-3.22062611579895,0.6395028829574585,-0.00024681419017724693,0.03300323709845543,0.03300323709845543,1.0,-3.0,timeout
3434,-3.219593048095703,0.6397221684455872,-0.00024699847563169897,0.03300264850258827,0.03300264850258827,1.0,-3.0,timeout
3435,-3.218559503555298,0.6399390697479248,-0.0002471467014402151,0.033001840114593506,0.033001840114593506,1.0,-3.0,timeout
3436,-3.2175257205963135,0.640153706073761,-0.0002472653577569872,0.03299466893076897,0.03299466893076897,1.0,-3.0,timeout
3437,-3.2175049781799316,0.6401572227478027,-0.00025225209537893534,0.00067566690267995,0.000657450407743454,0.0,3.0,timeout
3438,-3.21649169921875,0.6403681635856628,-0.00024676884640939534,0.032344281673431396,0.032343827188014984,1.0,-3.0,timeout
3439,-3.2164711952209473,0.6403717398643494,-0.00025155613548122346,0.0006674064788967371,0.0006504232878796756,0.0,3.0,timeout
3440,-3.2154581546783447,0.6405833959579468,-0.0002462064439896494,0.03234152868390083,0.03234110027551651,1.0,3.0,timeout
3441,-3.2144248485565186,0.640801191329956,-0.0002462012635078281,0.03300030156970024,0.03300030156970024,1.0,-3.0,timeout
3442,-3.213391065597534,0.6410166025161743,-0.00024649378610774875,0.03299960121512413,0.03299960121512413,1.0,-3.0,timeout
3443,-3.2133703231811523,0.6410203576087952,-0.0002516346867196262,0.0006780439289286733,0.0006587367388419807,0.0,3.0,timeout
3444,-3.2133700847625732,0.6410195827484131,-0.0002511596539989114,2.9363494832068682e-05,2.5334713427582756e-05,0.0,-3.0,timeout
3445,-3.2133700847625732,0.6410195827484131,-0.0002504992880858481,2.0636432964238338e-05,0.0,0.0,3.0,timeout
3446,-3.2133700847625732,0.6410189270973206,-0.0002499374677427113,2.6982350391335785e-05,2.0489094822551124e-05,0.0,-3.0,timeout
3447,-3.2123565673828125,0.6412286758422852,-0.00024461071006953716,0.03234397992491722,0.0323435515165329,1.0,-3.0,timeout
3448,-3.211322069168091,0.6414403915405273,-0.0002449314633850008,0.032998137176036835,0.032998137176036835,1.0,3.0,timeout
3449,-3.2102880477905273,0.6416545510292053,-0.00024547806242480874,0.0329989418387413,0.0329989418387413,1.0,3.0,timeout
3450,-3.209254264831543,0.6418704390525818,-0.00024591959663666785,0.03300264850258827,0.033002644777297974,1.0,-3.0,timeout
3451,-3.209233522415161,0.6418746113777161,-0.0002511762431822717,0.0006812846986576915,0.0006611839053221047,0.0,3.0,timeout
3452,-3.209233522415161,0.6418741345405579,-0.00025079285842366517,1.9120237993774936e-05,1.4901160284352954e-05,0.0,-3.0,timeout
3453,-3.2082200050354004,0.642084002494812,-0.00024531048256903887,0.0323447585105896,0.032344307750463486,1.0,-3.0,timeout
3454,-3.2082197666168213,0.6420838236808777,-0.0002504659350961447,0.00016137683996930718,9.313225746154785e-06,0.0,0.0,timeout
3455,-3.2072057723999023,0.6422910690307617,-0.0002452381595503539,0.03234280273318291,0.03234238550066948,1.0,-3.0,timeout
3456,-3.2061707973480225,0.6425002813339233,-0.00024544360348954797,0.032997142523527145,0.032997142523527145,1.0,3.0,timeout
3457,-3.2051360607147217,0.6427112221717834,-0.00024587850202806294,0.03300059214234352,0.03300058841705322,1.0,-3.0,timeout
3458,-3.2051355838775635,0.6427109837532043,-0.0002512331702746451,0.0001681606809142977,1.6660003893775865e-05,0.0,0.0,timeout
3459,-3.2041213512420654,0.6429157853126526,-0.0002458674134686589,0.03233492001891136,0.03233448415994644,1.0,-3.0,timeout
3460,-3.2041208744049072,0.6429154276847839,-0.0002509215846657753,0.00015903737221378833,1.862645149230957e-05,0.0,0.0,timeout
3461,-3.203105926513672,0.6431177258491516,-0.0002456033253110945,0.03234143555164337,0.03234101086854935,1.0,-3.0,timeout
3462,-3.2020907402038574,0.6433179378509521,-0.00024198280880227685,0.03233584016561508,0.03233564272522926,1.0,-3.0,timeout
3463,-3.201054334640503,0.643519937992096,-0.00024283007951453328,0.032997116446495056,0.03299710527062416,1.0,3.0,timeout
3464,-3.2000181674957275,0.6437240839004517,-0.00024379242677241564,0.03300270065665245,0.033002689480781555,1.0,0.0,timeout
3465,-3.198982000350952,0.643927812576294,-0.0002445770369376987,0.03300018236041069,0.03300017490983009,1.0,-3.0,timeout
3466,-3.1989614963531494,0.6439316868782043,-0.00025010333047248423,0.0006745686987414956,0.0006520880851894617,0.0,3.0,timeout
3467,-3.197946310043335,0.6441324949264526,-0.0002450600441079587,0.032339636236429214,0.03233925253152847,1.0,3.0,timeout
3468,-3.197925567626953,0.6441367268562317,-0.00025017853477038443,0.0006806160672567785,0.0006615537567995489,0.0,3.0,timeout
3469,-3.196911334991455,0.6443418264389038,-0.0002450943284202367,0.03233671933412552,0.03233632817864418,1.0,-3.0,timeout
3470,-3.196890354156494,0.6443451046943665,-0.0002502046409063041,0.0006825515301898122,0.0006636063335463405,0.0,-3.0,timeout
3471,-3.196890354156494,0.6443446278572083,-0.0002500115951988846,1.6076000974862836e-05,1.4901160284352954e-05,0.0,-3.0,timeout
3472,-3.196890354156494,0.6443442106246948,-0.000249570730375126,1.8968639778904617e-05,1.3038515135121997e-05,0.0,-3.0,timeout
3473,-3.1958742141723633,0.6445400714874268,-0.00024431836209259927,0.03233928605914116,0.03233887255191803,1.0,-3.0,timeout
3474,-3.1948366165161133,0.6447376012802124,-0.00024469770141877234,0.033007264137268066,0.03300726041197777,1.0,3.0,timeout
3475,-3.1937997341156006,0.6449368596076965,-0.00024528143694624305,0.03299545869231224,0.03299545496702194,1.0,-3.0,timeout
3476,-3.1927623748779297,0.645134449005127,-0.00024578211014159024,0.033000294119119644,0.033000290393829346,1.0,3.0,timeout
3477,-3.191725254058838,0.6453337669372559,-0.0002461640106048435,0.033003125339746475,0.033003125339746475,1.0,-3.0,timeout
3478,-3.190687656402588,0.6455307006835938,-0.00024647859390825033,0.0330037847161293,0.033003780990839005,1.0,-3.0,timeout
3479,-3.190687417984009,0.6455304026603699,-0.0002517140528652817,0.00016404222697019577,1.1926747902180068e-05,0.0,0.0,timeout
3480,-3.190687417984009,0.6455304026603699,-0.0002511467318981886,1.772878022165969e-05,0.0,0.0,3.0,timeout
3481,-3.190687417984009,0.6455304622650146,-0.00025047510280273855,2.1070896764285862e-05,1.8626450355441193e-06,0.0,3.0,timeout
3482,-3.189671516418457,0.6457266807556152,-0.00024504249449819326,0.03233411908149719,0.03233366832137108,1.0,3.0,timeout
3483,-3.1886348724365234,0.6459285616874695,-0.000245255563640967,0.033003706485033035,0.033003706485033035,1.0,-3.0,timeout
3484,-3.1886138916015625,0.6459316611289978,-0.00025061838096007705,0.0006836267421022058,0.0006627667462453246,0.0,-3.0,timeout
3485,-3.1875972747802734,0.646125078201294,-0.00024547133943997324,0.03233954310417175,0.03233914077281952,1.0,-3.0,timeout
3486,-3.1865594387054443,0.6463193893432617,-0.000245625211391598,0.03299592435359955,0.03299592062830925,1.0,-3.0,timeout
3487,-3.1865384578704834,0.6463219523429871,-0.00025091544375754893,0.0006808993639424443,0.0006605250528082252,0.0,-3.0,timeout
3488,-3.1865384578704834,0.6463219523429871,-0.0002506042073946446,9.726135431264993e-06,0.0,0.0,3.0,timeout
3489,-3.185520887374878,0.6465110182762146,-0.00024516109260730445,0.032343752682209015,0.0323433019220829,1.0,3.0,timeout
3490,-3.184483051300049,0.6467063426971436,-0.0002453610359225422,0.03300176188349724,0.03300176188349724,1.0,3.0,timeout
3491,-3.1844828128814697,0.6467065811157227,-0.00025079509941861033,0.00017014105105772614,1.0536711670283694e-05,0.0,0.0,timeout
3492,-3.1834661960601807,0.6468999981880188,-0.00024551546084694564,0.032339565455913544,0.03233914077281952,1.0,-3.0,timeout
3493,-3.1824283599853516,0.6470950245857239,-0.0002456662186887115,0.03300004079937935,0.03300004079937935,1.0,3.0,timeout
3494,-3.1813910007476807,0.6472917199134827,-0.0002460563846398145,0.0329950749874115,0.0329950712621212,1.0,-3.0,timeout
3495,-3.1803531646728516,0.6474867463111877,-0.0002464019344188273,0.03300004079937935,0.03300004079937935,1.0,3.0,timeout
3496,-3.1793155670166016,0.6476841568946838,-0.00024666963145136833,0.033006563782691956,0.033006563782691956,1.0,3.0,timeout
3497,-3.178278684616089,0.6478832960128784,-0.00024687315453775227,0.03299475088715553,0.03299475088715553,1.0,-3.0,timeout
3498,-3.177241086959839,0.6480799913406372,-0.0002470454201102257,0.03300239518284798,0.03300239145755768,1.0,-3.0,timeout
3499,-3.1762030124664307,0.6482745409011841,-0.00024718878557905555,0.03300461918115616,0.03300461918115616,1.0,0.0,timeout
3500,-3.1751651763916016,0.6484695076942444,-0.0002473043859936297,0.03299970179796219,0.03299970179796219,1.0,3.0,timeout
3501,-3.1741278171539307,0.6486662030220032,-0.0002473811327945441,0.0329950712621212,0.0329950712621212,1.0,-3.0,timeout
3502,-3.1730899810791016,0.6488611698150635,-0.0002474620705470443,0.03299970179796219,0.03299970179796219,1.0,3.0,timeout
3503,-3.1720523834228516,0.6490578651428223,-0.00024750741431489587,0.03300239518284798,0.03300239145755768,1.0,-3.0,timeout
3504,-3.1720314025878906,0.6490609049797058,-0.000252433936111629,0.0006801500567235053,0.0006624970701523125,0.0,-3.0,timeout
3505,-3.1709933280944824,0.6492530107498169,-0.0002468336606398225,0.03299110010266304,0.03299063444137573,1.0,0.0,timeout
3506,-3.169955015182495,0.6494448781013489,-0.0002468023740220815,0.03299660608172417,0.03299660608172417,1.0,-3.0,timeout
3507,-3.169934034347534,0.6494476199150085,-0.0002518600958865136,0.0006798533722758293,0.0006612258730456233,0.0,-3.0,timeout
3508,-3.1689157485961914,0.6496320366859436,-0.0002464762656018138,0.032339513301849365,0.03233907371759415,1.0,3.0,timeout
3509,-3.167876958847046,0.6498218178749084,-0.00024641823256388307,0.03299948200583458,0.03299948200583458,1.0,-3.0,timeout
3510,-3.167855978012085,0.6498246192932129,-0.00025154859758913517,0.0006806218880228698,0.0006614698213525116,0.0,-3.0,timeout
3511,-3.166837215423584,0.6500061750411987,-0.0002462156699039042,0.03233835846185684,0.03233793005347252,1.0,-3.0,timeout
3512,-3.166816234588623,0.6500087380409241,-0.00025110223214142025,0.0006779470131732523,0.0006605250528082252,0.0,-3.0,timeout
3513,-3.166815996170044,0.6500081419944763,-0.00025072976131923497,2.3193506422103383e-05,2.0061301256646402e-05,0.0,-3.0,timeout
3514,-3.1657960414886475,0.6501826047897339,-0.0002452599292155355,0.03233695030212402,0.03233649581670761,1.0,-3.0,timeout
3515,-3.164754629135132,0.6503575444221497,-0.0002454414789099246,0.03300011157989502,0.03300011157989502,1.0,-3.0,timeout
3516,-3.164733648300171,0.6503604650497437,-0.00025077880127355456,0.0006826622411608696,0.0006619731429964304,0.0,3.0,timeout
3517,-3.163713216781616,0.6505331993103027,-0.0002455995709169656,0.03234253078699112,0.032342128455638885,1.0,3.0,timeout
3518,-3.162672519683838,0.650711178779602,-0.00024571659741923213,0.032993949949741364,0.032993949949741364,1.0,-3.0,timeout
3519,-3.1616311073303223,0.6508867144584656,-0.00024610612308606505,0.03300320357084274,0.033003199845552444,1.0,-3.0,timeout
3520,-3.1616101264953613,0.6508888602256775,-0.00025131372967734933,0.000678865413647145,0.0006590710836462677,0.0,-3.0,timeout
3521,-3.1605887413024902,0.651056706905365,-0.00024602870689705014,0.03234681487083435,0.032346393913030624,1.0,-3.0,timeout
3522,-3.1605677604675293,0.6510587334632874,-0.0002509529876988381,0.0006764386198483407,0.0006587025127373636,0.0,-3.0,timeout
3523,-3.1595458984375,0.6512216329574585,-0.0002457255613990128,0.03233681246638298,0.03233639895915985,1.0,-3.0,timeout
3524,-3.1585025787353516,0.651385486125946,-0.00024583761114627123,0.033003371208906174,0.033003371208906174,1.0,3.0,timeout
3525,-3.1574597358703613,0.6515511870384216,-0.00024619384203106165,0.03299766406416893,0.03299766033887863,1.0,-3.0,timeout
3526,-3.156416416168213,0.6517145037651062,-0.0002465019060764462,0.033000774681568146,0.033000774681568146,1.0,-3.0,timeout
3527,-3.1553728580474854,0.6518761515617371,-0.00024675909662619233,0.03300011157989502,0.03300010785460472,1.0,3.0,timeout
3528,-3.1553516387939453,0.6518783569335938,-0.0002518268011044711,0.0006852249498479068,0.0006666734698228538,0.0,-3.0,timeout
3529,-3.1553516387939453,0.6518778800964355,-0.00025132339214906096,2.166853846574668e-05,1.4901160284352954e-05,0.0,-3.0,timeout
3530,-3.1553516387939453,0.6518774032592773,-0.00025062065105885267,2.6538935344433412e-05,1.4901160284352954e-05,0.0,-3.0,timeout
3531,-3.1543283462524414,0.6520313620567322,-0.0002451585896778852,0.03233825042843819,0.03233779966831207,1.0,-3.0,timeout
3532,-3.154327869415283,0.6520311236381531,-0.00025034366990439594,0.00016288798360619694,1.6660003893775865e-05,0.0,0.0,timeout
3533,-3.153304100036621,0.6521824598312378,-0.0002451404288876802,0.03234085440635681,0.03234044834971428,1.0,-3.0,timeout
3534,-3.15328311920166,0.652184247970581,-0.0002502375573385507,0.0006770322215743363,0.0006580279441550374,0.0,-3.0,timeout
3535,-3.1522586345672607,0.6523364782333374,-0.0002451605105306953,0.032367043197155,0.03236665204167366,1.0,3.0,timeout
3536,-3.1512136459350586,0.6524881720542908,-0.0002453684573993087,0.03299816697835922,0.03299816697835922,1.0,-3.0,timeout
3537,-3.1501684188842773,0.6526382565498352,-0.00024583787308074534,0.032998356968164444,0.032998353242874146,1.0,3.0,timeout
3538,-3.149123430252075,0.6527900695800781,-0.0002462078700773418,0.0329987034201622,0.0329986996948719,1.0,-3.0,timeout
3539,-3.148077964782715,0.6529394388198853,-0.00024651363492012024,0.03300256282091141,0.03300255909562111,1.0,-3.0,timeout
3540,-3.148056983947754,0.6529411673545837,-0.0002516400709282607,0.0006770971231162548,0.0006578724714927375,0.0,-3.0,timeout
3541,-3.1470320224761963,0.6530888676643372,-0.0002462978009134531,0.03236132860183716,0.032360900193452835,1.0,3.0,timeout
3542,-3.145986318588257,0.6532361507415771,-0.00024627847597002983,0.03300078213214874,0.03300078213214874,1.0,-3.0,timeout
3543,-3.144940137863159,0.6533814668655396,-0.0002465604629833251,0.033007025718688965,0.033007021993398666,1.0,0.0,timeout
3544,-3.1438941955566406,0.6535270810127258,-0.0002468011516612023,0.03300092741847038,0.03300092741847038,1.0,3.0,timeout
3545,-3.1428487300872803,0.6536751389503479,-0.0002469886385370046,0.03299678862094879,0.03299678862094879,1.0,3.0,timeout
3546,-3.1428277492523193,0.6536783576011658,-0.0002520209236536175,0.0006817078683525324,0.0006633213488385081,0.0,3.0,timeout
3547,-3.1417832374572754,0.6538310050964355,-0.0002464921271894127,0.03298816829919815,0.03298771753907204,1.0,0.0,timeout
3548,-3.1407382488250732,0.6539832353591919,-0.00024652850697748363,0.03300057724118233,0.03300057724118233,1.0,-3.0,timeout
3549,-3.1407172679901123,0.6539861559867859,-0.0002516524982638657,0.0006810641498304904,0.0006619731429964304,0.0,3.0,timeout
3550,-3.139693260192871,0.6541357040405273,-0.00024628863320685923,0.03234012797474861,0.03233969584107399,1.0,-3.0,timeout
3551,-3.13864803314209,0.6542852520942688,-0.0002462782431393862,0.03299597650766373,0.03299597650766373,1.0,-3.0,timeout
3552,-3.1376023292541504,0.6544324159622192,-0.0002465558354742825,0.033000264316797256,0.033000264316797256,1.0,-3.0,timeout
3553,-3.1365561485290527,0.6545771956443787,-0.00024679189664311707,0.033004723489284515,0.03300471976399422,1.0,-3.0,timeout
3554,-3.135509729385376,0.6547200083732605,-0.0002469860773999244,0.03300373628735542,0.033003732562065125,1.0,0.0,timeout
3555,-3.1344635486602783,0.6548625230789185,-0.0002471326442901045,0.03299509361386299,0.03299509361386299,1.0,-3.0,timeout
3556,-3.1334168910980225,0.655002772808075,-0.0002472538035362959,0.03300038352608681,0.03300038352608681,1.0,-3.0,timeout
3557,-3.1323699951171875,0.6551413536071777,-0.00024736032355576754,0.0330008827149868,0.0330008827149868,1.0,3.0,timeout
3558,-3.1313233375549316,0.6552818417549133,-0.00024742630193941295,0.0330013744533062,0.0330013744533062,1.0,-3.0,timeout
3559,-3.1302764415740967,0.6554200053215027,-0.0002474882930982858,0.03299917280673981,0.03299917280673981,1.0,-3.0,timeout
3560,-3.1292293071746826,0.6555564403533936,-0.0002475478977430612,0.032999541610479355,0.032999541610479355,1.0,3.0,timeout
3561,-3.1281824111938477,0.6556947827339172,-0.00024757630308158696,0.032999906688928604,0.032999906688928604,1.0,-3.0,timeout
3562,-3.1281611919403076,0.6556962132453918,-0.0002524890878703445,0.0006821085116825998,0.0006646068068221211,0.0,-3.0,timeout
3563,-3.1271347999572754,0.655827522277832,-0.0002469693135935813,0.03233661875128746,0.03233616054058075,1.0,-3.0,timeout
3564,-3.126086950302124,0.6559584736824036,-0.00024682327057234943,0.03300001844763756,0.03300001844763756,1.0,-3.0,timeout
3565,-3.126065969467163,0.6559603810310364,-0.00025188399013131857,0.0006770832114852965,0.0006583547801710665,0.0,3.0,timeout
3566,-3.1250391006469727,0.6560893058776855,-0.0002464738499838859,0.03234202042222023,0.03234157711267471,1.0,-3.0,timeout
3567,-3.1250181198120117,0.6560912132263184,-0.0002513191429898143,0.0006755425129085779,0.0006583547801710665,0.0,3.0,timeout
3568,-3.1239912509918213,0.6562200784683228,-0.00024600798496976495,0.032341767102479935,0.03234134241938591,1.0,-3.0,timeout
3569,-3.122943162918091,0.6563493013381958,-0.00024606293300166726,0.03300075605511665,0.03300075605511665,1.0,3.0,timeout
3570,-3.12292218208313,0.6563464999198914,-0.00025125796673819423,0.0006811006460338831,0.0006614698213525116,0.0,-3.0,timeout
3571,-3.122921943664551,0.6563459634780884,-0.00025086553068831563,2.206655335612595e-05,1.8344926502322778e-05,0.0,-3.0,timeout
3572,-3.122921943664551,0.6563454270362854,-0.0002502543502487242,2.541282810852863e-05,1.6763806343078613e-05,0.0,-3.0,timeout
3573,-3.121894359588623,0.6564676761627197,-0.00024486560141667724,0.032338887453079224,0.032338447868824005,1.0,-3.0,timeout
3574,-3.120845317840576,0.6565892696380615,-0.0002451252075843513,0.033002037554979324,0.033002033829689026,1.0,-3.0,timeout
3575,-3.11979603767395,0.656708836555481,-0.00024563781335018575,0.033002205193042755,0.03300220146775246,1.0,0.0,timeout
3576,-3.118746757507324,0.6568281650543213,-0.00024605353246442974,0.0330013632774353,0.033001359552145004,1.0,-3.0,timeout
3577,-3.1187257766723633,0.6568290591239929,-0.0002512721111997962,0.000676205730997026,0.0006562460912391543,0.0,-3.0,timeout
3578,-3.118725538253784,0.6568286418914795,-0.00025088529218919575,1.9277864339528605e-05,1.501712449680781e-05,0.0,0.0,timeout
3579,-3.11769700050354,0.6569414138793945,-0.0002453812339808792,0.03233488276600838,0.032334424555301666,1.0,-3.0,timeout
3580,-3.1166470050811768,0.65705406665802,-0.00024554802803322673,0.03300066292285919,0.03300066292285919,1.0,3.0,timeout
3581,-3.1155972480773926,0.6571692824363708,-0.00024597105220891535,0.03300189971923828,0.03300189599394798,1.0,3.0,timeout
3582,-3.1145477294921875,0.6572869420051575,-0.00024632379063405097,0.03300291672348976,0.03300291299819946,1.0,3.0,timeout
3583,-3.1134986877441406,0.6574064493179321,-0.0002465965517330915,0.032994594424963,0.032994594424963,1.0,-3.0,timeout
3584,-3.1134982109069824,0.6574065089225769,-0.0002518078254070133,0.00016354321269318461,1.501712449680781e-05,0.0,0.0,timeout
3585,-3.1134984493255615,0.6574068069458008,-0.00025122196529991925,2.1850282792001963e-05,1.1926747902180068e-05,0.0,3.0,timeout
3586,-3.1124701499938965,0.6575239896774292,-0.0002456406655255705,0.03234280273318291,0.0323423333466053,1.0,-3.0,timeout
3587,-3.1124491691589355,0.6575253009796143,-0.0002506268792785704,0.0006751571199856699,0.0006569303805008531,0.0,-3.0,timeout
3588,-3.1124491691589355,0.6575254797935486,-0.0002503589494153857,1.0066227332572453e-05,5.58793499294552e-06,0.0,3.0,timeout
3589,-3.1124491691589355,0.6575255990028381,-0.0002498487301636487,1.6373764083255082e-05,3.7252900710882386e-06,0.0,3.0,timeout
3590,-3.1124491691589355,0.6575257778167725,-0.00024942628806456923,1.4335261766973417e-05,5.58793499294552e-06,0.0,3.0,timeout
3591,-3.1124494075775146,0.6575260162353516,-0.0002490876941010356,1.4932552403479349e-05,1.0536711670283694e-05,0.0,3.0,timeout
3592,-3.1124491691589355,0.6575255393981934,-0.00024880716227926314,1.88257636182243e-05,1.6660003893775865e-05,0.0,-3.0,timeout
3593,-3.1124491691589355,0.6575251817703247,-0.0002485922013875097,1.3039373698120471e-05,1.117586998589104e-05,0.0,-3.0,timeout
3594,-3.1114211082458496,0.6576463580131531,-0.00024354425841011107,0.032349687069654465,0.03234930336475372,1.0,3.0,timeout
3595,-3.1103720664978027,0.6577677726745605,-0.0002440596290398389,0.03300139680504799,0.03300139307975769,1.0,-3.0,timeout
3596,-3.1093227863311768,0.6578870415687561,-0.0002447852457407862,0.03300115838646889,0.03300115093588829,1.0,0.0,timeout
3597,-3.108273506164551,0.658005952835083,-0.0002453714841976762,0.03299989551305771,0.03299988806247711,1.0,-3.0,timeout
3598,-3.1072237491607666,0.6581224203109741,-0.0002458450326230377,0.03300619125366211,0.03300618752837181,1.0,-3.0,timeout
3599,-3.1061739921569824,0.6582365036010742,-0.0002462240809109062,0.03299805521965027,0.03299805521965027,1.0,-3.0,timeout
3600,-3.1061527729034424,0.6582373380661011,-0.00025140869547612965,0.0006831061327829957,0.0006636141915805638,0.0,-3.0,timeout
3601,-3.105123519897461,0.6583448648452759,-0.0002461050171405077,0.03233962506055832,0.032339200377464294,1.0,-3.0,timeout
3602,-3.1040730476379395,0.6584522724151611,-0.0002461417461745441,0.032998405396938324,0.032998405396938324,1.0,3.0,timeout
3603,-3.1040520668029785,0.6584541201591492,-0.00025132924201898277,0.0006778583046980202,0.0006581887719221413,0.0,3.0,timeout
3604,-3.103023052215576,0.6585639715194702,-0.0002460295509081334,0.03233984485268593,0.032339420169591904,1.0,-3.0,timeout
3605,-3.101972818374634,0.6586737632751465,-0.00024608094827272,0.03299865499138832,0.03299865499138832,1.0,3.0,timeout
3606,-3.1009225845336914,0.6587854027748108,-0.00024638837203383446,0.03300470858812332,0.03300470858812332,1.0,-3.0,timeout
3607,-3.099872350692749,0.6588945984840393,-0.00024665732053108513,0.032996729016304016,0.03299672529101372,1.0,-3.0,timeout
3608,-3.0988218784332275,0.6590020656585693,-0.00024688345729373395,0.032998595386743546,0.032998595386743546,1.0,3.0,timeout
3609,-3.097771406173706,0.6591113805770874,-0.000247044867137447,0.0330045223236084,0.0330045223236084,1.0,-3.0,timeout
3610,-3.0967209339141846,0.6592190265655518,-0.00024719309294596314,0.03299916535615921,0.03299916535615921,1.0,3.0,timeout
3611,-3.095670700073242,0.6593291163444519,-0.00024730220320634544,0.03299962729215622,0.03299962729215622,1.0,3.0,timeout
3612,-3.094620704650879,0.6594417095184326,-0.00024738922365941107,0.03300046548247337,0.03300046548247337,1.0,3.0,timeout
3613,-3.0935709476470947,0.6595560312271118,-0.00024744856636971235,0.032998859882354736,0.032998859882354736,1.0,-3.0,timeout
3614,-3.0925209522247314,0.6596685647964478,-0.00024751611636020243,0.033000268042087555,0.033000268042087555,1.0,3.0,timeout
3615,-3.0925207138061523,0.6596688628196716,-0.0002525337040424347,0.00015725255070719868,1.1926747902180068e-05,0.0,0.0,timeout
3616,-3.0914711952209473,0.6597834229469299,-0.00024681625654920936,0.03299274668097496,0.03299226611852646,1.0,0.0,timeout
3617,-3.090421199798584,0.6598975658416748,-0.00024678389308974147,0.033005665987730026,0.033005665987730026,1.0,-3.0,timeout
3618,-3.0893712043762207,0.6600092649459839,-0.0002469635510351509,0.0329975001513958,0.0329975001513958,1.0,-3.0,timeout
3619,-3.0893502235412598,0.6600103974342346,-0.00025199895026162267,0.0006751975743100047,0.000656605523545295,0.0,-3.0,timeout
3620,-3.088320732116699,0.6601154208183289,-0.0002465771103743464,0.03233902156352997,0.03233857825398445,1.0,-3.0,timeout
3621,-3.0872697830200195,0.6602194905281067,-0.0002465094730723649,0.033002790063619614,0.033002790063619614,1.0,-3.0,timeout
3622,-3.0862185955047607,0.6603212356567383,-0.00024674084852449596,0.033003125339746475,0.033003125339746475,1.0,-3.0,timeout
3623,-3.085167407989502,0.6604212522506714,-0.00024694943567737937,0.032997965812683105,0.03299796208739281,1.0,3.0,timeout
3624,-3.0841164588928223,0.6605231761932373,-0.0002470976614858955,0.032996248453855515,0.032996248453855515,1.0,-3.0,timeout
3625,-3.084115982055664,0.6605227589607239,-0.00025220849784091115,0.0001609362952876836,1.98001889657462e-05,0.0,0.0,timeout
3626,-3.083085775375366,0.6606208086013794,-0.0002466480655129999,0.032339904457330704,0.0323394350707531,1.0,-3.0,timeout
3627,-3.0830647945404053,0.6606221199035645,-0.00025145450490526855,0.0006738827214576304,0.0006569303805008531,0.0,3.0,timeout
3628,-3.0820345878601074,0.6607208251953125,-0.00024612637935206294,0.032341815531253815,0.03234138712286949,1.0,3.0,timeout
3629,-3.0820136070251465,0.6607187986373901,-0.00025102010113187134,0.0006762220291420817,0.0006587025127373636,0.0,-3.0,timeout
3630,-3.0820136070251465,0.6607184410095215,-0.000250662153121084,1.5812143828952685e-05,1.117586998589104e-05,0.0,-3.0,timeout
3631,-3.0809831619262695,0.660814642906189,-0.00024520576698705554,0.032341890037059784,0.03234143555164337,1.0,-3.0,timeout
3632,-3.0799314975738525,0.6609095931053162,-0.00024539785226807,0.032998181879520416,0.032998181879520416,1.0,-3.0,timeout
3633,-3.0788795948028564,0.6610021591186523,-0.00024585105711594224,0.03299899399280548,0.03299899026751518,1.0,-3.0,timeout
3634,-3.0778274536132812,0.6610930562019348,-0.00024623790523037314,0.03300188481807709,0.03300188481807709,1.0,3.0,timeout
3635,-3.077806234359741,0.6610910892486572,-0.0002514110819902271,0.0006852857768535614,0.0006659444188699126,0.0,-3.0,timeout
3636,-3.076775312423706,0.6611800193786621,-0.000246105482801795,0.03233637660741806,0.032335951924324036,1.0,-3.0,timeout
3637,-3.0757229328155518,0.6612676382064819,-0.0002461321419104934,0.033000648021698,0.033000648021698,1.0,-3.0,timeout
3638,-3.0746703147888184,0.6613528728485107,-0.00024643910001032054,0.03300197795033455,0.03300197422504425,1.0,-3.0,timeout
3639,-3.073617458343506,0.6614357233047485,-0.00024669861886650324,0.03300347551703453,0.03300347179174423,1.0,-3.0,timeout
3640,-3.0725646018981934,0.6615169644355774,-0.00024691634462215006,0.032999567687511444,0.032999563962221146,1.0,3.0,timeout
3641,-3.07151198387146,0.6616000533103943,-0.00024707126431167126,0.03299662843346596,0.03299662843346596,1.0,-3.0,timeout
3642,-3.0704588890075684,0.6616808176040649,-0.00024720438523218036,0.03300585225224495,0.03300585225224495,1.0,-3.0,timeout
3643,-3.0704376697540283,0.6616808176040649,-0.0002521921996958554,0.0006811747443862259,0.0006631016149185598,0.0,-3.0,timeout
3644,-3.0694055557250977,0.6617558002471924,-0.00024673217558301985,0.03233901411294937,0.032338567078113556,1.0,-3.0,timeout
3645,-3.068352222442627,0.6618291735649109,-0.00024663363001309335,0.03299642726778984,0.03299642726778984,1.0,-3.0,timeout
3646,-3.067298650741577,0.6619001626968384,-0.0002468402963131666,0.032998766750097275,0.032998766750097275,1.0,-3.0,timeout
3647,-3.067277193069458,0.6618998050689697,-0.000251900521107018,0.0006890362128615379,0.0006706453277729452,0.0,-3.0,timeout
3648,-3.067277431488037,0.6618995070457458,-0.0002513929212000221,1.984606024052482e-05,1.1926747902180068e-05,0.0,3.0,timeout
3649,-3.0662238597869873,0.6619685292243958,-0.00024569020024500787,0.03299517184495926,0.03299469128251076,1.0,0.0,timeout
3650,-3.0651700496673584,0.6620380282402039,-0.0002458825474604964,0.033003102988004684,0.033003102988004684,1.0,3.0,timeout
3651,-3.0641164779663086,0.662109375,-0.00024623284116387367,0.03299952298402786,0.032999519258737564,1.0,-3.0,timeout
3652,-3.0630626678466797,0.6621783375740051,-0.0002465331053826958,0.03300200775265694,0.03300200775265694,1.0,-3.0,timeout
3653,-3.062008857727051,0.6622448563575745,-0.0002467743179295212,0.03299710527062416,0.03299710527062416,1.0,-3.0,timeout
3654,-3.0609548091888428,0.6623097062110901,-0.0002469769970048219,0.03300129622220993,0.03300129622220993,1.0,3.0,timeout
3655,-3.0599007606506348,0.6623767614364624,-0.00024712434969842434,0.03300560265779495,0.03300560265779495,1.0,0.0,timeout
3656,-3.058846950531006,0.6624435186386108,-0.0002472425112500787,0.03299757465720177,0.03299757465720177,1.0,-3.0,timeout
3657,-3.058825731277466,0.6624435782432556,-0.0002522222639527172,0.0006811196217313409,0.0006631042342633009,0.0,-3.0,timeout
3658,-3.057792901992798,0.6625047326087952,-0.00024675612803548574,0.032332893460989,0.032332438975572586,1.0,-3.0,timeout
3659,-3.0567383766174316,0.6625639796257019,-0.0002466525766067207,0.033005885779857635,0.033005885779857635,1.0,-3.0,timeout
3660,-3.0556840896606445,0.6626208424568176,-0.0002468553138896823,0.0329943522810936,0.0329943522810936,1.0,-3.0,timeout
3661,-3.054629325866699,0.6626760363578796,-0.0002470409672241658,0.0330064631998539,0.0330064631998539,1.0,3.0,timeout
3662,-3.0546083450317383,0.6626766920089722,-0.00025206254213117063,0.0006744800484739244,0.0006559711182489991,0.0,3.0,timeout
3663,-3.053575277328491,0.6627355813980103,-0.00024661721545271575,0.032336220145225525,0.03233577311038971,1.0,-3.0,timeout
3664,-3.052520751953125,0.6627932786941528,-0.00024655082961544394,0.03300320357084274,0.03300320357084274,1.0,3.0,timeout
3665,-3.051466464996338,0.6628535389900208,-0.0002467737649567425,0.033000241965055466,0.03300023823976517,1.0,3.0,timeout
3666,-3.051466226577759,0.6628536581993103,-0.00025193908368237317,0.00016163100372068584,8.330001946887933e-06,0.0,0.0,timeout
3667,-3.051466226577759,0.6628540754318237,-0.00025132650625891984,2.3161584977060556e-05,1.3038515135121997e-05,0.0,3.0,timeout
3668,-3.050433397293091,0.6629174947738647,-0.00024572439724579453,0.03233717754483223,0.032336704432964325,1.0,-3.0,timeout
3669,-3.050412178039551,0.6629176735877991,-0.0002506935561541468,0.0006810644408687949,0.0006631251890212297,0.0,-3.0,timeout
3670,-3.050412178039551,0.6629171967506409,-0.00025040216860361397,1.746313864714466e-05,1.4901160284352954e-05,0.0,-3.0,timeout
3671,-3.050412178039551,0.6629167795181274,-0.00024988307268358767,2.081220554828178e-05,1.3038515135121997e-05,0.0,-3.0,timeout
3672,-3.050412178039551,0.662916362285614,-0.00024945393670350313,1.870412779680919e-05,1.3038515135121997e-05,0.0,-3.0,timeout
3673,-3.0493786334991455,0.6629681587219238,-0.0002442245604470372,0.03233921155333519,0.03233879804611206,1.0,-3.0,timeout
3674,-3.0483238697052,0.6630178093910217,-0.00024461233988404274,0.03299786522984505,0.03299786522984505,1.0,-3.0,timeout
3675,-3.048323392868042,0.6630173325538635,-0.0002502068236935884,0.0001760931045282632,2.1073423340567388e-05,0.0,0.0,timeout
3676,-3.0472896099090576,0.663064181804657,-0.00024504587054252625,0.032339271157979965,0.03233887255191803,1.0,-3.0,timeout
3677,-3.0472683906555176,0.663063645362854,-0.00025016238214448094,0.000682312180288136,0.0006633134908042848,0.0,-3.0,timeout
3678,-3.0472686290740967,0.6630635857582092,-0.00024998807930387557,9.415412932867184e-06,7.679882401134819e-06,0.0,3.0,timeout
3679,-3.046234607696533,0.6631076335906982,-0.0002446573635097593,0.03234289959073067,0.032342471182346344,1.0,-3.0,timeout
3680,-3.0451793670654297,0.6631495356559753,-0.0002449589956086129,0.033002257347106934,0.033002253621816635,1.0,-3.0,timeout
3681,-3.044124126434326,0.6631891131401062,-0.00024550023954361677,0.03299945965409279,0.03299945220351219,1.0,-3.0,timeout
3682,-3.044123888015747,0.6631883978843689,-0.0002509312762413174,0.00017134746303781867,2.3560804038424976e-05,0.0,0.0,timeout
3683,-3.0430896282196045,0.6632254123687744,-0.0002456264046486467,0.03234173730015755,0.032341308891773224,1.0,-3.0,timeout
3684,-3.042034149169922,0.6632601022720337,-0.000245744944550097,0.033001527190208435,0.033001527190208435,1.0,-3.0,timeout
3685,-3.0409786701202393,0.663293182849884,-0.0002461387775838375,0.0329999141395092,0.0329999141395092,1.0,3.0,timeout
3686,-3.04097843170166,0.6632927656173706,-0.0002514318621251732,0.000166089172125794,1.501712449680781e-05,0.0,0.0,timeout
3687,-3.0399441719055176,0.6633275747299194,-0.00024602634948678315,0.03233936056494713,0.03233891725540161,1.0,-3.0,timeout
3688,-3.038888692855835,0.6633606553077698,-0.0002460743417032063,0.0329999141395092,0.0329999141395092,1.0,3.0,timeout
3689,-3.0378334522247314,0.6633956432342529,-0.0002463829005137086,0.03299439325928688,0.03299438953399658,1.0,-3.0,timeout
3690,-3.036777973175049,0.6634289026260376,-0.0002466629084665328,0.03300008922815323,0.03300008922815323,1.0,3.0,timeout
3691,-3.035722494125366,0.6634639501571655,-0.0002468684106133878,0.03300189599394798,0.033001892268657684,1.0,-3.0,timeout
3692,-3.035701274871826,0.6634642481803894,-0.00025193431065417826,0.0006818008259870112,0.0006631670403294265,0.0,3.0,timeout
3693,-3.0346670150756836,0.6634998917579651,-0.00024652565480209887,0.032340243458747864,0.032339803874492645,1.0,3.0,timeout
3694,-3.03361177444458,0.663537859916687,-0.0002464568824507296,0.032997604459524155,0.032997604459524155,1.0,-3.0,timeout
3695,-3.03359055519104,0.6635375022888184,-0.0002515790984034538,0.0006822396535426378,0.0006631958531215787,0.0,-3.0,timeout
3696,-3.03359055519104,0.6635370850563049,-0.0002511251368559897,1.9267949028289877e-05,1.3038515135121997e-05,0.0,-3.0,timeout
3697,-3.03359055519104,0.663537323474884,-0.00025047227973118424,2.1719666619901545e-05,7.450580142176477e-06,0.0,3.0,timeout
3698,-3.0325562953948975,0.6635701060295105,-0.0002450307074468583,0.03233729675412178,0.032336849719285965,1.0,-3.0,timeout
3699,-3.0325350761413574,0.6635695695877075,-0.00025013848789967597,0.0006822483264841139,0.0006633134908042848,0.0,-3.0,timeout
3700,-3.031500816345215,0.6635982990264893,-0.00024508454953320324,0.03233347088098526,0.03233308345079422,1.0,3.0,timeout
3701,-3.030445098876953,0.6636296510696411,-0.0002453140332363546,0.033005714416503906,0.033005714416503906,1.0,3.0,timeout
3702,-3.0293896198272705,0.6636627912521362,-0.0002457743976265192,0.032999973744153976,0.032999973744153976,1.0,-3.0,timeout
3703,-3.028334140777588,0.6636934280395508,-0.0002461660769768059,0.03299761191010475,0.03299760818481445,1.0,-3.0,timeout
3704,-3.028312921524048,0.6636928915977478,-0.0002513618383090943,0.0006828968180343509,0.0006633134908042848,0.0,-3.0,timeout
3705,-3.027278423309326,0.663718581199646,-0.00024606770602986217,0.0323384590446949,0.03233803063631058,1.0,-3.0,timeout
3706,-3.0262227058410645,0.6637415289878845,-0.00024610190303064883,0.032998960465192795,0.032998960465192795,1.0,-3.0,timeout
3707,-3.0251667499542236,0.6637621521949768,-0.000246414914727211,0.03300491347908974,0.03300490975379944,1.0,-3.0,timeout
3708,-3.024111032485962,0.6637803316116333,-0.0002466792648192495,0.03299606218934059,0.03299605846405029,1.0,-3.0,timeout
3709,-3.023055076599121,0.6637961864471436,-0.0002468914317432791,0.0330023430287838,0.0330023393034935,1.0,-3.0,timeout
3710,-3.023033857345581,0.6637950539588928,-0.0002519419649615884,0.0006825439631938934,0.0006640453357249498,0.0,-3.0,timeout
3711,-3.0219991207122803,0.6638062000274658,-0.00024653240689076483,0.03233783692121506,0.03233739361166954,1.0,-3.0,timeout
3712,-3.0209431648254395,0.6638147234916687,-0.00024647379177622497,0.03299969434738159,0.03299969434738159,1.0,-3.0,timeout
3713,-3.0198869705200195,0.6638209819793701,-0.0002467125013936311,0.03300664946436882,0.03300664946436882,1.0,-3.0,timeout
3714,-3.0188310146331787,0.6638248562812805,-0.0002469173923600465,0.032998841255903244,0.032998841255903244,1.0,-3.0,timeout
3715,-3.0188097953796387,0.6638236045837402,-0.0002519626868888736,0.0006827094475738704,0.0006642543012276292,0.0,-3.0,timeout
3716,-3.017775058746338,0.6638228297233582,-0.00024654914159327745,0.03233597055077553,0.03233552724123001,1.0,-3.0,timeout
3717,-3.016718864440918,0.6638199090957642,-0.0002464917197357863,0.033006198704242706,0.033006198704242706,1.0,0.0,timeout
3718,-3.015662908554077,0.6638174057006836,-0.0002467318845447153,0.032998714596033096,0.0329987108707428,1.0,3.0,timeout
3719,-3.015641689300537,0.6638166904449463,-0.000251803663559258,0.0006821461720392108,0.0006634782184846699,0.0,-3.0,timeout
3720,-3.0146069526672363,0.6638137102127075,-0.00024642105563543737,0.03233608976006508,0.03233565390110016,1.0,-3.0,timeout
3721,-3.0135509967803955,0.6638080477714539,-0.0002463843848090619,0.03299909457564354,0.03299909457564354,1.0,-3.0,timeout
3722,-3.0124950408935547,0.6638000011444092,-0.0002466407895553857,0.03299957513809204,0.03299957513809204,1.0,-3.0,timeout
3723,-3.0124738216400146,0.6637989282608032,-0.0002517407410778105,0.0006828087498433888,0.0006639487110078335,0.0,-3.0,timeout
3724,-3.0124738216400146,0.6637987494468689,-0.0002512653882149607,1.5871024515945464e-05,5.58793499294552e-06,0.0,3.0,timeout
3725,-3.0124738216400146,0.6637986302375793,-0.0002505742013454437,2.1918485799687915e-05,3.7252900710882386e-06,0.0,3.0,timeout
3726,-3.011439085006714,0.6637912392616272,-0.0002451223263051361,0.03233679011464119,0.032336343079805374,1.0,3.0,timeout
3727,-3.010383129119873,0.6637859344482422,-0.00024531909730285406,0.032999034970998764,0.032999034970998764,1.0,-3.0,timeout
3728,-3.0093271732330322,0.6637781858444214,-0.0002457873779349029,0.03299951180815697,0.03299950808286667,1.0,-3.0,timeout
3729,-3.0082712173461914,0.6637680530548096,-0.00024617716553620994,0.03300014138221741,0.03300013765692711,1.0,-3.0,timeout
3730,-3.0072152614593506,0.6637561917304993,-0.0002464994613546878,0.033000700175762177,0.033000700175762177,1.0,3.0,timeout
3731,-3.0061593055725098,0.6637468934059143,-0.00024674736778251827,0.03299989923834801,0.03299989551305771,1.0,3.0,timeout
3732,-3.005103349685669,0.6637393832206726,-0.0002469354949425906,0.03299945220351219,0.03299945220351219,1.0,-3.0,timeout
3733,-3.004047393798828,0.6637294888496399,-0.00024709547869861126,0.03300006687641144,0.03300006687641144,1.0,-3.0,timeout
3734,-3.0029914379119873,0.6637170910835266,-0.0002472240012139082,0.0330008938908577,0.0330008938908577,1.0,-3.0,timeout
3735,-3.0019354820251465,0.6637023091316223,-0.0002473269123584032,0.0330018512904644,0.0330018512904644,1.0,-3.0,timeout
3736,-3.0008795261383057,0.663685142993927,-0.0002474093053024262,0.033002980053424835,0.033002980053424835,1.0,-3.0,timeout
3737,-2.999823808670044,0.6636656522750854,-0.00024747528368607163,0.03299679234623909,0.03299679234623909,1.0,-3.0,timeout
3738,-2.998767852783203,0.6636437773704529,-0.00024752807803452015,0.03300569951534271,0.03300569951534271,1.0,-3.0,timeout
3739,-2.998746871948242,0.6636425852775574,-0.0002524509036447853,0.0006744866841472685,0.0006567084928974509,0.0,-3.0,timeout
3740,-2.9977123737335205,0.6636160612106323,-0.000246939598582685,0.032339148223400116,0.032338690012693405,1.0,-3.0,timeout
3741,-2.996656656265259,0.6635869145393372,-0.0002467994927428663,0.03300374373793602,0.03300374373793602,1.0,-3.0,timeout
3742,-2.995601177215576,0.6635555028915405,-0.00024697298067621887,0.03299832344055176,0.03299832344055176,1.0,-3.0,timeout
3743,-2.9945456981658936,0.6635217666625977,-0.00024712574668228626,0.03300056234002113,0.03300056234002113,1.0,-3.0,timeout
3744,-2.9945244789123535,0.6635204553604126,-0.00025212933542206883,0.0006825189338997006,0.0006643666420131922,0.0,-3.0,timeout
3745,-2.99349045753479,0.6634829640388489,-0.00024669268168509007,0.03233484551310539,0.03233439847826958,1.0,3.0,timeout
3746,-2.9924347400665283,0.6634477972984314,-0.0002465957950334996,0.033009469509124756,0.033009469509124756,1.0,0.0,timeout
3747,-2.991379499435425,0.6634123921394348,-0.00024680516798980534,0.0329948253929615,0.0329948253929615,1.0,-3.0,timeout
3748,-2.990324020385742,0.6633753180503845,-0.0002470008039381355,0.03300406038761139,0.03300406038761139,1.0,3.0,timeout
3749,-2.9892687797546387,0.6633400321006775,-0.0002471386396791786,0.032994698733091354,0.032994698733091354,1.0,-3.0,timeout
3750,-2.988213300704956,0.6633023619651794,-0.00024725808179937303,0.03300471603870392,0.03300471603870392,1.0,-3.0,timeout
3751,-2.9871580600738525,0.6632623076438904,-0.00024735412443988025,0.03300001844763756,0.03300001844763756,1.0,-3.0,timeout
3752,-2.9871370792388916,0.6632622480392456,-0.0002523229632060975,0.0006737896474078298,0.000655653711874038,0.0,3.0,timeout
3753,-2.986103057861328,0.6632232069969177,-0.00024683625088073313,0.03233664482831955,0.03233619034290314,1.0,3.0,timeout
3754,-2.9850475788116455,0.6631861925125122,-0.00024670540005899966,0.03300399333238602,0.03300399333238602,1.0,-3.0,timeout
3755,-2.983992338180542,0.6631474494934082,-0.0002469068276695907,0.03299848362803459,0.03299848362803459,1.0,3.0,timeout
3756,-2.9829368591308594,0.6631104946136475,-0.00024706273688934743,0.033003926277160645,0.033003926277160645,1.0,-3.0,timeout
3757,-2.981881618499756,0.6630710959434509,-0.0002471972838975489,0.032999247312545776,0.032999247312545776,1.0,-3.0,timeout
3758,-2.9808263778686523,0.6630300283432007,-0.0002473153290338814,0.03300123289227486,0.03300123289227486,1.0,3.0,timeout
3759,-2.9808053970336914,0.6630300283432007,-0.0002522820432204753,0.0006737717776559293,0.000655651034321636,0.0,3.0,timeout
3760,-2.979771137237549,0.6629930734634399,-0.0002467928279656917,0.03234170004725456,0.03234124183654785,1.0,-3.0,timeout
3761,-2.979749917984009,0.6629921793937683,-0.00025156259653158486,0.0006802218849770725,0.0006636899779550731,0.0,-3.0,timeout
3762,-2.9787158966064453,0.6629514098167419,-0.0002462246920913458,0.0323387011885643,0.03233827278017998,1.0,3.0,timeout
3763,-2.977660655975342,0.6629123091697693,-0.00024621604825370014,0.03299890086054802,0.03299890086054802,1.0,-3.0,timeout
3764,-2.9766054153442383,0.6628707051277161,-0.0002465053694322705,0.033001892268657684,0.033001888543367386,1.0,-3.0,timeout
3765,-2.9765844345092773,0.6628697514533997,-0.000251632445724681,0.0006756014772690833,0.0006563279894180596,0.0,-3.0,timeout
3766,-2.975550651550293,0.6628236174583435,-0.00024628418032079935,0.032338302582502365,0.032337866723537445,1.0,-3.0,timeout
3767,-2.975529432296753,0.6628223657608032,-0.00025115656899288297,0.0006814819062128663,0.0006642543012276292,0.0,-3.0,timeout
3768,-2.9744958877563477,0.6627712845802307,-0.00024588886299170554,0.032338108867406845,0.03233768790960312,1.0,-3.0,timeout
3769,-2.9734411239624023,0.6627174019813538,-0.00024596304865553975,0.03300435096025467,0.03300435096025467,1.0,0.0,timeout
3770,-2.972386598587036,0.6626632809638977,-0.0002462996926624328,0.032997287809848785,0.032997287809848785,1.0,-3.0,timeout
3771,-2.972365379333496,0.6626617908477783,-0.0002514680090826005,0.0006840743008069694,0.000664734689053148,0.0,-3.0,timeout
3772,-2.97133207321167,0.6626043319702148,-0.0002461635449435562,0.0323411226272583,0.032340697944164276,1.0,3.0,timeout
3773,-2.9702775478363037,0.6625486016273499,-0.0002461726835463196,0.032999902963638306,0.032999902963638306,1.0,0.0,timeout
3774,-2.9692230224609375,0.6624929308891296,-0.0002464715507812798,0.032999806106090546,0.032999806106090546,1.0,0.0,timeout
3775,-2.9681684970855713,0.6624369025230408,-0.00024671986466273665,0.033000398427248,0.0330003947019577,1.0,-3.0,timeout
3776,-2.968168258666992,0.6624366641044617,-0.0002519066329114139,0.00016242860874626786,1.0536711670283694e-05,0.0,0.0,timeout
3777,-2.967134952545166,0.6623796224594116,-0.0002464173303451389,0.032340433448553085,0.03233997896313667,1.0,3.0,timeout
3778,-2.9660804271698,0.6623239517211914,-0.000246366485953331,0.032999806106090546,0.032999806106090546,1.0,-3.0,timeout
3779,-2.9650261402130127,0.6622658967971802,-0.000246625451836735,0.03299637883901596,0.03299637883901596,1.0,-3.0,timeout
3780,-2.9650049209594727,0.6622645854949951,-0.00025172843015752733,0.0006832371582277119,0.0006643666420131922,0.0,-3.0,timeout
3781,-2.9650049209594727,0.6622639894485474,-0.000251245335675776,2.3976135707926005e-05,1.862645149230957e-05,0.0,-3.0,timeout
3782,-2.963972330093384,0.6621994376182556,-0.0002456733782310039,0.0323319248855114,0.03233145549893379,1.0,-3.0,timeout
3783,-2.9639718532562256,0.6621990203857422,-0.00025075580924749374,0.00016005539509933442,1.98001889657462e-05,0.0,0.0,timeout
3784,-2.9629392623901367,0.6621304750442505,-0.00024546991335228086,0.032339900732040405,0.03233947977423668,1.0,-3.0,timeout
3785,-2.961885690689087,0.662060022354126,-0.00024561939062550664,0.03299764543771744,0.03299764543771744,1.0,-3.0,timeout
3786,-2.961864471435547,0.6620581746101379,-0.0002509102923795581,0.0006858392152935266,0.0006656109471805394,0.0,-3.0,timeout
3787,-2.960832357406616,0.661983847618103,-0.0002457057125866413,0.0323374979197979,0.03233708441257477,1.0,-3.0,timeout
3788,-2.9597792625427246,0.6619060039520264,-0.0002458127273712307,0.03299899771809578,0.03299899771809578,1.0,-3.0,timeout
3789,-2.958726167678833,0.6618257761001587,-0.00024618383031338453,0.03300457447767258,0.03300457447767258,1.0,-3.0,timeout
3790,-2.9576735496520996,0.6617432236671448,-0.0002464945719111711,0.0329953171312809,0.0329953171312809,1.0,-3.0,timeout
3791,-2.956620931625366,0.6616584062576294,-0.00024674387532286346,0.03300092741847038,0.03300092741847038,1.0,-3.0,timeout
3792,-2.955568552017212,0.6615712642669678,-0.000246943294769153,0.03299941122531891,0.03299941122531891,1.0,-3.0,timeout
3793,-2.9545161724090576,0.661482572555542,-0.00024711189325898886,0.03300344571471214,0.03300344571471214,1.0,3.0,timeout
3794,-2.9544951915740967,0.6614812016487122,-0.00025211923639290035,0.00067542539909482,0.0006570491823367774,0.0,3.0,timeout
3795,-2.9544951915740967,0.661480724811554,-0.0002515513333491981,2.3173250156105496e-05,1.4901160284352954e-05,0.0,0.0,timeout
3796,-2.9544951915740967,0.661480724811554,-0.0002508081670384854,2.322394539078232e-05,0.0,0.0,3.0,timeout
3797,-2.9544951915740967,0.6614807844161987,-0.00025019372696988285,1.9291383068775758e-05,1.8626450355441193e-06,0.0,3.0,timeout
3798,-2.953463315963745,0.6614031791687012,-0.00024481708533130586,0.03233761340379715,0.03233717754483223,1.0,3.0,timeout
3799,-2.953442335128784,0.6614017486572266,-0.0002499571710359305,0.0006765190046280622,0.000657173281069845,0.0,-3.0,timeout
3800,-2.953442096710205,0.6614022254943848,-0.0002498230605851859,1.7179052520077676e-05,1.6660003893775865e-05,0.0,3.0,timeout
3801,-2.953442096710205,0.6614025831222534,-0.0002494203217793256,1.6831430912134238e-05,1.117586998589104e-05,0.0,3.0,timeout
3802,-2.9524099826812744,0.6613268256187439,-0.00024418774410150945,0.03234074264764786,0.03234033286571503,1.0,-3.0,timeout
3803,-2.951356887817383,0.661250114440918,-0.0002445933350827545,0.03299641236662865,0.03299640864133835,1.0,3.0,timeout
3804,-2.9513356685638428,0.6612487435340881,-0.00025007984368130565,0.000686247309204191,0.0006644841050729156,0.0,-3.0,timeout
3805,-2.950303554534912,0.6611723303794861,-0.0002450403699185699,0.03234221786260605,0.03234183415770531,1.0,-3.0,timeout
3806,-2.950282573699951,0.6611706614494324,-0.0002501621493138373,0.0006769166211597621,0.000657722121104598,0.0,-3.0,timeout
3807,-2.950282573699951,0.6611708402633667,-0.00024998816661536694,7.796507816237863e-06,5.58793499294552e-06,0.0,3.0,timeout
3808,-2.9492506980895996,0.6610893607139587,-0.0002446564903948456,0.03234691172838211,0.03234648331999779,1.0,-3.0,timeout
3809,-2.948198080062866,0.6610063314437866,-0.0002449589956086129,0.03299648314714432,0.03299648314714432,1.0,-3.0,timeout
3810,-2.947145462036133,0.6609208583831787,-0.00024550018133595586,0.0330025814473629,0.0330025777220726,1.0,-3.0,timeout
3811,-2.9460930824279785,0.6608330011367798,-0.00024594771093688905,0.03300127014517784,0.03300127014517784,1.0,-3.0,timeout
3812,-2.9450409412384033,0.6607428193092346,-0.0002463064156472683,0.03299997001886368,0.03299996629357338,1.0,-3.0,timeout
3813,-2.9439890384674072,0.6606503129005432,-0.0002465933794155717,0.03299883008003235,0.03299882635474205,1.0,-3.0,timeout
3814,-2.942937135696411,0.6605558395385742,-0.00024682737421244383,0.0330042690038681,0.0330042690038681,1.0,0.0,timeout
3815,-2.941885232925415,0.6604611873626709,-0.0002470057806931436,0.033004771918058395,0.0330047681927681,1.0,-3.0,timeout
3816,-2.940833806991577,0.6603649258613586,-0.00024716180632822216,0.03299447521567345,0.03299447521567345,1.0,3.0,timeout
3817,-2.939781904220581,0.6602705121040344,-0.0002472675696481019,0.03300410136580467,0.03300410136580467,1.0,-3.0,timeout
3818,-2.938730478286743,0.660173773765564,-0.0002473613421898335,0.032995838671922684,0.032995838671922684,1.0,-3.0,timeout
3819,-2.9376790523529053,0.6600753664970398,-0.0002474463835824281,0.033000655472278595,0.033000655472278595,1.0,3.0,timeout
3820,-2.9366273880004883,0.6599788069725037,-0.00024749510339461267,0.03300274536013603,0.03300274536013603,1.0,-3.0,timeout
3821,-2.9355759620666504,0.6598806381225586,-0.000247553049121052,0.03299996256828308,0.03299996256828308,1.0,3.0,timeout
3822,-2.9345245361328125,0.6597842574119568,-0.00024758031941019,0.03299481421709061,0.03299481421709061,1.0,-3.0,timeout
3823,-2.9334731101989746,0.6596861481666565,-0.00024762129760347307,0.03299979120492935,0.03299979120492935,1.0,3.0,timeout
3824,-2.9324214458465576,0.6595905423164368,-0.00024764463887549937,0.03300003334879875,0.03300002962350845,1.0,3.0,timeout
3825,-2.9324209690093994,0.6595907211303711,-0.00025263597490265965,0.00015678899944759905,1.5914445611997508e-05,0.0,0.0,timeout
3826,-2.9313902854919434,0.6594982147216797,-0.000246989366132766,0.03233880549669266,0.032338324934244156,1.0,-3.0,timeout
3827,-2.9303388595581055,0.6594016551971436,-0.0002468344464432448,0.032995328307151794,0.032995324581861496,1.0,-3.0,timeout
3828,-2.9292874336242676,0.6593033671379089,-0.00024701032089069486,0.03300030902028084,0.03300030902028084,1.0,3.0,timeout
3829,-2.9282357692718506,0.6592068076133728,-0.00024714547907933593,0.03300274536013603,0.03300274536013603,1.0,-3.0,timeout
3830,-2.927184581756592,0.6591078639030457,-0.00024726343690417707,0.03299480304121971,0.03299480304121971,1.0,-3.0,timeout
3831,-2.926133394241333,0.65900719165802,-0.0002473682106938213,0.0329999104142189,0.0329999104142189,1.0,3.0,timeout
3832,-2.925081968307495,0.6589083671569824,-0.00024743250105530024,0.03300187364220619,0.03300187364220619,1.0,-3.0,timeout
3833,-2.9240307807922363,0.658807098865509,-0.0002474930661264807,0.03300169110298157,0.03300169110298157,1.0,-3.0,timeout
3834,-2.9240097999572754,0.6588084697723389,-0.0002524354786146432,0.0006749582244083285,0.0006570491823367774,0.0,3.0,timeout
3835,-2.9240097999572754,0.6588077545166016,-0.00025179897784255445,2.9920531233074144e-05,2.235173997178208e-05,0.0,-3.0,timeout
3836,-2.9229800701141357,0.6587059497833252,-0.00024611575645394623,0.03233642876148224,0.03233593702316284,1.0,-3.0,timeout
3837,-2.921929359436035,0.6585999727249146,-0.00024612582637928426,0.03300129994750023,0.03300129994750023,1.0,-3.0,timeout
3838,-2.9208788871765137,0.658492386341095,-0.00024644294171594083,0.03299897536635399,0.03299897164106369,1.0,3.0,timeout
3839,-2.919828176498413,0.6583865880966187,-0.0002466918376740068,0.03300074115395546,0.03300074115395546,1.0,-3.0,timeout
3840,-2.9187777042388916,0.6582784652709961,-0.0002469008322805166,0.03300068899989128,0.03300068527460098,1.0,-3.0,timeout
3841,-2.9187567234039307,0.6582798361778259,-0.0002519622503314167,0.0006758188828825951,0.0006570491823367774,0.0,3.0,timeout
3842,-2.91772723197937,0.6581703424453735,-0.0002465342986397445,0.03235349804162979,0.032353054732084274,1.0,-3.0,timeout
3843,-2.9166769981384277,0.65805983543396,-0.00024647635291330516,0.03300098702311516,0.03300098702311516,1.0,-3.0,timeout
3844,-2.9156270027160645,0.6579468846321106,-0.00024671453866176307,0.03300166130065918,0.03300166130065918,1.0,-3.0,timeout
3845,-2.9145774841308594,0.6578316688537598,-0.0002469189930707216,0.03299449384212494,0.03299449011683464,1.0,-3.0,timeout
3846,-2.9145565032958984,0.6578328609466553,-0.0002519768022466451,0.0006754612550139427,0.0006567084928974509,0.0,3.0,timeout
3847,-2.9145565032958984,0.6578318476676941,-0.00025143183302134275,3.5954148188466206e-05,3.166496753692627e-05,0.0,-3.0,timeout
3848,-2.9135282039642334,0.6577165126800537,-0.0002458220988046378,0.03233632072806358,0.03233584389090538,1.0,-3.0,timeout
3849,-2.9124789237976074,0.6575968861579895,-0.00024589122040197253,0.03300241380929947,0.03300241380929947,1.0,-3.0,timeout
3850,-2.9114298820495605,0.657474935054779,-0.0002462458796799183,0.033003322780132294,0.033003322780132294,1.0,-3.0,timeout
3851,-2.9114089012145996,0.6574762463569641,-0.0002514382649678737,0.0006766731385141611,0.0006569303805008531,0.0,3.0,timeout
3852,-2.9103810787200928,0.6573572158813477,-0.00024612597189843655,0.032334547489881516,0.03233411908149719,1.0,3.0,timeout
3853,-2.9093315601348877,0.657238781452179,-0.00024614212452434003,0.033005617558956146,0.033005617558956146,1.0,0.0,timeout
3854,-2.9082822799682617,0.6571208238601685,-0.00024645213852636516,0.03299655020236969,0.03299655020236969,1.0,3.0,timeout
3855,-2.9072325229644775,0.6570045948028564,-0.0002466988516971469,0.03300536796450615,0.03300536796450615,1.0,-3.0,timeout
3856,-2.9072115421295166,0.6570022106170654,-0.0002517874236218631,0.0006787606980651617,0.0006598707986995578,0.0,-3.0,timeout
3857,-2.9061837196350098,0.6568830013275146,-0.00024640775518491864,0.032335203140974045,0.03233475983142853,1.0,-3.0,timeout
3858,-2.9061834812164307,0.656882643699646,-0.00025135764735750854,0.00015526618517469615,1.3431724255497102e-05,0.0,0.0,timeout
3859,-2.905155658721924,0.6567608118057251,-0.0002459525130689144,0.032344747334718704,0.032344307750463486,1.0,-3.0,timeout
3860,-2.905134916305542,0.6567579507827759,-0.00025088671827688813,0.0006722597754560411,0.0006543374038301408,0.0,-3.0,timeout
3861,-2.905134916305542,0.6567579507827759,-0.00025056718732230365,9.985341421270277e-06,0.0,0.0,3.0,timeout
3862,-2.905134916305542,0.6567575931549072,-0.0002500103146303445,2.0681854948634282e-05,1.117586998589104e-05,0.0,0.0,timeout
3863,-2.9041075706481934,0.656633198261261,-0.0002446658618282527,0.03233947232365608,0.03233904018998146,1.0,-3.0,timeout
3864,-2.903059244155884,0.6565044522285461,-0.0002449701714795083,0.03300633281469345,0.03300632908940315,1.0,0.0,timeout
3865,-2.9020111560821533,0.6563754081726074,-0.00024550489615648985,0.033000074326992035,0.033000070601701736,1.0,-3.0,timeout
3866,-2.900963306427002,0.6562443375587463,-0.00024595591821707785,0.03300048038363457,0.03300048038363457,1.0,0.0,timeout
3867,-2.8999154567718506,0.6561137437820435,-0.00024631820269860327,0.03299863263964653,0.03299863263964653,1.0,3.0,timeout
3868,-2.89886736869812,0.6559849381446838,-0.00024659259361214936,0.03299916535615921,0.03299916163086891,1.0,-3.0,timeout
3869,-2.898846387863159,0.6559821367263794,-0.00025170258595608175,0.0006804721197113395,0.0006614698213525116,0.0,-3.0,timeout
3870,-2.897819757461548,0.6558514833450317,-0.00024635103181935847,0.03234139457345009,0.03234096243977547,1.0,3.0,timeout
3871,-2.8967719078063965,0.655720591545105,-0.0002463179989717901,0.032999783754348755,0.032999783754348755,1.0,-3.0,timeout
3872,-2.8957245349884033,0.6555872559547424,-0.00024658694746904075,0.03299455717206001,0.03299455717206001,1.0,-3.0,timeout
3873,-2.89467716217041,0.6554522514343262,-0.0002468265010975301,0.03300118073821068,0.03300118073821068,1.0,3.0,timeout
3874,-2.894656181335449,0.6554495096206665,-0.00025188049767166376,0.0006798264221288264,0.0006612258730456233,0.0,-3.0,timeout
3875,-2.893630027770996,0.6553160548210144,-0.00024648173712193966,0.032337792217731476,0.03233735263347626,1.0,-3.0,timeout
3876,-2.892583131790161,0.655177652835846,-0.00024643310462124646,0.0330001525580883,0.0330001525580883,1.0,-3.0,timeout
3877,-2.8915364742279053,0.6550368666648865,-0.00024667970137670636,0.033002614974975586,0.033002614974975586,1.0,-3.0,timeout
3878,-2.8915157318115234,0.6550335884094238,-0.0002517722314223647,0.0006752666085958481,0.0006562460912391543,0.0,-3.0,timeout
3879,-2.890490770339966,0.6548904180526733,-0.00024639576440677047,0.03234144672751427,0.03234101086854935,1.0,-3.0,timeout
3880,-2.8904905319213867,0.6548897624015808,-0.00025134821771644056,0.00015629222616553307,2.180170122301206e-05,0.0,0.0,timeout
3881,-2.889465808868408,0.6547441482543945,-0.00024594503338448703,0.03234472870826721,0.03234428912401199,1.0,-3.0,timeout
3882,-2.8894450664520264,0.654740571975708,-0.00025088098482228816,0.0006756082293577492,0.0006577642634510994,0.0,-3.0,timeout
3883,-2.8884212970733643,0.6545901298522949,-0.0002456678485032171,0.03233678266406059,0.03233637288212776,1.0,-3.0,timeout
3884,-2.8873767852783203,0.6544344425201416,-0.0002457818773109466,0.03300158679485321,0.03300158306956291,1.0,-3.0,timeout
3885,-2.8863325119018555,0.6542764902114868,-0.0002461591793689877,0.03300473093986511,0.03300473093986511,1.0,-3.0,timeout
3886,-2.885288715362549,0.6541168689727783,-0.00024648415273986757,0.032997842878103256,0.032997842878103256,1.0,3.0,timeout
3887,-2.884244441986084,0.6539591550827026,-0.00024672565632499754,0.03300361707806587,0.033003613352775574,1.0,-3.0,timeout
3888,-2.8832006454467773,0.6537991166114807,-0.00024692804436199367,0.03299981728196144,0.03299981355667114,1.0,-3.0,timeout
3889,-2.882157325744629,0.6536367535591125,-0.0002470904146321118,0.032996177673339844,0.032996173948049545,1.0,-3.0,timeout
3890,-2.882136583328247,0.6536328792572021,-0.0002521014539524913,0.0006777493981644511,0.000659410550724715,0.0,-3.0,timeout
3891,-2.882136583328247,0.6536319851875305,-0.00025154391187243164,3.292708424851298e-05,2.7939675419474952e-05,0.0,-3.0,timeout
3892,-2.882136583328247,0.6536315083503723,-0.00025080202613025904,2.7559737645788118e-05,1.4901160284352954e-05,0.0,0.0,timeout
3893,-2.881115198135376,0.653465211391449,-0.00024529974325560033,0.032339032739400864,0.03233857452869415,1.0,-3.0,timeout
3894,-2.880073308944702,0.6532935500144958,-0.00024547262000851333,0.03299799934029579,0.03299799934029579,1.0,-3.0,timeout
3895,-2.8790316581726074,0.6531195044517517,-0.00024591104011051357,0.03300284221768379,0.033002838492393494,1.0,-3.0,timeout
3896,-2.877990484237671,0.6529438495635986,-0.0002462856937199831,0.03299647569656372,0.03299647197127342,1.0,3.0,timeout
3897,-2.877990245819092,0.6529434323310852,-0.00025155002367682755,0.00016519428754691035,1.501712449680781e-05,0.0,0.0,timeout
3898,-2.876969337463379,0.6527735590934753,-0.0002461312396917492,0.032342467457056046,0.03234202414751053,1.0,3.0,timeout
3899,-2.875927209854126,0.6526033282279968,-0.0002461477415636182,0.032998111099004745,0.032998111099004745,1.0,3.0,timeout
3900,-2.874884605407715,0.6524348258972168,-0.0002464408753439784,0.03300415724515915,0.03300415724515915,1.0,-3.0,timeout
3901,-2.873842716217041,0.6522639393806458,-0.0002466990554239601,0.032994069159030914,0.032994069159030914,1.0,-3.0,timeout
3902,-2.8728010654449463,0.6520905494689941,-0.00024690685677342117,0.032999470829963684,0.032999470829963684,1.0,-3.0,timeout
3903,-2.8717596530914307,0.6519147753715515,-0.0002470732433721423,0.03300444036722183,0.03300444036722183,1.0,-3.0,timeout
3904,-2.8707187175750732,0.6517366766929626,-0.0002472064516041428,0.033001918345689774,0.033001918345689774,1.0,-3.0,timeout
3905,-2.869678258895874,0.6515561938285828,-0.00024731308803893626,0.03299988433718681,0.032999880611896515,1.0,-3.0,timeout
3906,-2.868638277053833,0.6513733863830566,-0.0002473984204698354,0.032997701317071915,0.032997701317071915,1.0,-3.0,timeout
3907,-2.867598533630371,0.651188313961029,-0.00024746672715991735,0.033002693206071854,0.033002693206071854,1.0,-3.0,timeout
3908,-2.8665592670440674,0.6510016918182373,-0.00024753049365244806,0.03299655020236969,0.03299655020236969,1.0,3.0,timeout
3909,-2.8665385246276855,0.6509983539581299,-0.00025245407596230507,0.0006743274861946702,0.0006565394578501582,0.0,3.0,timeout
3910,-2.8665385246276855,0.6509982943534851,-0.0002518236287869513,1.978932778001763e-05,1.8626450355441193e-06,0.0,3.0,timeout
3911,-2.865518808364868,0.6508213877677917,-0.0002461257972754538,0.032342612743377686,0.03234212100505829,1.0,-3.0,timeout
3912,-2.864478588104248,0.6506395936012268,-0.0002461434341967106,0.03299957141280174,0.03299957141280174,1.0,3.0,timeout
3913,-2.863438129425049,0.6504595279693604,-0.00024643761571496725,0.03299766033887863,0.03299766033887863,1.0,-3.0,timeout
3914,-2.8623976707458496,0.650277853012085,-0.0002467066515237093,0.033006273210048676,0.03300626948475838,1.0,3.0,timeout
3915,-2.8613572120666504,0.6500979661941528,-0.0002469033934175968,0.032996706664562225,0.032996706664562225,1.0,-3.0,timeout
3916,-2.8613364696502686,0.6500941514968872,-0.00025195119087584317,0.00067768560256809,0.0006590710836462677,0.0,-3.0,timeout
3917,-2.8603177070617676,0.6499126553535461,-0.0002465386351104826,0.03233804553747177,0.032337602227926254,1.0,-3.0,timeout
3918,-2.8592782020568848,0.6497259736061096,-0.0002464886929374188,0.033004213124513626,0.033004213124513626,1.0,3.0,timeout
3919,-2.858238458633423,0.6495410799980164,-0.00024671448045410216,0.03300171718001366,0.03300171718001366,1.0,-3.0,timeout
3920,-2.857199192047119,0.6493538022041321,-0.0002469181490596384,0.03300017490983009,0.03300017490983009,1.0,-3.0,timeout
3921,-2.8561601638793945,0.6491644978523254,-0.0002470870385877788,0.03300413489341736,0.03300413489341736,1.0,0.0,timeout
3922,-2.855121374130249,0.6489756107330322,-0.00024722280795685947,0.03299446776509285,0.03299446776509285,1.0,3.0,timeout
3923,-2.855100631713867,0.6489717960357666,-0.0002521972346585244,0.0006771556218154728,0.0006590710836462677,0.0,-3.0,timeout
3924,-2.8540825843811035,0.6487856507301331,-0.00024673499865457416,0.03234186768531799,0.03234141692519188,1.0,-3.0,timeout
3925,-2.853044271469116,0.6485934257507324,-0.00024663572548888624,0.03299863636493683,0.03299863636493683,1.0,-3.0,timeout
3926,-2.852006196975708,0.6483988761901855,-0.0002468417806085199,0.03300461918115616,0.03300461918115616,1.0,-3.0,timeout
3927,-2.850968599319458,0.648202657699585,-0.0002470301405992359,0.03299962356686592,0.03299961984157562,1.0,3.0,timeout
3928,-2.84993052482605,0.6480089426040649,-0.00024717164342291653,0.03299982473254204,0.03299982473254204,1.0,3.0,timeout
3929,-2.8488922119140625,0.6478170156478882,-0.0002472747873980552,0.03299694508314133,0.03299694135785103,1.0,-3.0,timeout
3930,-2.8478541374206543,0.6476227045059204,-0.0002473668719176203,0.033003248274326324,0.033003244549036026,1.0,-3.0,timeout
3931,-2.8468165397644043,0.6474266648292542,-0.00024745092377997935,0.03299858793616295,0.03299858793616295,1.0,3.0,timeout
3932,-2.845778465270996,0.6472331285476685,-0.0002475083456374705,0.03299879655241966,0.03299879655241966,1.0,3.0,timeout
3933,-2.844740152359009,0.6470413208007812,-0.0002475439687259495,0.03299626708030701,0.03299626708030701,1.0,-3.0,timeout
3934,-2.8437020778656006,0.646847128868103,-0.00024758203653618693,0.03300255909562111,0.03300255909562111,1.0,-3.0,timeout
3935,-2.8426644802093506,0.646650493144989,-0.00024761309032328427,0.03300204873085022,0.03300204873085022,1.0,-3.0,timeout
3936,-2.841627359390259,0.6464521288871765,-0.0002476477820891887,0.03299751132726669,0.03299751132726669,1.0,3.0,timeout
3937,-2.840589761734009,0.646255612373352,-0.0002476561348885298,0.033001355826854706,0.033001355826854706,1.0,-3.0,timeout
3938,-2.839552640914917,0.6460567116737366,-0.00024767196737229824,0.03300066664814949,0.03300066664814949,1.0,-3.0,timeout
3939,-2.8385157585144043,0.6458557844161987,-0.0002476898953318596,0.03300533443689346,0.03300533443689346,1.0,0.0,timeout
3940,-2.8374791145324707,0.645654559135437,-0.0002476953959558159,0.03299979493021965,0.03299979493021965,1.0,-3.0,timeout
3941,-2.837458610534668,0.6456508636474609,-0.0002525958407204598,0.0006688411813229322,0.0006510737584903836,0.0,3.0,timeout
3942,-2.837458610534668,0.6456503868103027,-0.0002519327390473336,2.552337718952913e-05,1.4901160284352954e-05,0.0,0.0,timeout
3943,-2.836442470550537,0.6454538702964783,-0.0002462292613927275,0.032343246042728424,0.03234275430440903,1.0,3.0,timeout
3944,-2.835405111312866,0.6452564001083374,-0.00024621549528092146,0.032999590039253235,0.032999590039253235,1.0,3.0,timeout
3945,-2.834367513656616,0.645060658454895,-0.00024649451370351017,0.03299685940146446,0.032996855676174164,1.0,-3.0,timeout
3946,-2.8343467712402344,0.6450567841529846,-0.0002516234526410699,0.0006786101730540395,0.000659410550724715,0.0,-3.0,timeout
3947,-2.8333308696746826,0.6448597311973572,-0.0002462760603521019,0.03233905881643295,0.03233863040804863,1.0,-3.0,timeout
3948,-2.833310127258301,0.6448554992675781,-0.0002511506318114698,0.0006788651226088405,0.0006615537567995489,0.0,-3.0,timeout
3949,-2.83331036567688,0.6448549628257751,-0.00025076832389459014,2.1892235963605344e-05,1.8344926502322778e-05,0.0,-3.0,timeout
3950,-2.8322958946228027,0.6446507573127747,-0.0002452906337566674,0.03233855962753296,0.032338108867406845,1.0,-3.0,timeout
3951,-2.8322954177856445,0.6446503400802612,-0.00025045013171620667,0.00016244551807176322,1.98001889657462e-05,0.0,0.0,timeout
3952,-2.8312814235687256,0.6444435715675354,-0.0002452254993841052,0.03233981877565384,0.03233940899372101,1.0,-3.0,timeout
3953,-2.830247163772583,0.6442304849624634,-0.00024542384198866785,0.03299945592880249,0.03299945592880249,1.0,-3.0,timeout
3954,-2.8292133808135986,0.6440157294273376,-0.0002458820235915482,0.03299542888998985,0.03299542888998985,1.0,3.0,timeout
3955,-2.828178882598877,0.6438028216362,-0.00024624334764666855,0.03300562500953674,0.033005621284246445,1.0,-3.0,timeout
3956,-2.8271450996398926,0.643587589263916,-0.00024654221488162875,0.0329984650015831,0.0329984650015831,1.0,-3.0,timeout
3957,-2.8261117935180664,0.6433699727058411,-0.0002467817976139486,0.03299914672970772,0.03299914672970772,1.0,-3.0,timeout
3958,-2.8250789642333984,0.6431500911712646,-0.0002469735045451671,0.03299923613667488,0.03299923613667488,1.0,-3.0,timeout
3959,-2.8240466117858887,0.642927885055542,-0.0002471268817316741,0.03299986943602562,0.03299986943602562,1.0,-3.0,timeout
3960,-2.823014497756958,0.6427034139633179,-0.0002472496125847101,0.03300755098462105,0.03300755098462105,1.0,-3.0,timeout
3961,-2.8229942321777344,0.6426982283592224,-0.00025222907424904406,0.0006719688535667956,0.0006537034641951323,0.0,-3.0,timeout
3962,-2.821984052658081,0.6424732208251953,-0.00024676110479049385,0.032342176884412766,0.03234172612428665,1.0,-3.0,timeout
3963,-2.820953607559204,0.6422423720359802,-0.00024666651734150946,0.032999586313962936,0.032999586313962936,1.0,3.0,timeout
3964,-2.819922685623169,0.6420133113861084,-0.00024685688549652696,0.033001963049173355,0.033001963049173355,1.0,-3.0,timeout
3965,-2.819902181625366,0.6420083045959473,-0.00025191358872689307,0.0006782417185604572,0.0006595762679353356,0.0,-3.0,timeout
3966,-2.8188929557800293,0.641778826713562,-0.00024650857085362077,0.03234376385807991,0.03234332054853439,1.0,-3.0,timeout
3967,-2.817863702774048,0.6415426135063171,-0.0002464551362209022,0.03300033137202263,0.03300033137202263,1.0,-3.0,timeout
3968,-2.8168351650238037,0.6413040161132812,-0.00024669760023243725,0.032995302230119705,0.032995302230119705,1.0,-3.0,timeout
3969,-2.8158068656921387,0.6410632133483887,-0.00024690551799722016,0.03300368785858154,0.03300368785858154,1.0,-3.0,timeout
3970,-2.815786600112915,0.6410576701164246,-0.00025195395573973656,0.0006752515328116715,0.0006565632065758109,0.0,-3.0,timeout
3971,-2.8147799968719482,0.6408166885375977,-0.00024654099252074957,0.03234565630555153,0.03234521672129631,1.0,-3.0,timeout
3972,-2.8147594928741455,0.6408117413520813,-0.0002513736835680902,0.0006762166740372777,0.0006591369165107608,0.0,3.0,timeout
3973,-2.813753128051758,0.6405707597732544,-0.00024605117505416274,0.03233839571475983,0.0323379710316658,1.0,-3.0,timeout
3974,-2.8127264976501465,0.6403228640556335,-0.00024608836974948645,0.03300423175096512,0.03300423175096512,1.0,-3.0,timeout
3975,-2.8117005825042725,0.6400727033615112,-0.00024640437914058566,0.03299920633435249,0.032999202609062195,1.0,-3.0,timeout
3976,-2.8117005825042725,0.6400718092918396,-0.0002516540698707104,0.00016641501861158758,2.7939675419474952e-05,0.0,0.0,timeout
3977,-2.8106956481933594,0.6398240923881531,-0.0002462043194100261,0.03234467655420303,0.03234422579407692,1.0,-3.0,timeout
3978,-2.809670925140381,0.6395693421363831,-0.0002462078118696809,0.03299732133746147,0.03299732133746147,1.0,-3.0,timeout
3979,-2.8096506595611572,0.6395634412765503,-0.0002513813378755003,0.0006791245541535318,0.0006595999002456665,0.0,-3.0,timeout
3980,-2.8086469173431396,0.6393097043037415,-0.000246090698055923,0.032354071736335754,0.03235365077853203,1.0,3.0,timeout
3981,-2.8086466789245605,0.6393093466758728,-0.000251095334533602,0.00015697060734964907,1.3431724255497102e-05,0.0,0.0,timeout
3982,-2.8086466789245605,0.639308750629425,-0.000250627170316875,2.3685130145167932e-05,1.862645149230957e-05,0.0,-3.0,timeout
3983,-2.8086469173431396,0.6393082737922668,-0.00025005880161188543,2.43521553784376e-05,1.6660003893775865e-05,0.0,-3.0,timeout
3984,-2.8076441287994385,0.6390522718429565,-0.0002447085571475327,0.03234262391924858,0.03234219551086426,1.0,-3.0,timeout
3985,-2.8066213130950928,0.6387896537780762,-0.00024500986910425127,0.03299976512789726,0.03299976512789726,1.0,3.0,timeout
3986,-2.805598020553589,0.6385287046432495,-0.00024553106050007045,0.03300127387046814,0.03300127014517784,1.0,-3.0,timeout
3987,-2.8055777549743652,0.638523280620575,-0.0002508536272216588,0.0006763610290363431,0.0006555902073159814,0.0,-3.0,timeout
3988,-2.8045761585235596,0.6382625102996826,-0.00024566013598814607,0.032343726605176926,0.032343316823244095,1.0,-3.0,timeout
3989,-2.8035547733306885,0.6379949450492859,-0.00024578627198934555,0.032995305955410004,0.032995305955410004,1.0,3.0,timeout
3990,-2.80253267288208,0.6377291679382324,-0.0002461527765262872,0.0330028235912323,0.0330028235912323,1.0,-3.0,timeout
3991,-2.80151104927063,0.6374617218971252,-0.00024647891405038536,0.03300157189369202,0.03300157189369202,1.0,3.0,timeout
3992,-2.8004889488220215,0.6371960043907166,-0.0002467212616465986,0.033002354204654694,0.033002354204654694,1.0,-3.0,timeout
3993,-2.7994675636291504,0.6369279026985168,-0.0002469242608640343,0.03299956023693085,0.03299956023693085,1.0,-3.0,timeout
3994,-2.7984468936920166,0.6366574764251709,-0.0002470871841069311,0.032996468245983124,0.032996468245983124,1.0,-3.0,timeout
3995,-2.798426389694214,0.6366522312164307,-0.0002521098649594933,0.0006797527894377708,0.0006613832665607333,0.0,3.0,timeout
3996,-2.7974259853363037,0.6363877654075623,-0.0002466650039423257,0.032337043434381485,0.03233659267425537,1.0,3.0,timeout
3997,-2.797405481338501,0.6363829970359802,-0.0002514614607207477,0.0006747086299583316,0.0006578486645594239,0.0,3.0,timeout
3998,-2.796403646469116,0.6361227035522461,-0.00024612058768980205,0.03234720975160599,0.032346781343221664,1.0,-3.0,timeout
3999,-2.7963833808898926,0.6361171007156372,-0.00025102548534050584,0.0006746986182406545,0.0006570571567863226,0.0,-3.0,timeout
4000,-2.795382499694824,0.6358528733253479,-0.0002457930822856724,0.03234950825572014,0.03234909474849701,1.0,3.0,timeout
4001,-2.794360876083374,0.6355862021446228,-0.00024588205269537866,0.03299544379115105,0.03299544379115105,1.0,3.0,timeout
4002,-2.7933382987976074,0.6353219151496887,-0.0002462388947606087,0.03300556167960167,0.03300555795431137,1.0,3.0,timeout
4003,-2.7923154830932617,0.6350592970848083,-0.0002465278375893831,0.03299976512789726,0.03299976512789726,1.0,-3.0,timeout
4004,-2.791293144226074,0.6347948908805847,-0.0002467798185534775,0.032999277114868164,0.032999277114868164,1.0,3.0,timeout
4005,-2.7902700901031494,0.6345328688621521,-0.00024697204935364425,0.03300235792994499,0.033002354204654694,1.0,3.0,timeout
4006,-2.7902495861053467,0.6345281004905701,-0.00025199641822837293,0.0006763265118934214,0.0006578486645594239,0.0,-3.0,timeout
4007,-2.7892472743988037,0.6342709064483643,-0.00024658546317368746,0.032337434589862823,0.032336991280317307,1.0,3.0,timeout
4008,-2.7882235050201416,0.6340112686157227,-0.00024651605053804815,0.033005617558956146,0.03300561383366585,1.0,3.0,timeout
4009,-2.788203001022339,0.6340067386627197,-0.00025161707890219986,0.000675285526085645,0.0006562011549249291,0.0,-3.0,timeout
4010,-2.7872002124786377,0.6337510943412781,-0.0002462690754327923,0.03233986347913742,0.0323394276201725,1.0,-3.0,timeout
4011,-2.786177635192871,0.6334878206253052,-0.0002462627016939223,0.032997649163007736,0.032997649163007736,1.0,-3.0,timeout
4012,-2.786177396774292,0.6334876418113708,-0.0002515267697162926,0.00016476554446853697,9.313225746154785e-06,0.0,0.0,timeout
4013,-2.786177158355713,0.6334879398345947,-0.0002509963815100491,2.0419738575583324e-05,1.1926747902180068e-05,0.0,3.0,timeout
4014,-2.785175085067749,0.6332299709320068,-0.0002454706991557032,0.032336264848709106,0.0323358029127121,1.0,3.0,timeout
4015,-2.784151554107666,0.6329697966575623,-0.000245608709519729,0.03300251439213753,0.03300251439213753,1.0,3.0,timeout
4016,-2.784151077270508,0.6329700946807861,-0.0002509930927772075,0.00016917703032959253,1.7572157958056778e-05,0.0,0.0,timeout
4017,-2.7831478118896484,0.6327162981033325,-0.00024567361106164753,0.03234008699655533,0.032339658588171005,1.0,-3.0,timeout
4018,-2.7831475734710693,0.6327162384986877,-0.00025076657766476274,0.0001593403867445886,7.679882401134819e-06,0.0,0.0,timeout
4019,-2.7831478118896484,0.6327159404754639,-0.00025036418810486794,1.7331178241875023e-05,1.1926747902180068e-05,0.0,-3.0,timeout
4020,-2.7821457386016846,0.6324573755264282,-0.00024496272089891136,0.032340891659259796,0.03234045207500458,1.0,-3.0,timeout
4021,-2.7811238765716553,0.6321912407875061,-0.00024520352599211037,0.032998427748680115,0.032998427748680115,1.0,-3.0,timeout
4022,-2.780102491378784,0.6319227814674377,-0.00024569567176513374,0.033002398908138275,0.03300239518284798,1.0,-3.0,timeout
4023,-2.7790815830230713,0.6316526532173157,-0.000246113573666662,0.033001288771629333,0.033001285046339035,1.0,3.0,timeout
4024,-2.7780601978302,0.6313843131065369,-0.00024642920470796525,0.03300144895911217,0.03300144895911217,1.0,-3.0,timeout
4025,-2.7770395278930664,0.6311136484146118,-0.0002466908481437713,0.032998379319906235,0.032998375594615936,1.0,-3.0,timeout
4026,-2.776019334793091,0.6308413743972778,-0.0002469102037139237,0.03299690783023834,0.03299690783023834,1.0,3.0,timeout
4027,-2.774998426437378,0.6305708289146423,-0.0002470663166604936,0.033004626631736755,0.033004626631736755,1.0,-3.0,timeout
4028,-2.7739782333374023,0.6302980184555054,-0.00024720033979974687,0.03300123289227486,0.03300123289227486,1.0,-3.0,timeout
4029,-2.7739579677581787,0.6302921175956726,-0.00025218940572813153,0.0006777753587812185,0.0006595999002456665,0.0,-3.0,timeout
4030,-2.773958206176758,0.6302920579910278,-0.00025162359816022217,1.927733319462277e-05,7.679882401134819e-06,0.0,3.0,timeout
4031,-2.7729387283325195,0.6300172209739685,-0.00024587480584159493,0.03299655765295029,0.03299606963992119,1.0,0.0,timeout
4032,-2.771919012069702,0.6297423839569092,-0.0002460252435412258,0.03300326317548752,0.03300326317548752,1.0,0.0,timeout
4033,-2.7708992958068848,0.6294676065444946,-0.0002463572600390762,0.03300277888774872,0.03300277888774872,1.0,0.0,timeout
4034,-2.770879030227661,0.629461944103241,-0.0002515102969482541,0.0006769868778064847,0.0006575559382326901,0.0,-3.0,timeout
4035,-2.769880771636963,0.629189670085907,-0.0002461853146087378,0.032335542142391205,0.03233511745929718,1.0,-3.0,timeout
4036,-2.76886248588562,0.6289096474647522,-0.00024619634496048093,0.03300269693136215,0.03300269693136215,1.0,-3.0,timeout
4037,-2.7688422203063965,0.6289035677909851,-0.00025137211196124554,0.0006806797464378178,0.0006611839053221047,0.0,-3.0,timeout
4038,-2.767845869064331,0.6286241412162781,-0.00024607442901469767,0.03233768045902252,0.0323372557759285,1.0,-3.0,timeout
4039,-2.7678256034851074,0.6286178827285767,-0.0002509898622520268,0.0006803777650929987,0.0006628111586906016,0.0,-3.0,timeout
4040,-2.7668306827545166,0.6283336877822876,-0.0002457547525409609,0.03233523666858673,0.0323348231613636,1.0,-3.0,timeout
4041,-2.766810417175293,0.6283273100852966,-0.00025073360302485526,0.0006819074042141438,0.0006639199564233422,0.0,-3.0,timeout
4042,-2.766810655593872,0.6283271312713623,-0.0002504446601960808,1.2971790965821128e-05,9.313225746154785e-06,0.0,3.0,timeout
4043,-2.766810655593872,0.628326416015625,-0.0002499078109394759,2.7947316993959248e-05,2.235173997178208e-05,0.0,-3.0,timeout
4044,-2.7658169269561768,0.628037691116333,-0.0002445877471473068,0.032338641583919525,0.0323382169008255,1.0,-3.0,timeout
4045,-2.764803409576416,0.6277415156364441,-0.00024491315707564354,0.03299706056714058,0.03299706056714058,1.0,3.0,timeout
4046,-2.763789176940918,0.6274471282958984,-0.0002454537898302078,0.03300289809703827,0.03300289437174797,1.0,-3.0,timeout
4047,-2.7637689113616943,0.6274415850639343,-0.0002508031902834773,0.0006775106303393841,0.0006565632065758109,0.0,3.0,timeout
4048,-2.7627546787261963,0.6271477341651917,-0.0002455178473610431,0.03299863636493683,0.032998226583004,1.0,0.0,timeout
4049,-2.7617404460906982,0.6268535256385803,-0.00024574968847446144,0.033001337200403214,0.033001337200403214,1.0,-3.0,timeout
4050,-2.7607269287109375,0.6265572905540466,-0.0002461418625898659,0.032997582107782364,0.032997578382492065,1.0,0.0,timeout
4051,-2.7597134113311768,0.6262608766555786,-0.00024645679513923824,0.032999150454998016,0.03299914672970772,1.0,-3.0,timeout
4052,-2.758700370788574,0.6259620785713196,-0.00024671319988556206,0.03300584852695465,0.03300584852695465,1.0,-3.0,timeout
4053,-2.757688283920288,0.6256610751152039,-0.0002469185565132648,0.03299684450030327,0.03299684450030327,1.0,-3.0,timeout
4054,-2.75667667388916,0.6253577470779419,-0.0002470828767400235,0.03300335258245468,0.03300335258245468,1.0,-3.0,timeout
4055,-2.7556657791137695,0.6250529289245605,-0.00024722356465645134,0.03299535810947418,0.03299535810947418,1.0,3.0,timeout
4056,-2.7546541690826416,0.6247498393058777,-0.00024731698795221746,0.033001214265823364,0.033001214265823364,1.0,-3.0,timeout
4057,-2.753643274307251,0.6244445443153381,-0.00024740095250308514,0.032999660819768906,0.032999660819768906,1.0,-3.0,timeout
4058,-2.7526328563690186,0.624137282371521,-0.0002474731591064483,0.03300322964787483,0.03300322964787483,1.0,0.0,timeout
4059,-2.7526328563690186,0.6241366863250732,-0.00025250486214645207,0.00015834008809179068,1.862645149230957e-05,0.0,0.0,timeout
4060,-2.7516427040100098,0.6238349080085754,-0.00024688453413546085,0.03234795108437538,0.03234747797250748,1.0,-3.0,timeout
4061,-2.7506332397460938,0.6235250234603882,-0.0002467517042532563,0.03299867361783981,0.03299867361783981,1.0,-3.0,timeout
4062,-2.749624490737915,0.6232128739356995,-0.00024693450541235507,0.032998163253068924,0.032998163253068924,1.0,-3.0,timeout
4063,-2.7486162185668945,0.6228991150856018,-0.0002471041225362569,0.03299883380532265,0.03299883380532265,1.0,3.0,timeout
4064,-2.7476072311401367,0.6225872039794922,-0.000247221440076828,0.033003080636262894,0.033003080636262894,1.0,-3.0,timeout
4065,-2.7475874423980713,0.6225805282592773,-0.00025220593670383096,0.0006709693698212504,0.0006526385550387204,0.0,-3.0,timeout
4066,-2.7475876808166504,0.62257981300354,-0.0002516269451007247,2.9706661734962836e-05,2.3560804038424976e-05,0.0,-3.0,timeout
4067,-2.746601104736328,0.6222671866416931,-0.0002459782699588686,0.0323418565094471,0.0323413722217083,1.0,-3.0,timeout
4068,-2.7455949783325195,0.6219460964202881,-0.0002460164250805974,0.03300374746322632,0.03300374746322632,1.0,-3.0,timeout
4069,-2.7445895671844482,0.6216233968734741,-0.0002463553682900965,0.03299778699874878,0.03299778699874878,1.0,3.0,timeout
4070,-2.7435832023620605,0.621303141117096,-0.0002466312434989959,0.03300292789936066,0.03300292417407036,1.0,3.0,timeout
4071,-2.7425763607025146,0.6209846138954163,-0.0002468425955157727,0.03300079330801964,0.03300079330801964,1.0,-3.0,timeout
4072,-2.741570234298706,0.6206644773483276,-0.0002470313338562846,0.032994698733091354,0.032994698733091354,1.0,3.0,timeout
4073,-2.740563154220581,0.62034672498703,-0.0002471729530952871,0.033000603318214417,0.033000603318214417,1.0,3.0,timeout
4074,-2.739555597305298,0.6200305819511414,-0.0002472756605129689,0.03299972042441368,0.03299972042441368,1.0,-3.0,timeout
4075,-2.738548755645752,0.6197121739387512,-0.0002473673375789076,0.0329996682703495,0.0329996682703495,1.0,-3.0,timeout
4076,-2.7375426292419434,0.6193913221359253,-0.0002474413195159286,0.033001482486724854,0.033001482486724854,1.0,-3.0,timeout
4077,-2.737522602081299,0.6193845272064209,-0.0002523820730857551,0.000678685843013227,0.0006608899566344917,0.0,-3.0,timeout
4078,-2.7365381717681885,0.6190651655197144,-0.0002468829043209553,0.03234224021434784,0.03234178200364113,1.0,-3.0,timeout
4079,-2.735534429550171,0.6187371611595154,-0.00024675458553247154,0.032999251037836075,0.032999251037836075,1.0,-3.0,timeout
4080,-2.7355146408081055,0.6187300086021423,-0.00025181862292811275,0.000676328141707927,0.0006575532606802881,0.0,-3.0,timeout
4081,-2.734532594680786,0.6184037327766418,-0.0002464315330144018,0.03233883157372475,0.03233839571475983,1.0,-3.0,timeout
4082,-2.7335309982299805,0.6180686354637146,-0.0002463937271386385,0.03300517052412033,0.03300517052412033,1.0,-3.0,timeout
4083,-2.732530355453491,0.6177313327789307,-0.00024664856027811766,0.032998859882354736,0.032998859882354736,1.0,-3.0,timeout
4084,-2.73153018951416,0.6173924803733826,-0.00024687545374035835,0.033000245690345764,0.033000245690345764,1.0,3.0,timeout
4085,-2.7315104007720947,0.6173853278160095,-0.0002519201661925763,0.0006761871045455337,0.0006575532606802881,0.0,-3.0,timeout
4086,-2.7305305004119873,0.617052435874939,-0.00024651308194734156,0.032341118901968,0.032340679317712784,1.0,-3.0,timeout
4087,-2.7295312881469727,0.6167106032371521,-0.0002464587741997093,0.03300204873085022,0.03300204873085022,1.0,-3.0,timeout
4088,-2.7285327911376953,0.6163665056228638,-0.00024670048151165247,0.033003900200128555,0.03300389647483826,1.0,-3.0,timeout
4089,-2.72851300239563,0.6163595914840698,-0.0002518000837881118,0.0006741643301211298,0.0006550581310875714,0.0,3.0,timeout
4090,-2.728513240814209,0.6163593530654907,-0.0002513005747459829,1.88330486707855e-05,1.0536711670283694e-05,0.0,3.0,timeout
4091,-2.7275338172912598,0.6160249710083008,-0.00024571732501499355,0.032342053949832916,0.03234158456325531,1.0,3.0,timeout
4092,-2.7265334129333496,0.6156867742538452,-0.00024580597528256476,0.03300073742866516,0.03300073742866516,1.0,3.0,timeout
4093,-2.7255325317382812,0.6153502464294434,-0.00024616706650704145,0.03299819678068161,0.03299819305539131,1.0,-3.0,timeout
4094,-2.724532127380371,0.6150120496749878,-0.00024649041006341577,0.03300073742866516,0.03300073742866516,1.0,3.0,timeout
4095,-2.7245121002197266,0.615005373954773,-0.0002516120730433613,0.0006788401515223086,0.000659702520351857,0.0,-3.0,timeout
4096,-2.723531484603882,0.6146736741065979,-0.0002462768170516938,0.032350316643714905,0.03234988823533058,1.0,3.0,timeout
4097,-2.7225303649902344,0.6143380403518677,-0.000246269948547706,0.03299636393785477,0.03299636393785477,1.0,3.0,timeout
4098,-2.7215285301208496,0.6140040159225464,-0.0002465386933181435,0.0330016165971756,0.0330016165971756,1.0,-3.0,timeout
4099,-2.720527410507202,0.6136675477027893,-0.00024677705368958414,0.03300466760993004,0.03300466388463974,1.0,-3.0,timeout
4100,-2.7205076217651367,0.6136606931686401,-0.0002518507244531065,0.0006733784102834761,0.0006544460775330663,0.0,-3.0,timeout
4101,-2.7205076217651367,0.613660991191864,-0.0002513528452254832,1.8133121557184495e-05,9.313225746154785e-06,0.0,3.0,timeout
4102,-2.7205076217651367,0.6136605739593506,-0.00025063473731279373,2.5953719159588218e-05,1.3038515135121997e-05,0.0,-3.0,timeout
4103,-2.7205076217651367,0.6136608719825745,-0.0002500650007277727,2.0092986233066767e-05,9.313225746154785e-06,0.0,3.0,timeout
4104,-2.71952748298645,0.613328218460083,-0.00024470334756188095,0.03234577551484108,0.03234533593058586,1.0,-3.0,timeout
4105,-2.7195076942443848,0.6133211255073547,-0.0002498780086170882,0.0006765328580513597,0.0006569224642589688,0.0,-3.0,timeout
4106,-2.719507932662964,0.6133205890655518,-0.0002497495443094522,1.8779046513373032e-05,1.8344926502322778e-05,0.0,-3.0,timeout
4107,-2.718510389328003,0.6129749417304993,-0.00024438436958007514,0.03299197182059288,0.032991547137498856,1.0,0.0,timeout
4108,-2.717512607574463,0.6126289367675781,-0.0002448289596941322,0.03300224617123604,0.03300224244594574,1.0,-3.0,timeout
4109,-2.716515302658081,0.612281322479248,-0.00024540990125387907,0.03300468623638153,0.03300468623638153,1.0,3.0,timeout
4110,-2.715517520904541,0.6119356751441956,-0.0002458705857861787,0.03299858793616295,0.03299858793616295,1.0,0.0,timeout
4111,-2.714519739151001,0.611589789390564,-0.0002462397678755224,0.03300102427601814,0.03300102427601814,1.0,-3.0,timeout
4112,-2.7135229110717773,0.6112415790557861,-0.0002465394209139049,0.032996755093336105,0.03299675136804581,1.0,-3.0,timeout
4113,-2.712526559829712,0.6108916997909546,-0.0002467891899868846,0.032999929040670395,0.032999929040670395,1.0,3.0,timeout
4114,-2.711529493331909,0.6105436086654663,-0.0002469694591127336,0.03300255909562111,0.03300255909562111,1.0,-3.0,timeout
4115,-2.7115094661712646,0.6105369925498962,-0.0002520155976526439,0.0006777170347049832,0.0006591158453375101,0.0,3.0,timeout
4116,-2.7105326652526855,0.6101954579353333,-0.0002465789148118347,0.03233756124973297,0.032337117940187454,1.0,-3.0,timeout
4117,-2.709536552429199,0.6098449230194092,-0.0002465111028868705,0.03299969807267189,0.03299969807267189,1.0,-3.0,timeout
4118,-2.70854115486145,0.6094920635223389,-0.00024674227461218834,0.033002812415361404,0.033002812415361404,1.0,-3.0,timeout
4119,-2.7085213661193848,0.6094850301742554,-0.0002518335240893066,0.0006753059569746256,0.0006562963244505227,0.0,3.0,timeout
4120,-2.7075459957122803,0.6091390252113342,-0.0002464332210365683,0.03234180063009262,0.0323413610458374,1.0,-3.0,timeout
4121,-2.7065513134002686,0.6087839603424072,-0.00024639489129185677,0.03300485014915466,0.03300485014915466,1.0,-3.0,timeout
4122,-2.705557346343994,0.6084274053573608,-0.0002466586884111166,0.03299949690699577,0.032999493181705475,1.0,3.0,timeout
4123,-2.7045624256134033,0.6080732941627502,-0.00024687370751053095,0.0330018624663353,0.0330018624663353,1.0,3.0,timeout
4124,-2.7035670280456543,0.6077209115028381,-0.0002470365434419364,0.03299783542752266,0.03299783542752266,1.0,-3.0,timeout
4125,-2.7025723457336426,0.6073662638664246,-0.0002471764455549419,0.03300046920776367,0.03300046920776367,1.0,-3.0,timeout
4126,-2.7025527954101562,0.6073586940765381,-0.00025217037182301283,0.0006734763737767935,0.0006551455007866025,0.0,-3.0,timeout
4127,-2.7015795707702637,0.607006311416626,-0.000246713578235358,0.032345931977033615,0.0323454774916172,1.0,-3.0,timeout
4128,-2.7015597820281982,0.6069992780685425,-0.00025151207228191197,0.0006732093170285225,0.0006562963244505227,0.0,3.0,timeout
4129,-2.7015600204467773,0.6069985032081604,-0.0002510467020329088,2.9212005756562576e-05,2.5334713427582756e-05,0.0,-3.0,timeout
4130,-2.700587272644043,0.6066448092460632,-0.00024552259128540754,0.03234591335058212,0.032345451414585114,1.0,3.0,timeout
4131,-2.7005674839019775,0.6066375970840454,-0.0002505244920030236,0.0006764946738258004,0.0006581887719221413,0.0,-3.0,timeout
4132,-2.6995949745178223,0.60628342628479,-0.0002453805645927787,0.032343942672014236,0.0323435440659523,1.0,-3.0,timeout
4133,-2.699575424194336,0.6062758564949036,-0.00025043441564776003,0.0006739127566106617,0.0006551455007866025,0.0,-3.0,timeout
4134,-2.6986045837402344,0.6059169173240662,-0.0002453098713885993,0.03234631195664406,0.03234591707587242,1.0,-3.0,timeout
4135,-2.698584794998169,0.6059098839759827,-0.00025038927560672164,0.000675218878313899,0.0006562963244505227,0.0,3.0,timeout
4136,-2.6976141929626465,0.6055507063865662,-0.0002452630433253944,0.032341908663511276,0.03234151378273964,1.0,-3.0,timeout
4137,-2.696624279022217,0.6051828265190125,-0.00024546770146116614,0.03300191089510918,0.03300190716981888,1.0,3.0,timeout
4138,-2.695633888244629,0.6048166751861572,-0.0002458980306982994,0.03299710899591446,0.03299710899591446,1.0,-3.0,timeout
4139,-2.6946442127227783,0.6044482588768005,-0.0002462653210386634,0.033000774681568146,0.03300077095627785,1.0,-3.0,timeout
4140,-2.694624423980713,0.6044410467147827,-0.00025145302060991526,0.000677859818097204,0.0006581887719221413,0.0,3.0,timeout
4141,-2.6936542987823486,0.6040805578231812,-0.0002461391850374639,0.03234221413731575,0.03234178572893143,1.0,3.0,timeout
4142,-2.693634271621704,0.6040738224983215,-0.0002510414633434266,0.0006778326351195574,0.0006602938519790769,0.0,3.0,timeout
4143,-2.6926627159118652,0.6037173867225647,-0.00024578426382504404,0.03234026953577995,0.032339852303266525,1.0,-3.0,timeout
4144,-2.6916720867156982,0.6033516526222229,-0.0002458746894262731,0.03299957513809204,0.03299957513809204,1.0,-3.0,timeout
4145,-2.6906819343566895,0.6029842495918274,-0.0002462428528815508,0.033003710210323334,0.033003706485033035,1.0,3.0,timeout
4146,-2.690662145614624,0.602977454662323,-0.00025142449885606766,0.0006735913921147585,0.000653838855214417,0.0,3.0,timeout
4147,-2.690662145614624,0.6029770374298096,-0.00025099076447077096,1.880742456705775e-05,1.3038515135121997e-05,0.0,-3.0,timeout
4148,-2.6896908283233643,0.6026194095611572,-0.00024547905195504427,0.03234617039561272,0.032345712184906006,1.0,3.0,timeout
4149,-2.6896708011627197,0.6026129126548767,-0.00025050053955055773,0.0006764107383787632,0.0006579568143934011,0.0,3.0,timeout
4150,-2.6886980533599854,0.6022592782974243,-0.0002453507040627301,0.03234521299600601,0.03234481438994408,1.0,-3.0,timeout
4151,-2.687706470489502,0.6018962264060974,-0.0002455277426633984,0.03299862891435623,0.03299862891435623,1.0,-3.0,timeout
4152,-2.6867153644561768,0.6015312075614929,-0.00024596042931079865,0.03300582617521286,0.03300582617521286,1.0,0.0,timeout
4153,-2.6857244968414307,0.6011666059494019,-0.0002463212003931403,0.03299432992935181,0.03299432992935181,1.0,3.0,timeout
4154,-2.684732675552368,0.6008036732673645,-0.0002465949219185859,0.03300434350967407,0.03300434350967407,1.0,-3.0,timeout
4155,-2.684732437133789,0.6008033752441406,-0.00025180657394230366,0.00016330023936461657,1.1926747902180068e-05,0.0,0.0,timeout
4156,-2.6837615966796875,0.6004450917243958,-0.00024632582790218294,0.03233926743268967,0.032338812947273254,1.0,-3.0,timeout
4157,-2.682771682739258,0.6000773906707764,-0.0002463047276251018,0.03299996629357338,0.03299996629357338,1.0,-3.0,timeout
4158,-2.6817824840545654,0.5997073650360107,-0.00024657699395902455,0.03300439193844795,0.03300439193844795,1.0,-3.0,timeout
4159,-2.6807942390441895,0.5993351936340332,-0.0002468089514877647,0.033000051975250244,0.033000051975250244,1.0,-3.0,timeout
4160,-2.6807749271392822,0.599327027797699,-0.00025187694700434804,0.0006740988465026021,0.0006552302511408925,0.0,-3.0,timeout
4161,-2.67978835105896,0.5989508032798767,-0.00024638776085339487,0.032996613532304764,0.03299616649746895,1.0,0.0,timeout
4162,-2.6797690391540527,0.5989428758621216,-0.0002513280778657645,0.0006703837425448,0.0006523646879941225,0.0,-3.0,timeout
4163,-2.678802967071533,0.5985713005065918,-0.0002460288524162024,0.03234626352787018,0.032345838844776154,1.0,-3.0,timeout
4164,-2.6778182983398438,0.5981900691986084,-0.00024607114028185606,0.03299665078520775,0.03299665078520775,1.0,-3.0,timeout
4165,-2.6768343448638916,0.5978065729141235,-0.00024639052571728826,0.03300144523382187,0.03300144523382187,1.0,-3.0,timeout
4166,-2.675851345062256,0.5974209308624268,-0.0002466599689796567,0.032998111099004745,0.032998111099004745,1.0,-3.0,timeout
4167,-2.6758320331573486,0.5974124670028687,-0.0002517579705454409,0.0006778989336453378,0.0006589131080545485,0.0,-3.0,timeout
4168,-2.6758322715759277,0.5974115133285522,-0.0002512688806746155,3.431168806855567e-05,3.0719529604539275e-05,0.0,-3.0,timeout
4169,-2.674870729446411,0.5970277786254883,-0.0002457006776239723,0.032353129237890244,0.032352663576602936,1.0,3.0,timeout
4170,-2.673888921737671,0.5966387391090393,-0.000245789997279644,0.03300239518284798,0.03300239518284798,1.0,0.0,timeout
4171,-2.673888683319092,0.5966384410858154,-0.0002511436177883297,0.00016772522940300405,1.1926747902180068e-05,0.0,0.0,timeout
4172,-2.672926902770996,0.5962565541267395,-0.0002457943046465516,0.03233866021037102,0.032338231801986694,1.0,-3.0,timeout
4173,-2.6719462871551514,0.5958647727966309,-0.00024587963707745075,0.03299945965409279,0.03299945965409279,1.0,-3.0,timeout
4174,-2.670966386795044,0.595470666885376,-0.00024623703211545944,0.033005744218826294,0.033005740493535995,1.0,-3.0,timeout
4175,-2.669987678527832,0.5950744152069092,-0.0002465370635036379,0.0329962894320488,0.0329962894320488,1.0,-3.0,timeout
4176,-2.669968366622925,0.5950658321380615,-0.00025165965780615807,0.0006795417866669595,0.0006604173104278743,0.0,-3.0,timeout
4177,-2.669001579284668,0.5946700572967529,-0.0002462700940668583,0.032646071165800095,0.03264563903212547,1.0,3.0,timeout
4178,-2.6680233478546143,0.5942725539207458,-0.00024630659027025104,0.03299717977643013,0.03299717977643013,1.0,3.0,timeout
4179,-2.6670444011688232,0.5938767790794373,-0.00024657018366269767,0.03299760818481445,0.032997604459524155,1.0,-3.0,timeout
4180,-2.6660659313201904,0.5934789776802063,-0.0002468076709192246,0.03300759196281433,0.03300759196281433,1.0,0.0,timeout
4181,-2.666046619415283,0.5934708714485168,-0.00025187135906890035,0.0006733643240295351,0.0006545070791617036,0.0,-3.0,timeout
4182,-2.666046619415283,0.5934707522392273,-0.00025136381736956537,1.629229518584907e-05,3.7252900710882386e-06,0.0,0.0,timeout
4183,-2.6650891304016113,0.593078076839447,-0.00024576339637860656,0.032340507954359055,0.03234003484249115,1.0,-3.0,timeout
4184,-2.6641130447387695,0.5926752686500549,-0.0002458443050272763,0.03299795091152191,0.03299795091152191,1.0,-3.0,timeout
4185,-2.6641128063201904,0.5926746726036072,-0.0002511916100047529,0.00016830317326821387,2.0061301256646402e-05,0.0,0.0,timeout
4186,-2.663156747817993,0.5922781825065613,-0.00024584363563917577,0.03234459087252617,0.03234415873885155,1.0,3.0,timeout
4187,-2.662180185317993,0.5918764472007751,-0.00024591799592599273,0.032998956739902496,0.0329989530146122,1.0,3.0,timeout
4188,-2.6612026691436768,0.5914769768714905,-0.00024626730009913445,0.032999683171510696,0.0329996794462204,1.0,3.0,timeout
4189,-2.660224199295044,0.591079831123352,-0.0002465610159561038,0.032999880611896515,0.032999880611896515,1.0,3.0,timeout
4190,-2.659245014190674,0.5906848907470703,-0.00024679675698280334,0.03299475088715553,0.03299475088715553,1.0,3.0,timeout
4191,-2.6592249870300293,0.5906782150268555,-0.00025186827406287193,0.0006784724537283182,0.000659702520351857,0.0,3.0,timeout
4192,-2.6582601070404053,0.5902931690216064,-0.0002464427670929581,0.032465171068906784,0.032464731484651566,1.0,-3.0,timeout
4193,-2.658259868621826,0.5902932286262512,-0.0002514022053219378,0.00015517260180786252,7.679882401134819e-06,0.0,0.0,timeout
4194,-2.657299757003784,0.5899069905281067,-0.00024598813615739346,0.03234070539474487,0.032340262085199356,1.0,-3.0,timeout
4195,-2.656320810317993,0.5895106792449951,-0.00024603368365205824,0.03300389647483826,0.03300389647483826,1.0,-3.0,timeout
4196,-2.6553430557250977,0.5891120433807373,-0.00024635999579913914,0.03299672529101372,0.03299672156572342,1.0,-3.0,timeout
4197,-2.6543660163879395,0.588711142539978,-0.0002466352889314294,0.0330028310418129,0.0330028273165226,1.0,-3.0,timeout
4198,-2.6533899307250977,0.5883080959320068,-0.0002468563034199178,0.033000797033309937,0.033000797033309937,1.0,-3.0,timeout
4199,-2.652414560317993,0.5879034996032715,-0.0002470423642080277,0.03299865871667862,0.03299865871667862,1.0,3.0,timeout
4200,-2.6514382362365723,0.5875009298324585,-0.0002471765910740942,0.03300200030207634,0.03300200030207634,1.0,0.0,timeout
4201,-2.6504621505737305,0.5870981216430664,-0.0002472843916621059,0.03299795091152191,0.03299795091152191,1.0,-3.0,timeout
4202,-2.649486541748047,0.5866934657096863,-0.0002473797358106822,0.03300625458359718,0.03300625458359718,1.0,0.0,timeout
4203,-2.6485114097595215,0.5862885117530823,-0.00024744734400883317,0.03299606218934059,0.03299606218934059,1.0,-3.0,timeout
4204,-2.6475367546081543,0.5858820080757141,-0.0002475149813108146,0.03300091624259949,0.03300091251730919,1.0,3.0,timeout
4205,-2.64656138420105,0.5854772329330444,-0.00024754993501119316,0.03300080448389053,0.03300080448389053,1.0,-3.0,timeout
4206,-2.6455867290496826,0.5850709080696106,-0.00024759687948971987,0.032998766750097275,0.032998766750097275,1.0,3.0,timeout
4207,-2.644611358642578,0.5846661925315857,-0.00024761533131822944,0.03300008922815323,0.03300008922815323,1.0,-3.0,timeout
4208,-2.64363694190979,0.5842592716217041,-0.0002476393128745258,0.03299906104803085,0.03299906104803085,1.0,-3.0,timeout
4209,-2.643617868423462,0.5842507481575012,-0.00025254051433876157,0.0006705794367007911,0.0006528538069687784,0.0,-3.0,timeout
4210,-2.643617868423462,0.5842507481575012,-0.00025190418818965554,1.98851903405739e-05,0.0,0.0,3.0,timeout
4211,-2.6426639556884766,0.5838492512702942,-0.0002461903786752373,0.032343100756406784,0.03234260529279709,1.0,-3.0,timeout
4212,-2.6426525115966797,0.5838446617126465,-0.00025111957802437246,0.00041496456833556294,0.00038531547761522233,0.0,3.0,timeout
4213,-2.6416988372802734,0.5834429860115051,-0.00024580772151239216,0.032338328659534454,0.03233790397644043,1.0,-3.0,timeout
4214,-2.641679525375366,0.5834341645240784,-0.0002507742610760033,0.0006813895888626575,0.0006634782184846699,0.0,-3.0,timeout
4215,-2.6416797637939453,0.5834341049194336,-0.0002504768781363964,1.205588887387421e-05,7.679882401134819e-06,0.0,3.0,timeout
4216,-2.6407265663146973,0.5830307602882385,-0.0002450580650474876,0.03234490379691124,0.03234446421265602,1.0,3.0,timeout
4217,-2.6397528648376465,0.5826220512390137,-0.00024527887580916286,0.033000025898218155,0.033000022172927856,1.0,3.0,timeout
4218,-2.6387784481048584,0.5822149515151978,-0.0002457455266267061,0.03300121799111366,0.033001214265823364,1.0,-3.0,timeout
4219,-2.6378049850463867,0.5818055272102356,-0.00024614299763925374,0.03300181403756142,0.03300181031227112,1.0,-3.0,timeout
4220,-2.6368324756622314,0.5813938975334167,-0.0002464622666593641,0.03300114721059799,0.033001143485307693,1.0,-3.0,timeout
4221,-2.6368324756622314,0.5813933610916138,-0.0002517010143492371,0.000164566925377585,1.6763806343078613e-05,0.0,0.0,timeout
4222,-2.6358799934387207,0.5809882283210754,-0.0002462520787958056,0.03234615921974182,0.032345712184906006,1.0,3.0,timeout
4223,-2.6349074840545654,0.58057701587677,-0.000246234965743497,0.03299606591463089,0.03299606591463089,1.0,-3.0,timeout
4224,-2.6339354515075684,0.5801641345024109,-0.00024653045693412423,0.03300269693136215,0.03300269693136215,1.0,3.0,timeout
4225,-2.632962703704834,0.5797529816627502,-0.000246761686867103,0.03300220146775246,0.03300220146775246,1.0,-3.0,timeout
4226,-2.631990909576416,0.5793401598930359,-0.00024696660693734884,0.032995108515024185,0.032995108515024185,1.0,3.0,timeout
4227,-2.6310181617736816,0.5789290070533752,-0.00024711122387088835,0.03300220146775246,0.03300220146775246,1.0,-3.0,timeout
4228,-2.6300463676452637,0.5785155892372131,-0.00024723607930354774,0.03300239518284798,0.03300239518284798,1.0,-3.0,timeout
4229,-2.6300272941589355,0.5785070061683655,-0.00025221813120879233,0.0006719024386256933,0.0006536159780807793,0.0,-3.0,timeout
4230,-2.6290643215179443,0.578092634677887,-0.0002466996666043997,0.03276112675666809,0.03276067227125168,1.0,3.0,timeout
4231,-2.629045009613037,0.5780842304229736,-0.00025153925525955856,0.0006753202178515494,0.0006581677007488906,0.0,-3.0,timeout
4232,-2.6280946731567383,0.5776745080947876,-0.0002461956755723804,0.03234096243977547,0.03234052658081055,1.0,-3.0,timeout
4233,-2.628084659576416,0.5776706337928772,-0.0002511453931219876,0.00036946660839021206,0.00033552953391335905,0.0,3.0,timeout
4234,-2.627134084701538,0.5772612690925598,-0.0002458328672219068,0.03234337642788887,0.032342951744794846,1.0,3.0,timeout
4235,-2.6261632442474365,0.5768457055091858,-0.00024590062093921006,0.03300130367279053,0.03300130367279053,1.0,-3.0,timeout
4236,-2.6251933574676514,0.5764278769493103,-0.00024625303922221065,0.0330018512904644,0.0330018512904644,1.0,-3.0,timeout
4237,-2.6242246627807617,0.5760078430175781,-0.00024654960725456476,0.03299499675631523,0.03299499675631523,1.0,-3.0,timeout
4238,-2.6232564449310303,0.575586199760437,-0.0002467972517479211,0.0330013744533062,0.0330013744533062,1.0,3.0,timeout
4239,-2.623236894607544,0.5755782127380371,-0.0002518684486858547,0.0006787257152609527,0.0006599654443562031,0.0,3.0,timeout
4240,-2.623236894607544,0.5755783915519714,-0.000251355319051072,1.6981044609565288e-05,5.58793499294552e-06,0.0,3.0,timeout
4241,-2.6222856044769287,0.5751708149909973,-0.0002457505906932056,0.03234190493822098,0.03234143182635307,1.0,-3.0,timeout
4242,-2.6213154792785645,0.57475346326828,-0.00024584383936598897,0.03300280123949051,0.03300280123949051,1.0,3.0,timeout
4243,-2.620344638824463,0.5743377804756165,-0.00024619800387881696,0.03300277143716812,0.03300277143716812,1.0,-3.0,timeout
4244,-2.619374990463257,0.5739198923110962,-0.0002465050492901355,0.03299574553966522,0.032995741814374924,1.0,-3.0,timeout
4245,-2.6193559169769287,0.5739110708236694,-0.0002516337262932211,0.0006759829120710492,0.0006567084928974509,0.0,-3.0,timeout
4246,-2.6184074878692627,0.5734968185424805,-0.00024628403480164707,0.032342638820409775,0.03234220668673515,1.0,-3.0,timeout
4247,-2.617440700531006,0.5730720162391663,-0.00024627576931379735,0.03299998119473457,0.03299998119473457,1.0,-3.0,timeout
4248,-2.6164746284484863,0.5726450085639954,-0.00024655417655594647,0.03300732001662254,0.03300732001662254,1.0,-3.0,timeout
4249,-2.6155097484588623,0.5722157955169678,-0.00024679084890522063,0.03300120308995247,0.03300119936466217,1.0,-3.0,timeout
4250,-2.6145458221435547,0.571784496307373,-0.0002469808969181031,0.03300054371356964,0.03300054371356964,1.0,-3.0,timeout
4251,-2.6135828495025635,0.5713511109352112,-0.00024713296443223953,0.03300004452466965,0.03300004452466965,1.0,-3.0,timeout
4252,-2.6126208305358887,0.5709155797958374,-0.0002472546184435487,0.03300046920776367,0.03300046920776367,1.0,-3.0,timeout
4253,-2.6116597652435303,0.5704779624938965,-0.000247351941652596,0.03300028666853905,0.03300028666853905,1.0,-3.0,timeout
4254,-2.610699415206909,0.5700386166572571,-0.000247434014454484,0.03300238028168678,0.03300238028168678,1.0,0.0,timeout
4255,-2.61068058013916,0.5700297355651855,-0.0002523832372389734,0.0006688729044981301,0.000650745932944119,0.0,3.0,timeout
4256,-2.6106808185577393,0.5700294375419617,-0.00025176614872179925,2.2674226784147322e-05,1.1926747902180068e-05,0.0,3.0,timeout
4257,-2.6097376346588135,0.5696036219596863,-0.00024608956300653517,0.03233955055475235,0.03233906626701355,1.0,3.0,timeout
4258,-2.608773946762085,0.5691715478897095,-0.00024609884712845087,0.03300364315509796,0.03300364315509796,1.0,0.0,timeout
4259,-2.608754873275757,0.5691627860069275,-0.0002512888750061393,0.0006756831426173449,0.000655928801279515,0.0,-3.0,timeout
4260,-2.607811689376831,0.5687366127967834,-0.0002460068208165467,0.03234408423304558,0.03234366327524185,1.0,-3.0,timeout
4261,-2.6068503856658936,0.5682995915412903,-0.00024605379439890385,0.03299935534596443,0.03299935162067413,1.0,-3.0,timeout
4262,-2.6058897972106934,0.567861020565033,-0.00024638610193505883,0.03299909457564354,0.03299909457564354,1.0,3.0,timeout
4263,-2.6049280166625977,0.5674247145652771,-0.0002466559817548841,0.033003680408000946,0.033003680408000946,1.0,3.0,timeout
4264,-2.6049087047576904,0.5674167275428772,-0.0002517553512006998,0.0006722352118231356,0.0006530742975883186,0.0,3.0,timeout
4265,-2.603964328765869,0.5669934153556824,-0.00024638092145323753,0.032341379672288895,0.03234094753861427,1.0,3.0,timeout
4266,-2.602999448776245,0.5665642023086548,-0.0002463519631419331,0.03300120308995247,0.03300119936466217,1.0,3.0,timeout
4267,-2.6029796600341797,0.5665566921234131,-0.00025149792782031,0.0006807036697864532,0.0006614357116632164,0.0,3.0,timeout
4268,-2.60203218460083,0.5661401748657227,-0.00024617466260679066,0.03234374523162842,0.032343313097953796,1.0,3.0,timeout
4269,-2.601064682006836,0.5657172203063965,-0.00024617640883661807,0.03299727290868759,0.03299727290868759,1.0,-3.0,timeout
4270,-2.6010451316833496,0.5657095313072205,-0.00025136733893305063,0.0006762442644685507,0.0006564998184330761,0.0,3.0,timeout
4271,-2.6000864505767822,0.5652900338172913,-0.0002460069954395294,0.03270184248685837,0.032701410353183746,1.0,-3.0,timeout
4272,-2.5991196632385254,0.5648651719093323,-0.0002461135445628315,0.033000729978084564,0.033000729978084564,1.0,3.0,timeout
4273,-2.5991005897521973,0.564856767654419,-0.0002512990031391382,0.0006711975438520312,0.0006513427942991257,0.0,-3.0,timeout
4274,-2.598140001296997,0.5644344687461853,-0.00024595929426141083,0.032791584730148315,0.03279116004705429,1.0,3.0,timeout
4275,-2.597172260284424,0.5640118718147278,-0.00024607894010841846,0.03299962729215622,0.03299962729215622,1.0,3.0,timeout
4276,-2.5962038040161133,0.5635908842086792,-0.00024638872127979994,0.03300002962350845,0.03300002962350845,1.0,-3.0,timeout
4277,-2.596184253692627,0.5635831952095032,-0.0002515511878300458,0.0006760313990525901,0.0006564998184330761,0.0,3.0,timeout
4278,-2.5952253341674805,0.5631659030914307,-0.0002461570256855339,0.03268111124634743,0.032680679112672806,1.0,-3.0,timeout
4279,-2.5942578315734863,0.5627424120903015,-0.00024622114142403007,0.03300399333238602,0.03300399333238602,1.0,-3.0,timeout
4280,-2.5932915210723877,0.5623166561126709,-0.00024651226704008877,0.03299834206700325,0.03299834206700325,1.0,-3.0,timeout
4281,-2.5923261642456055,0.5618886947631836,-0.0002467571757733822,0.0329989418387413,0.0329989418387413,1.0,-3.0,timeout
4282,-2.5913612842559814,0.5614592432975769,-0.00024696317268535495,0.03300422802567482,0.03300422802567482,1.0,3.0,timeout
4283,-2.590395927429199,0.5610314607620239,-0.0002471086918376386,0.032996680587530136,0.032996680587530136,1.0,-3.0,timeout
4284,-2.5894312858581543,0.5606014728546143,-0.0002472343039698899,0.033004242926836014,0.033004242926836014,1.0,-3.0,timeout
4285,-2.588467836380005,0.5601693391799927,-0.00024733529426157475,0.03299760818481445,0.03299760818481445,1.0,-3.0,timeout
4286,-2.587505340576172,0.5597350001335144,-0.000247416173806414,0.0329987034201622,0.0329987034201622,1.0,-3.0,timeout
4287,-2.5874862670898438,0.5597262382507324,-0.0002523736038710922,0.0006739753298461437,0.000655928801279515,0.0,3.0,timeout
4288,-2.5865426063537598,0.5593012571334839,-0.00024687463883310556,0.03234238550066948,0.03234192728996277,1.0,3.0,timeout
4289,-2.5865232944488525,0.5592930316925049,-0.0002516293607186526,0.0006725758430548012,0.0006559579051099718,0.0,3.0,timeout
4290,-2.585566759109497,0.5588671565055847,-0.0002461984986439347,0.032720986753702164,0.032720547169446945,1.0,-3.0,timeout
4291,-2.585566520690918,0.5588666796684265,-0.0002512432693038136,0.0001585269346833229,1.6660003893775865e-05,0.0,0.0,timeout
4292,-2.5846221446990967,0.558443546295166,-0.0002458627859596163,0.03233909606933594,0.03233865648508072,1.0,-3.0,timeout
4293,-2.5836591720581055,0.5580098032951355,-0.0002459340321365744,0.03300463408231735,0.03300463408231735,1.0,-3.0,timeout
4294,-2.5826973915100098,0.5575737953186035,-0.0002462805714458227,0.03299983590841293,0.032999832183122635,1.0,-3.0,timeout
4295,-2.5817363262176514,0.5571359992027283,-0.00024657647009007633,0.03300260379910469,0.03300260379910469,1.0,0.0,timeout
4296,-2.5817172527313232,0.5571273565292358,-0.00025169740547426045,0.0006736659561283886,0.0006543825147673488,0.0,3.0,timeout
4297,-2.580761432647705,0.5566940903663635,-0.00024625740479677916,0.032795250415802,0.03279481083154678,1.0,-3.0,timeout
4298,-2.5798003673553467,0.5562562346458435,-0.0002463179116602987,0.03300337493419647,0.03300337493419647,1.0,-3.0,timeout
4299,-2.5788402557373047,0.5558168888092041,-0.00024659998598508537,0.03299560770392418,0.03299560397863388,1.0,3.0,timeout
4300,-2.5788211822509766,0.5558077096939087,-0.0002516994427423924,0.0006804026197642088,0.000661477679386735,0.0,-3.0,timeout
4301,-2.5788214206695557,0.5558074712753296,-0.0002512260980438441,1.816111762309447e-05,1.0536711670283694e-05,0.0,0.0,timeout
4302,-2.5788214206695557,0.5558072924613953,-0.00025054358411580324,2.2048412574804388e-05,5.58793499294552e-06,0.0,0.0,timeout
4303,-2.5788214206695557,0.5558071136474609,-0.00024998284061439335,1.8392627680441365e-05,5.58793499294552e-06,0.0,0.0,timeout
4304,-2.5788214206695557,0.5558072924613953,-0.00024953868705779314,1.4962412933527958e-05,5.58793499294552e-06,0.0,3.0,timeout
4305,-2.5778794288635254,0.5553788542747498,-0.000244292663410306,0.03233937546610832,0.032338958233594894,1.0,3.0,timeout
4306,-2.577878952026367,0.5553788542747498,-0.00024964066687971354,0.0001677880936767906,1.4901160284352954e-05,0.0,0.0,timeout
4307,-2.5778791904449463,0.5553786754608154,-0.0002494625514373183,1.0849778846022673e-05,9.313225746154785e-06,0.0,-3.0,timeout
4308,-2.576937198638916,0.554949939250946,-0.0002442409167997539,0.03234322741627693,0.0323428176343441,1.0,-3.0,timeout
4309,-2.575977087020874,0.5545101761817932,-0.00024462645524181426,0.03300103545188904,0.03300103172659874,1.0,-3.0,timeout
4310,-2.5750176906585693,0.5540688633918762,-0.0002452440094202757,0.03300092741847038,0.033000919967889786,1.0,3.0,timeout
4311,-2.5740575790405273,0.5536292195320129,-0.00024573298287577927,0.03299948573112488,0.03299948200583458,1.0,-3.0,timeout
4312,-2.5740387439727783,0.5536201000213623,-0.0002510160265956074,0.0006744759157299995,0.0006539581809192896,0.0,-3.0,timeout
4313,-2.5740387439727783,0.5536202192306519,-0.0002506850578356534,1.0993213436449878e-05,3.7252900710882386e-06,0.0,3.0,timeout
4314,-2.5730795860290527,0.5531785488128662,-0.00024512389791198075,0.03299928084015846,0.03299882635474205,1.0,0.0,timeout
4315,-2.5721206665039062,0.5527365803718567,-0.0002454199129715562,0.032995957881212234,0.032995954155921936,1.0,-3.0,timeout
4316,-2.571162223815918,0.5522930026054382,-0.00024588246014900506,0.033003516495227814,0.033003512769937515,1.0,3.0,timeout
4317,-2.5702033042907715,0.5518510341644287,-0.00024624369689263403,0.032995957881212234,0.032995954155921936,1.0,-3.0,timeout
4318,-2.5701839923858643,0.5518425703048706,-0.0002514355583116412,0.000678594340570271,0.0006589131080545485,0.0,3.0,timeout
4319,-2.5692298412323,0.5514026284217834,-0.000246042269282043,0.032834552228450775,0.032834116369485855,1.0,-3.0,timeout
4320,-2.569211006164551,0.5513933300971985,-0.00025103328516706824,0.0006746880244463682,0.0006564125651493669,0.0,-3.0,timeout
4321,-2.5682730674743652,0.5509556531906128,-0.0002457920054439455,0.03234514594078064,0.03234472870826721,1.0,-3.0,timeout
4322,-2.567317247390747,0.5505068898200989,-0.00024588164524175227,0.032997701317071915,0.032997701317071915,1.0,-3.0,timeout
4323,-2.566361904144287,0.5500566363334656,-0.00024624832440167665,0.0330040417611599,0.0330040380358696,1.0,3.0,timeout
4324,-2.56540584564209,0.549608051776886,-0.0002465362777002156,0.03300207108259201,0.03300206735730171,1.0,-3.0,timeout
4325,-2.564450740814209,0.549157977104187,-0.000246786221396178,0.032994914799928665,0.03299491107463837,1.0,3.0,timeout
4326,-2.5634946823120117,0.548709511756897,-0.00024696707259863615,0.033000487834215164,0.033000487834215164,1.0,-3.0,timeout
4327,-2.5625393390655518,0.5482595562934875,-0.0002471308398526162,0.03300006687641144,0.03300006687641144,1.0,3.0,timeout
4328,-2.5625391006469727,0.5482593774795532,-0.0002522256691008806,0.0001594855566509068,9.313225746154785e-06,0.0,0.0,timeout
4329,-2.5615830421447754,0.5478114485740662,-0.00024656980531290174,0.03299384191632271,0.0329933688044548,1.0,0.0,timeout
4330,-2.56062650680542,0.5473637580871582,-0.0002465970756020397,0.033003706485033035,0.033003706485033035,1.0,3.0,timeout
4331,-2.5596694946289062,0.5469176769256592,-0.0002468045859131962,0.03299592435359955,0.03299592435359955,1.0,-3.0,timeout
4332,-2.558713436126709,0.5464693307876587,-0.0002469900937285274,0.03299890458583832,0.03299890458583832,1.0,-3.0,timeout
4333,-2.557758331298828,0.5460187792778015,-0.0002471396292094141,0.03300127014517784,0.03300127014517784,1.0,-3.0,timeout
4334,-2.5568041801452637,0.5455659627914429,-0.0002472594496794045,0.033004600554704666,0.033004600554704666,1.0,-3.0,timeout
4335,-2.5558512210845947,0.5451110601425171,-0.00024735540500842035,0.032998982816934586,0.032998982816934586,1.0,-3.0,timeout
4336,-2.5548994541168213,0.5446539521217346,-0.0002474322682246566,0.03299514576792717,0.03299514576792717,1.0,-3.0,timeout
4337,-2.553948163986206,0.5441954135894775,-0.00024750293232500553,0.03300110250711441,0.03300110250711441,1.0,3.0,timeout
4338,-2.5529961585998535,0.5437385439872742,-0.0002475404180586338,0.03299863636493683,0.03299863636493683,1.0,-3.0,timeout
4339,-2.5520451068878174,0.5432795882225037,-0.0002475796500220895,0.033000051975250244,0.033000051975250244,1.0,-3.0,timeout
4340,-2.5520265102386475,0.5432698130607605,-0.00025249310419894755,0.0006742553669027984,0.0006565394578501582,0.0,-3.0,timeout
4341,-2.5510964393615723,0.5428155064582825,-0.00024697152548469603,0.03234724700450897,0.03234678879380226,1.0,-3.0,timeout
4342,-2.5501487255096436,0.5423498749732971,-0.0002468258608132601,0.032997604459524155,0.032997604459524155,1.0,-3.0,timeout
4343,-2.549201726913452,0.5418827533721924,-0.0002470033068675548,0.03299811854958534,0.03299811854958534,1.0,3.0,timeout
4344,-2.5482537746429443,0.5414173007011414,-0.0002471401239745319,0.03300182893872261,0.03300182893872261,1.0,-3.0,timeout
4345,-2.547306537628174,0.5409504175186157,-0.00024726902483962476,0.033001504838466644,0.033001504838466644,1.0,3.0,timeout
4346,-2.5472874641418457,0.5409415364265442,-0.00025224563432857394,0.0006756350630894303,0.0006574926082976162,0.0,3.0,timeout
4347,-2.546339511871338,0.5404787063598633,-0.0002466701262164861,0.032966248691082,0.03296579048037529,1.0,-3.0,timeout
4348,-2.545391082763672,0.5400142073631287,-0.00024668194237165153,0.033002085983753204,0.033002085983753204,1.0,3.0,timeout
4349,-2.5444419384002686,0.539551317691803,-0.00024687289260327816,0.03300008550286293,0.03300008550286293,1.0,-3.0,timeout
4350,-2.5434935092926025,0.5390868782997131,-0.00024705499527044594,0.03300127014517784,0.03300127014517784,1.0,3.0,timeout
4351,-2.542544364929199,0.5386240482330322,-0.00024718191707506776,0.03299926593899727,0.03299926593899727,1.0,-3.0,timeout
4352,-2.5415961742401123,0.5381590127944946,-0.0002472926280461252,0.03300277516245842,0.03300277516245842,1.0,-3.0,timeout
4353,-2.540649175643921,0.5376918315887451,-0.0002473817439749837,0.0329989418387413,0.0329989418387413,1.0,-3.0,timeout
4354,-2.539703369140625,0.5372224450111389,-0.000247453193878755,0.03299611806869507,0.03299611806869507,1.0,-3.0,timeout
4355,-2.539684534072876,0.5372130870819092,-0.0002524030569475144,0.0006751965265721083,0.0006572392885573208,0.0,3.0,timeout
4356,-2.539685010910034,0.5372123122215271,-0.0002517735119909048,3.4574830351630226e-05,2.843204310920555e-05,0.0,-3.0,timeout
4357,-2.5387587547302246,0.536750316619873,-0.0002460948599036783,0.032346732914447784,0.032346244901418686,1.0,-3.0,timeout
4358,-2.5378146171569824,0.5362771153450012,-0.0002461145631968975,0.03300265222787857,0.03300265222787857,1.0,0.0,timeout
4359,-2.5368707180023193,0.5358037352561951,-0.0002464202989358455,0.03299849480390549,0.03299849480390549,1.0,-3.0,timeout
4360,-2.5368523597717285,0.5357937216758728,-0.00025156530318781734,0.000672976893838495,0.0006534885033033788,0.0,-3.0,timeout
4361,-2.5359294414520264,0.535325288772583,-0.00024622914497740567,0.03234391286969185,0.032343484461307526,1.0,-3.0,timeout
4362,-2.5349884033203125,0.5348459482192993,-0.0002462414850015193,0.03300272300839424,0.03300272300839424,1.0,3.0,timeout
4363,-2.5349698066711426,0.5348360538482666,-0.00025139888748526573,0.0006777236121706665,0.0006582809728570282,0.0,-3.0,timeout
4364,-2.5349698066711426,0.5348361730575562,-0.00025099009508267045,1.3306852451933082e-05,3.7252900710882386e-06,0.0,3.0,timeout
4365,-2.5349700450897217,0.534835696220398,-0.000250344630330801,2.616134224808775e-05,1.6660003893775865e-05,0.0,-3.0,timeout
4366,-2.534048318862915,0.5343652963638306,-0.00024493690580129623,0.03233860805630684,0.03233816847205162,1.0,-3.0,timeout
4367,-2.533108711242676,0.5338830351829529,-0.0002451827749609947,0.03300447389483452,0.03300447016954422,1.0,-3.0,timeout
4368,-2.532170295715332,0.5333986878395081,-0.00024567919899709523,0.03300118446350098,0.03300118073821068,1.0,-3.0,timeout
4369,-2.531233072280884,0.5329121947288513,-0.000246091018198058,0.03299892693758011,0.03299892321228981,1.0,-3.0,timeout
4370,-2.530296564102173,0.53242427110672,-0.0002464303106535226,0.03299972042441368,0.03299972042441368,1.0,3.0,timeout
4371,-2.5293591022491455,0.5319380164146423,-0.00024668266996741295,0.0330021046102047,0.0330021046102047,1.0,-3.0,timeout
4372,-2.5284228324890137,0.5314496755599976,-0.0002468937018420547,0.03299913927912712,0.03299913555383682,1.0,-3.0,timeout
4373,-2.5274875164031982,0.5309591889381409,-0.00024706299882382154,0.033003807067871094,0.033003803342580795,1.0,-3.0,timeout
4374,-2.5274693965911865,0.5309486985206604,-0.0002520802372600883,0.0006728184525854886,0.0006542950286529958,0.0,-3.0,timeout
4375,-2.5274693965911865,0.530949056148529,-0.00025215657660737634,1.1427649951656349e-05,1.117586998589104e-05,0.0,3.0,timeout
4376,-2.5265538692474365,0.5304664373397827,-0.00024638129980303347,0.03234253078699112,0.032342031598091125,1.0,-3.0,timeout
4377,-2.525620698928833,0.5299718976020813,-0.00024633732391521335,0.0330035574734211,0.0330035537481308,1.0,-3.0,timeout
4378,-2.524688959121704,0.5294751524925232,-0.0002466023142915219,0.03299643099308014,0.03299643099308014,1.0,-3.0,timeout
4379,-2.5237581729888916,0.528976321220398,-0.0002468290913384408,0.0330008789896965,0.0330008789896965,1.0,-3.0,timeout
4380,-2.523739814758301,0.5289663672447205,-0.0002519038098398596,0.0006715907366015017,0.0006525986245833337,0.0,3.0,timeout
4381,-2.5228097438812256,0.5284678936004639,-0.0002463965502101928,0.03297634795308113,0.03297589719295502,1.0,-3.0,timeout
4382,-2.522791624069214,0.5284572243690491,-0.0002513363433536142,0.0006750011234544218,0.0006571125704795122,0.0,-3.0,timeout
4383,-2.521881580352783,0.5279642343521118,-0.00024603537167422473,0.03234407678246498,0.032343652099370956,1.0,-3.0,timeout
4384,-2.521881103515625,0.5279638171195984,-0.00025106279645115137,0.00015834980877116323,1.98001889657462e-05,0.0,3.0,timeout
4385,-2.521881103515625,0.5279636383056641,-0.00025060720508918166,1.529456494608894e-05,5.58793499294552e-06,0.0,3.0,timeout
4386,-2.520970106124878,0.5274723768234253,-0.0002451473264954984,0.03234463930130005,0.032344188541173935,1.0,-3.0,timeout
4387,-2.5200414657592773,0.5269697308540344,-0.00024536106502637267,0.03299836814403534,0.03299836814403534,1.0,3.0,timeout
4388,-2.5200228691101074,0.526960015296936,-0.0002507050521671772,0.0006766080623492599,0.0006556748994626105,0.0,3.0,timeout
4389,-2.5190927982330322,0.5264614224433899,-0.0002454356290400028,0.03297806903719902,0.03297765925526619,1.0,-3.0,timeout
4390,-2.5190746784210205,0.5264509916305542,-0.00025056832237169147,0.0006727639120072126,0.0006533637642860413,0.0,-3.0,timeout
4391,-2.51816463470459,0.5259577631950378,-0.00024542075698263943,0.032347604632377625,0.03234720230102539,1.0,-3.0,timeout
4392,-2.5181639194488525,0.5259575247764587,-0.00025057129096239805,0.00016266947204712778,2.3560804038424976e-05,0.0,3.0,timeout
4393,-2.517235517501831,0.5254545211791992,-0.0002452285843901336,0.03299755975604057,0.03299713879823685,1.0,0.0,timeout
4394,-2.5163073539733887,0.5249512791633606,-0.0002455137437209487,0.032994139939546585,0.03299413621425629,1.0,-3.0,timeout
4395,-2.5153799057006836,0.5244458913803101,-0.00024594826390966773,0.03300653025507927,0.03300652652978897,1.0,-3.0,timeout
4396,-2.514453649520874,0.5239390134811401,-0.00024631572887301445,0.032996147871017456,0.032996147871017456,1.0,3.0,timeout
4397,-2.51352596282959,0.5234341025352478,-0.00024659550399519503,0.03300594165921211,0.033005937933921814,1.0,0.0,timeout
4398,-2.5125985145568848,0.5229291915893555,-0.00024682440562173724,0.03299940004944801,0.032999396324157715,1.0,0.0,timeout
4399,-2.5116710662841797,0.5224241018295288,-0.00024700287031009793,0.03300206735730171,0.03300206735730171,1.0,-3.0,timeout
4400,-2.510745048522949,0.5219168663024902,-0.000247149815550074,0.03299497812986374,0.03299497812986374,1.0,-3.0,timeout
4401,-2.5107266902923584,0.521906852722168,-0.0002521603018976748,0.0006719849770888686,0.0006534885033033788,0.0,3.0,timeout
4402,-2.5107269287109375,0.5219061970710754,-0.00025157956406474113,2.8366637707222253e-05,2.180170122301206e-05,0.0,-3.0,timeout
4403,-2.5107269287109375,0.5219062566757202,-0.00025083505897782743,2.3340224288403988e-05,1.8626450355441193e-06,0.0,3.0,timeout
4404,-2.5098187923431396,0.521409809589386,-0.00024533062241971493,0.03234339877963066,0.03234294056892395,1.0,3.0,timeout
4405,-2.5088913440704346,0.5209053158760071,-0.0002454864443279803,0.032993167638778687,0.032993167638778687,1.0,-3.0,timeout
4406,-2.507964611053467,0.5203986167907715,-0.0002459212264511734,0.033006541430950165,0.033006541430950165,1.0,-3.0,timeout
4407,-2.5070393085479736,0.519889771938324,-0.00024628423852846026,0.03299958258867264,0.03299957886338234,1.0,-3.0,timeout
4408,-2.506115198135376,0.5193788409233093,-0.00024657550966367126,0.03299843892455101,0.03299843892455101,1.0,-3.0,timeout
4409,-2.5051918029785156,0.5188664197921753,-0.0002468178572598845,0.03300144895911217,0.03300144895911217,1.0,3.0,timeout
4410,-2.505175828933716,0.5188571214675903,-0.00025188614381477237,0.0005989219062030315,0.0005776002071797848,0.0,-3.0,timeout
4411,-2.5042712688446045,0.5183542370796204,-0.0002464740246068686,0.03234263136982918,0.03234219178557396,1.0,-3.0,timeout
4412,-2.5033490657806396,0.5178396701812744,-0.0002464369172230363,0.033001501113176346,0.033001501113176346,1.0,3.0,timeout
4413,-2.5024256706237793,0.5173272490501404,-0.0002466826990712434,0.03300144895911217,0.03300144895911217,1.0,3.0,timeout
4414,-2.5015013217926025,0.5168167352676392,-0.0002468878519721329,0.03299865126609802,0.03299865126609802,1.0,0.0,timeout
4415,-2.5005767345428467,0.5163065791130066,-0.00024706340627744794,0.03299977257847786,0.03299977257847786,1.0,3.0,timeout
4416,-2.4996509552001953,0.5157985091209412,-0.0002471986226737499,0.03300097957253456,0.03300097957253456,1.0,3.0,timeout
4417,-2.4987244606018066,0.5152919888496399,-0.0002472960331942886,0.03299732133746147,0.03299732133746147,1.0,-3.0,timeout
4418,-2.4977989196777344,0.5147832036018372,-0.00024738346110098064,0.033005211502313614,0.033005211502313614,1.0,-3.0,timeout
4419,-2.4968748092651367,0.5142722725868225,-0.00024745409609749913,0.03299843892455101,0.03299843892455101,1.0,-3.0,timeout
4420,-2.496856689453125,0.5142616629600525,-0.0002523924340493977,0.000674072653055191,0.0006561694317497313,0.0,-3.0,timeout
4421,-2.496856689453125,0.514261782169342,-0.0002517857647035271,1.9320956198498607e-05,3.7252900710882386e-06,0.0,3.0,timeout
4422,-2.4959523677825928,0.5137584209442139,-0.000246095412876457,0.032343409955501556,0.03234292194247246,1.0,-3.0,timeout
4423,-2.4950308799743652,0.5132428407669067,-0.00024610996479168534,0.032997433096170425,0.032997433096170425,1.0,-3.0,timeout
4424,-2.494110345840454,0.5127251148223877,-0.0002464207645971328,0.03300424665212631,0.03300424665212631,1.0,-3.0,timeout
4425,-2.4931910037994385,0.5122053027153015,-0.00024668406695127487,0.03300382196903229,0.03300382196903229,1.0,-3.0,timeout
4426,-2.4922730922698975,0.511683464050293,-0.0002468954771757126,0.03299616649746895,0.03299616649746895,1.0,-3.0,timeout
4427,-2.491356134414673,0.5111595988273621,-0.0002470646577421576,0.03300163149833679,0.03300163149833679,1.0,-3.0,timeout
4428,-2.4904401302337646,0.5106343626976013,-0.00024720883811824024,0.032997049391269684,0.032997049391269684,1.0,3.0,timeout
4429,-2.489522933959961,0.5101107358932495,-0.0002473053173162043,0.033004406839609146,0.033004406839609146,1.0,-3.0,timeout
4430,-2.488607168197632,0.5095851421356201,-0.0002473917556926608,0.032996147871017456,0.032996147871017456,1.0,-3.0,timeout
4431,-2.487692356109619,0.5090574622154236,-0.00024746140115894377,0.0330028273165226,0.0330028273165226,1.0,-3.0,timeout
4432,-2.486778736114502,0.5085277557373047,-0.00024751719320192933,0.03300228342413902,0.03300228342413902,1.0,-3.0,timeout
4433,-2.485866069793701,0.5079966187477112,-0.0002475707442499697,0.03299896419048309,0.03299896419048309,1.0,3.0,timeout
4434,-2.484952449798584,0.5074672102928162,-0.00024759472580626607,0.03299761191010475,0.03299761191010475,1.0,-3.0,timeout
4435,-2.484039783477783,0.506935715675354,-0.0002476231602486223,0.03300458937883377,0.03300458937883377,1.0,-3.0,timeout
4436,-2.4840245246887207,0.5069265365600586,-0.0002525527961552143,0.0005773965385742486,0.0005564665771089494,0.0,3.0,timeout
4437,-2.4840247631073,0.5069263577461243,-0.00025188879226334393,2.274431062687654e-05,9.313225746154785e-06,0.0,3.0,timeout
4438,-2.4831292629241943,0.5064072608947754,-0.0002461767289787531,0.032346613705158234,0.03234611824154854,1.0,-3.0,timeout
4439,-2.4822168350219727,0.5058757662773132,-0.00024617527378723025,0.03299815207719803,0.03299815207719803,1.0,-3.0,timeout
4440,-2.4813051223754883,0.505342423915863,-0.00024647757527418435,0.03300795704126358,0.03300795704126358,1.0,0.0,timeout
4441,-2.480393409729004,0.5048096179962158,-0.000246734416577965,0.03299949690699577,0.03299949690699577,1.0,3.0,timeout
4442,-2.4803812503814697,0.5048019289970398,-0.00025183751131407917,0.00047702284064143896,0.00044957708450965583,0.0,-3.0,timeout
4443,-2.480381488800049,0.5048015117645264,-0.0002513027284294367,2.2467840608442202e-05,1.501712449680781e-05,0.0,-3.0,timeout
4444,-2.479485034942627,0.5042753219604492,-0.0002457075461279601,0.0324840173125267,0.0324835442006588,1.0,3.0,timeout
4445,-2.4785733222961426,0.5037423968315125,-0.0002458089147694409,0.0330013781785965,0.0330013781785965,1.0,-3.0,timeout
4446,-2.4785585403442383,0.5037341713905334,-0.00025109166745096445,0.0005538144032470882,0.0005286369123496115,0.0,3.0,timeout
4447,-2.477647542953491,0.503201425075531,-0.00024572829715907574,0.03297968953847885,0.03297926113009453,1.0,-3.0,timeout
4448,-2.4767370223999023,0.5026664137840271,-0.0002459190145600587,0.03300220146775246,0.03300220146775246,1.0,-3.0,timeout
4449,-2.475827932357788,0.5021293759346008,-0.0002462726552039385,0.032995834946632385,0.03299583122134209,1.0,-3.0,timeout
4450,-2.4749197959899902,0.5015901923179626,-0.0002465657889842987,0.033004358410835266,0.033004358410835266,1.0,-3.0,timeout
4451,-2.4749021530151367,0.5015787482261658,-0.00025168279535137117,0.0006763481651432812,0.000657173281069845,0.0,-3.0,timeout
4452,-2.4740147590637207,0.5010461211204529,-0.0002463231794536114,0.032343197613954544,0.032342761754989624,1.0,-3.0,timeout
4453,-2.4731104373931885,0.5005006790161133,-0.0002463074924889952,0.033002499490976334,0.033002495765686035,1.0,-3.0,timeout
4454,-2.472207546234131,0.49995318055152893,-0.0002465797297190875,0.0329975001513958,0.0329975001513958,1.0,-3.0,timeout
4455,-2.4721901416778564,0.4999414384365082,-0.0002516933309379965,0.0006752782501280308,0.0006560980691574514,0.0,-3.0,timeout
4456,-2.4712893962860107,0.49939075112342834,-0.0002462459960952401,0.032992489635944366,0.03299204632639885,1.0,3.0,timeout
4457,-2.4703874588012695,0.4988414943218231,-0.00024632655549794436,0.03300056606531143,0.03300056234002113,1.0,-3.0,timeout
4458,-2.469486713409424,0.49829018115997314,-0.0002465982979629189,0.033002253621816635,0.033002253621816635,1.0,-3.0,timeout
4459,-2.4694693088531494,0.49827855825424194,-0.00025170811568386853,0.0006732331239618361,0.0006540218601003289,0.0,-3.0,timeout
4460,-2.4685890674591064,0.49773406982421875,-0.0002463434066157788,0.03234520182013512,0.032344769686460495,1.0,-3.0,timeout
4461,-2.4676923751831055,0.4971764385700226,-0.0002463235578034073,0.03299812972545624,0.03299812972545624,1.0,-3.0,timeout
4462,-2.467681407928467,0.4971693754196167,-0.0002515216183383018,0.0004388245288282633,0.00040765231824479997,0.0,3.0,timeout
4463,-2.4668021202087402,0.4966234862804413,-0.000246157607762143,0.032342925667762756,0.032342493534088135,1.0,3.0,timeout
4464,-2.4659037590026855,0.49606844782829285,-0.00024616188602522016,0.03299976885318756,0.03299976885318756,1.0,-3.0,timeout
4465,-2.465886116027832,0.4960569143295288,-0.0002513444051146507,0.0006783155258744955,0.0006586979143321514,0.0,-3.0,timeout
4466,-2.465886116027832,0.4960569441318512,-0.0002509467303752899,1.2462183804018423e-05,9.313225177720597e-07,0.0,3.0,timeout
4467,-2.465003252029419,0.49550819396972656,-0.0002454032364767045,0.03248506411910057,0.03248460218310356,1.0,-3.0,timeout
4468,-2.4650027751922607,0.49550795555114746,-0.0002505637239664793,0.0001621234987396747,1.6660003893775865e-05,0.0,3.0,timeout
4469,-2.4650027751922607,0.4955079257488251,-0.00025020792963914573,1.1157509106851649e-05,9.313225177720597e-07,0.0,3.0,timeout
4470,-2.4641191959381104,0.49496108293533325,-0.0002448085288051516,0.03247261792421341,0.03247218206524849,1.0,-3.0,timeout
4471,-2.463222026824951,0.49440401792526245,-0.0002451086475048214,0.03300144523382187,0.03300144523382187,1.0,3.0,timeout
4472,-2.4623239040374756,0.4938484728336334,-0.00024561097961850464,0.03300176188349724,0.03300175815820694,1.0,-3.0,timeout
4473,-2.4614269733428955,0.49329090118408203,-0.00024603577912785113,0.03300347551703453,0.03300347179174423,1.0,-3.0,timeout
4474,-2.460531234741211,0.49273189902305603,-0.00024638630566187203,0.03299548849463463,0.03299548849463463,1.0,3.0,timeout
4475,-2.4596338272094727,0.49217501282691956,-0.0002466568548697978,0.03300483152270317,0.03300483152270317,1.0,3.0,timeout
4476,-2.458735704421997,0.49161970615386963,-0.0002468630555085838,0.032997842878103256,0.03299783915281296,1.0,-3.0,timeout
4477,-2.457838296890259,0.4910629093647003,-0.0002470477484166622,0.03300335630774498,0.03300335630774498,1.0,3.0,timeout
4478,-2.457820177078247,0.49105238914489746,-0.0002520690904930234,0.0006733025657013059,0.0006547621451318264,0.0,3.0,timeout
4479,-2.4569382667541504,0.4905107319355011,-0.0002466317673679441,0.03234319016337395,0.03234273940324783,1.0,3.0,timeout
4480,-2.4560372829437256,0.48995986580848694,-0.0002465423021931201,0.03300131857395172,0.03300131857395172,1.0,-3.0,timeout
4481,-2.455137252807617,0.489407479763031,-0.0002467766171321273,0.03300071880221367,0.03300071880221367,1.0,3.0,timeout
4482,-2.4551191329956055,0.48939716815948486,-0.0002518517430871725,0.0006705390987917781,0.0006515132263302803,0.0,3.0,timeout
4483,-2.4551191329956055,0.4893970489501953,-0.00025133206509053707,1.6661731933709234e-05,3.7252900710882386e-06,0.0,-3.0,timeout
4484,-2.4551191329956055,0.48939692974090576,-0.0002506267628632486,2.235329884570092e-05,3.7252900710882386e-06,0.0,-3.0,timeout
4485,-2.4542317390441895,0.4888525605201721,-0.00024514523101970553,0.03253357484936714,0.03253312408924103,1.0,3.0,timeout
4486,-2.4533300399780273,0.48830267786979675,-0.00024537669378332794,0.03300437703728676,0.03300437703728676,1.0,3.0,timeout
4487,-2.453320026397705,0.48829689621925354,-0.00025075115263462067,0.0003984639479313046,0.0003613387234508991,0.0,-3.0,timeout
4488,-2.453320026397705,0.4882969856262207,-0.0002504192234482616,1.0742483937065117e-05,2.79396749647276e-06,0.0,-3.0,timeout
4489,-2.4524199962615967,0.48774489760398865,-0.0002449188905302435,0.032996296882629395,0.03299584612250328,1.0,0.0,timeout
4490,-2.452402114868164,0.48773396015167236,-0.0002501387207303196,0.0006750424508936703,0.0006550375837832689,0.0,-3.0,timeout
4491,-2.451521635055542,0.4871900975704193,-0.00024507558555342257,0.032341212034225464,0.032340820878744125,1.0,-3.0,timeout
4492,-2.4506242275238037,0.48663362860679626,-0.0002453186607453972,0.03299795836210251,0.03299795836210251,1.0,3.0,timeout
4493,-2.449725866317749,0.4860785901546478,-0.0002457786467857659,0.03299977257847786,0.03299976885318756,1.0,-3.0,timeout
4494,-2.44972562789917,0.4860783517360687,-0.00025115333846770227,0.00016828927618917078,1.0536711670283694e-05,0.0,0.0,timeout
4495,-2.4488463401794434,0.48553210496902466,-0.00024580283206887543,0.03234882280230522,0.0323483906686306,1.0,-3.0,timeout
4496,-2.4479503631591797,0.48497331142425537,-0.0002458965464029461,0.032998356968164444,0.032998356968164444,1.0,3.0,timeout
4497,-2.4470534324645996,0.48441600799560547,-0.000246240699198097,0.03299904987215996,0.03299904987215996,1.0,-3.0,timeout
4498,-2.446157455444336,0.4838568866252899,-0.00024654410663060844,0.033003780990839005,0.033003777265548706,1.0,0.0,timeout
4499,-2.446157455444336,0.48385655879974365,-0.0002517621614970267,0.00016338570276275277,1.0244547411275562e-05,0.0,0.0,timeout
4500,-2.4452617168426514,0.4832976758480072,-0.00024619916803203523,0.03299397602677345,0.032993514090776443,1.0,0.0,timeout
4501,-2.444365978240967,0.4827384054660797,-0.00024629064137116075,0.032999925315380096,0.032999925315380096,1.0,-3.0,timeout
4502,-2.4434711933135986,0.4821776747703552,-0.0002465792640578002,0.032998859882354736,0.03299885615706444,1.0,3.0,timeout
4503,-2.4434709548950195,0.4821774661540985,-0.00025178419309668243,0.00016295503883156925,9.9000944828731e-06,0.0,0.0,timeout
4504,-2.4425926208496094,0.4816299378871918,-0.00024631814449094236,0.032344695180654526,0.03234424442052841,1.0,3.0,timeout
4505,-2.441695213317871,0.4810733199119568,-0.00024629279505461454,0.033000409603118896,0.033000409603118896,1.0,0.0,timeout
4506,-2.440798044204712,0.4805164337158203,-0.00024656226742081344,0.032998498529195786,0.03299849480390549,1.0,-3.0,timeout
4507,-2.439901828765869,0.47995805740356445,-0.0002468066813889891,0.03299778327345848,0.03299777954816818,1.0,3.0,timeout
4508,-2.439892292022705,0.47995203733444214,-0.0002519101253710687,0.0003868389467243105,0.0003524339117575437,0.0,-3.0,timeout
4509,-2.439892053604126,0.4799521267414093,-0.00025135139003396034,1.9188166334060952e-05,7.957222805998754e-06,0.0,0.0,timeout
4510,-2.439013719558716,0.4794047772884369,-0.00024576246505603194,0.03234175965189934,0.03234128654003143,1.0,3.0,timeout
4511,-2.4381160736083984,0.4788486957550049,-0.0002458430244587362,0.03299790993332863,0.03299790993332863,1.0,3.0,timeout
4512,-2.4381065368652344,0.4788431227207184,-0.00025112522416748106,0.0003826176980510354,0.00034517908352427185,0.0,-3.0,timeout
4513,-2.4381062984466553,0.4788437783718109,-0.0002507269964553416,2.510343983885832e-05,2.180170122301206e-05,0.0,3.0,timeout
4514,-2.438106060028076,0.47884401679039,-0.00025013694539666176,2.1237290638964623e-05,1.0536711670283694e-05,0.0,0.0,timeout
4515,-2.438106060028076,0.47884395718574524,-0.00024965210468508303,1.526533560536336e-05,1.8626450355441193e-06,0.0,-3.0,timeout
4516,-2.4372267723083496,0.47829800844192505,-0.00024438180844299495,0.032343897968530655,0.03234347328543663,1.0,-3.0,timeout
4517,-2.436330795288086,0.4777393937110901,-0.00024474895326420665,0.032995402812957764,0.032995399087667465,1.0,3.0,timeout
4518,-2.436312437057495,0.4777289032936096,-0.00025021613691933453,0.0006824842421337962,0.0006607535178773105,0.0,3.0,timeout
4519,-2.436312675476074,0.4777286946773529,-0.0002500232367310673,1.1590954272833187e-05,9.9000944828731e-06,0.0,-3.0,timeout
4520,-2.435426950454712,0.4771796464920044,-0.00024467281764373183,0.03256590664386749,0.03256547823548317,1.0,3.0,timeout
4521,-2.434528350830078,0.47662490606307983,-0.0002449928142596036,0.03300121799111366,0.033001214265823364,1.0,-3.0,timeout
4522,-2.433631181716919,0.47606801986694336,-0.00024552768445573747,0.032998502254486084,0.03299849480390549,1.0,-3.0,timeout
4523,-2.4336135387420654,0.4760565757751465,-0.00025085173547267914,0.0006779069663025439,0.000657173281069845,0.0,-3.0,timeout
4524,-2.432736873626709,0.4755064845085144,-0.00024565783678554,0.032342903316020966,0.03234249725937843,1.0,-3.0,timeout
4525,-2.432736873626709,0.4755060076713562,-0.0002507588069420308,0.0001601002732058987,1.4901160284352954e-05,0.0,0.0,timeout
4526,-2.432737112045288,0.4755054712295532,-0.00025035851285792887,2.2203965272638015e-05,1.8344926502322778e-05,0.0,-3.0,timeout
4527,-2.4318630695343018,0.4749513566493988,-0.0002449580351822078,0.03234069049358368,0.03234024718403816,1.0,-3.0,timeout
4528,-2.430972099304199,0.47438448667526245,-0.00024521013256162405,0.03300049528479576,0.03300049528479576,1.0,3.0,timeout
4529,-2.430079698562622,0.473819762468338,-0.00024570091045461595,0.03300232067704201,0.03300231695175171,1.0,3.0,timeout
4530,-2.4291863441467285,0.47325652837753296,-0.00024609777028672397,0.03300264850258827,0.033002644777297974,1.0,-3.0,timeout
4531,-2.4282944202423096,0.47269123792648315,-0.0002464254794176668,0.0329991951584816,0.0329991914331913,1.0,-3.0,timeout
4532,-2.427403450012207,0.47212445735931396,-0.0002466981241013855,0.03299899399280548,0.03299899399280548,1.0,3.0,timeout
4533,-2.426511526107788,0.47155919671058655,-0.00024689658312126994,0.032998695969581604,0.032998695969581604,1.0,-3.0,timeout
4534,-2.4256205558776855,0.4709925055503845,-0.0002470745239406824,0.0329974964261055,0.0329974964261055,1.0,3.0,timeout
4535,-2.4247281551361084,0.47042787075042725,-0.0002472074411343783,0.03300081938505173,0.03300081938505173,1.0,3.0,timeout
4536,-2.423834800720215,0.46986478567123413,-0.0002473032218404114,0.0330001600086689,0.0330001600086689,1.0,-3.0,timeout
4537,-2.422942638397217,0.4692995548248291,-0.00024738942738622427,0.03300448879599571,0.03300448879599571,1.0,-3.0,timeout
4538,-2.4220516681671143,0.4687328636646271,-0.00024746902636252344,0.0329974964261055,0.0329974964261055,1.0,3.0,timeout
4539,-2.421159267425537,0.4681682586669922,-0.00024752295576035976,0.03300032392144203,0.03300032392144203,1.0,3.0,timeout
4540,-2.4202659130096436,0.4676051437854767,-0.0002475555520504713,0.033000655472278595,0.033000655472278595,1.0,-3.0,timeout
4541,-2.4193737506866455,0.46704018115997314,-0.00024759629741311073,0.033000003546476364,0.033000003546476364,1.0,0.0,timeout
4542,-2.419355630874634,0.4670293927192688,-0.00025251315673813224,0.0006766858859919012,0.0006590105476789176,0.0,3.0,timeout
4543,-2.4184629917144775,0.4664664566516876,-0.00024688278790563345,0.03297923877835274,0.03297876939177513,1.0,-3.0,timeout
4544,-2.4175710678100586,0.46590128540992737,-0.0002468434686306864,0.03299719840288162,0.03299719840288162,1.0,-3.0,timeout
4545,-2.416680335998535,0.4653340280056,-0.0002470118924975395,0.03300071135163307,0.03300071135163307,1.0,-3.0,timeout
4546,-2.415790557861328,0.4647650122642517,-0.00024716148618608713,0.03300515189766884,0.03300515189766884,1.0,0.0,timeout
4547,-2.414900779724121,0.46419644355773926,-0.0002472822379786521,0.03299762308597565,0.03299762308597565,1.0,3.0,timeout
4548,-2.4140095710754395,0.46362999081611633,-0.0002473731874488294,0.032999783754348755,0.032999783754348755,1.0,3.0,timeout
4549,-2.4131174087524414,0.46306508779525757,-0.00024743584799580276,0.032999008893966675,0.032999008893966675,1.0,-3.0,timeout
4550,-2.4122262001037598,0.4624986946582794,-0.00024750581360422075,0.032998789101839066,0.032998789101839066,1.0,3.0,timeout
4551,-2.412208080291748,0.46248799562454224,-0.00025243527488783,0.0006753879715688527,0.000657585624139756,0.0,3.0,timeout
4552,-2.4113152027130127,0.4619253873825073,-0.0002468200691509992,0.03298007696866989,0.032979607582092285,1.0,-3.0,timeout
4553,-2.4104230403900146,0.46136048436164856,-0.00024679326452314854,0.032999008893966675,0.032999008893966675,1.0,-3.0,timeout
4554,-2.409532308578491,0.46079349517822266,-0.0002469716710038483,0.03299621120095253,0.03299620747566223,1.0,-3.0,timeout
4555,-2.408642292022705,0.46022507548332214,-0.00024713424500077963,0.03300139680504799,0.03300139680504799,1.0,3.0,timeout
4556,-2.4077513217926025,0.4596582055091858,-0.00024724542163312435,0.03300049528479576,0.03300049528479576,1.0,-3.0,timeout
4557,-2.4068615436553955,0.4590893089771271,-0.00024734355974942446,0.03300314024090767,0.03300314024090767,1.0,-3.0,timeout
4558,-2.4068443775177,0.459077388048172,-0.00025230427854694426,0.0006712522590532899,0.0006531061371788383,0.0,-3.0,timeout
4559,-2.405975103378296,0.4585156738758087,-0.00024682030198164284,0.03234322741627693,0.03234277293086052,1.0,-3.0,timeout
4560,-2.4050893783569336,0.4579404592514038,-0.000246704847086221,0.03300361707806587,0.03300361707806587,1.0,-3.0,timeout
4561,-2.404205083847046,0.4573632776737213,-0.0002468973689246923,0.03299969434738159,0.03299969434738159,1.0,-3.0,timeout
4562,-2.4033217430114746,0.456784725189209,-0.0002470744075253606,0.03299819305539131,0.03299819305539131,1.0,3.0,timeout
4563,-2.402437210083008,0.4562077224254608,-0.00024719772045500576,0.03300287947058678,0.03300287947058678,1.0,-3.0,timeout
4564,-2.4015536308288574,0.4556293785572052,-0.00024731509620323777,0.03300085663795471,0.03300085663795471,1.0,3.0,timeout
4565,-2.4006690979003906,0.45505255460739136,-0.0002473900676704943,0.032999828457832336,0.032999828457832336,1.0,-3.0,timeout
4566,-2.3997855186462402,0.4544743299484253,-0.0002474690554663539,0.032998815178871155,0.032998815178871155,1.0,3.0,timeout
4567,-2.3989005088806152,0.45389822125434875,-0.00024752283934503794,0.03300010785460472,0.03300010785460472,1.0,3.0,timeout
4568,-2.3988826274871826,0.45388734340667725,-0.0002524485462345183,0.000671936315484345,0.0006540676113218069,0.0,3.0,timeout
4569,-2.397995948791504,0.45331498980522156,-0.0002468305465299636,0.03298050910234451,0.032980043441057205,1.0,-3.0,timeout
4570,-2.3971099853515625,0.4527403712272644,-0.00024680167553015053,0.03299972414970398,0.03299972414970398,1.0,-3.0,timeout
4571,-2.3962252140045166,0.4521636962890625,-0.00024697836488485336,0.03300352767109871,0.03300352394580841,1.0,-3.0,timeout
4572,-2.395341634750366,0.451585590839386,-0.0002471396292094141,0.0329967737197876,0.0329967737197876,1.0,3.0,timeout
4573,-2.3944568634033203,0.45100900530815125,-0.0002472496998962015,0.03300200030207634,0.03300200030207634,1.0,-3.0,timeout
4574,-2.393573522567749,0.45043042302131653,-0.00024734699400141835,0.0329987034201622,0.0329987034201622,1.0,-3.0,timeout
4575,-2.3926913738250732,0.44984981417655945,-0.0002474253415130079,0.03300232067704201,0.03300232067704201,1.0,-3.0,timeout
4576,-2.391810178756714,0.44926780462265015,-0.0002474974899087101,0.03300153836607933,0.03300153836607933,1.0,3.0,timeout
4577,-2.390928030014038,0.448687344789505,-0.00024753602338023484,0.032999761402606964,0.032999761402606964,1.0,-3.0,timeout
4578,-2.390047311782837,0.4481048882007599,-0.00024757604114711285,0.032996807247400284,0.032996803522109985,1.0,-3.0,timeout
4579,-2.389167308807373,0.44752103090286255,-0.0002476180379744619,0.0330023467540741,0.0330023467540741,1.0,3.0,timeout
4580,-2.3882863521575928,0.44693872332572937,-0.0002476323861628771,0.03300045430660248,0.03300045430660248,1.0,-3.0,timeout
4581,-2.387406349182129,0.44635501503944397,-0.00024766279966570437,0.03299977257847786,0.03299976885318756,1.0,3.0,timeout
4582,-2.3865249156951904,0.4457733929157257,-0.00024767775903455913,0.03300108388066292,0.03300108388066292,1.0,3.0,timeout
4583,-2.3856425285339355,0.4451932907104492,-0.00024767941795289516,0.03299984708428383,0.03299984708428383,1.0,-3.0,timeout
4584,-2.3856425285339355,0.44519302248954773,-0.00025267343153245747,0.00015628784603904933,8.381903171539307e-06,0.0,0.0,timeout
4585,-2.384761333465576,0.4446112811565399,-0.0002469284809194505,0.03299740329384804,0.03299691900610924,1.0,0.0,timeout
4586,-2.3847436904907227,0.44460010528564453,-0.0002517671382520348,0.0006699370569549501,0.0006526497891172767,0.0,3.0,timeout
4587,-2.3838613033294678,0.44402045011520386,-0.0002462778938934207,0.03299262002110481,0.032992172986269,1.0,0.0,timeout
4588,-2.383843421936035,0.44400933384895325,-0.00025125028332695365,0.0006760698743164539,0.0006579706096090376,0.0,3.0,timeout
4589,-2.38297700881958,0.4434433877468109,-0.0002459661627653986,0.03234026953577995,0.03233984857797623,1.0,3.0,timeout
4590,-2.3820912837982178,0.44286835193634033,-0.00024601974291726947,0.03300057724118233,0.03300057724118233,1.0,3.0,timeout
4591,-2.3820908069610596,0.44286850094795227,-0.000251322373514995,0.00016644099378027022,1.5611809430993162e-05,0.0,0.0,timeout
4592,-2.3820905685424805,0.44286906719207764,-0.00025083281798288226,2.4549462978029624e-05,1.9199706002837047e-05,0.0,3.0,timeout
4593,-2.3820903301239014,0.44286927580833435,-0.0002502191928215325,2.1580606698989868e-05,9.9000944828731e-06,0.0,0.0,timeout
4594,-2.3812203407287598,0.4423086643218994,-0.0002448317827656865,0.0323433056473732,0.03234286978840828,1.0,-3.0,timeout
4595,-2.3803341388702393,0.4417344927787781,-0.00024509834474883974,0.03299838304519653,0.032998379319906235,1.0,-3.0,timeout
4596,-2.3794491291046143,0.4411582350730896,-0.0002456114161759615,0.03300265595316887,0.03300265222787857,1.0,-3.0,timeout
4597,-2.378565549850464,0.44057995080947876,-0.00024603656493127346,0.03299983963370323,0.03299983590841293,1.0,-3.0,timeout
4598,-2.37768292427063,0.4400002956390381,-0.00024638688773848116,0.032998401671648026,0.032998401671648026,1.0,3.0,timeout
4599,-2.3767988681793213,0.43942275643348694,-0.00024665723321959376,0.032999563962221146,0.032999563962221146,1.0,3.0,timeout
4600,-2.3759138584136963,0.43884673714637756,-0.0002468633756507188,0.03299858793616295,0.03299858793616295,1.0,-3.0,timeout
4601,-2.375913619995117,0.4388464093208313,-0.00025202115648426116,0.00016167764260899276,1.2667356713791378e-05,0.0,0.0,timeout
4602,-2.3750476837158203,0.4382796883583069,-0.0002464972494635731,0.032341089099645615,0.032340627163648605,1.0,-3.0,timeout
4603,-2.3741652965545654,0.4376993775367737,-0.00024644206860102713,0.03300343081355095,0.03300342708826065,1.0,-3.0,timeout
4604,-2.373284339904785,0.4371170699596405,-0.00024668683181516826,0.03300045430660248,0.03300045430660248,1.0,-3.0,timeout
4605,-2.373267412185669,0.4371047616004944,-0.00025177866336889565,0.0006731239263899624,0.0006540464237332344,0.0,-3.0,timeout
4606,-2.373267412185669,0.43710464239120483,-0.0002512946375645697,1.557779796712566e-05,3.7252900710882386e-06,0.0,3.0,timeout
4607,-2.3723878860473633,0.43652069568634033,-0.0002456115616951138,0.03299195319414139,0.032991476356983185,1.0,0.0,timeout
4608,-2.372370719909668,0.4365086257457733,-0.0002506925375200808,0.0006747221341356635,0.000655773445032537,0.0,-3.0,timeout
4609,-2.372370719909668,0.4365083873271942,-0.00025040956097655,1.1563308362383395e-05,7.450580142176477e-06,0.0,0.0,timeout
4610,-2.3715100288391113,0.4359336495399475,-0.0002449992171023041,0.03234249725937843,0.03234205022454262,1.0,-3.0,timeout
4611,-2.370633125305176,0.4353451430797577,-0.0002452334447298199,0.033002421259880066,0.033002421259880066,1.0,-3.0,timeout
4612,-2.370633125305176,0.43534451723098755,-0.00025070333504118025,0.00017204928735736758,1.9557772247935645e-05,0.0,0.0,timeout
4613,-2.370633363723755,0.4353444576263428,-0.0002503374416846782,1.3773916180070955e-05,7.679882401134819e-06,0.0,3.0,timeout
4614,-2.3697736263275146,0.4347682297229767,-0.0002449426974635571,0.03234361112117767,0.032343171536922455,1.0,3.0,timeout
4615,-2.3688952922821045,0.4341821074485779,-0.000245176866883412,0.032998137176036835,0.032998137176036835,1.0,-3.0,timeout
4616,-2.36801815032959,0.4335939288139343,-0.00024567372747696936,0.03300290182232857,0.03300290182232857,1.0,-3.0,timeout
4617,-2.3680105209350586,0.4335888624191284,-0.00025103354710154235,0.0003316089860163629,0.00028619953081943095,0.0,3.0,timeout
4618,-2.3671505451202393,0.4330129027366638,-0.00024575163843110204,0.03234511986374855,0.032344695180654526,1.0,3.0,timeout
4619,-2.3671329021453857,0.43300166726112366,-0.00025072984863072634,0.0006719062221236527,0.0006536483997479081,0.0,3.0,timeout
4620,-2.3671329021453857,0.4330016076564789,-0.0002504248695913702,9.710905032989103e-06,1.8626450355441193e-06,0.0,0.0,timeout
4621,-2.366270065307617,0.4324300289154053,-0.00024502159794792533,0.032343655824661255,0.032343216240406036,1.0,3.0,timeout
4622,-2.3662521839141846,0.432419091463089,-0.0002501345588825643,0.0006742432597093284,0.0006550375837832689,0.0,3.0,timeout
4623,-2.3653697967529297,0.43183988332748413,-0.00024496365222148597,0.0329849012196064,0.03298450633883476,1.0,-3.0,timeout
4624,-2.364488363265991,0.4312584400177002,-0.0002453079214319587,0.03299800679087639,0.03299800679087639,1.0,-3.0,timeout
4625,-2.3644800186157227,0.43125325441360474,-0.00025072909193113446,0.00035065889824181795,0.0003070201782975346,0.0,3.0,timeout
4626,-2.363598585128784,0.43067213892936707,-0.0002454084169585258,0.032992783933877945,0.03299236670136452,1.0,0.0,timeout
4627,-2.3635811805725098,0.4306602478027344,-0.00025054244906641543,0.0006779707036912441,0.0006587137468159199,0.0,-3.0,timeout
4628,-2.362701177597046,0.43007755279541016,-0.00024531478993594646,0.032982680946588516,0.03298227861523628,1.0,3.0,timeout
4629,-2.3618195056915283,0.42949607968330383,-0.0002455808862578124,0.03300473839044571,0.03300473839044571,1.0,-3.0,timeout
4630,-2.3609395027160645,0.42891258001327515,-0.00024600158212706447,0.03299616649746895,0.03299616649746895,1.0,-3.0,timeout
4631,-2.360931158065796,0.42890727519989014,-0.00025129300775006413,0.000350464804796502,0.0003090026439167559,0.0,3.0,timeout
4632,-2.3600683212280273,0.42833584547042847,-0.00024596211733296514,0.03234107419848442,0.0323406457901001,1.0,3.0,timeout
4633,-2.3591866493225098,0.42775464057922363,-0.00024600475444458425,0.03300012648105621,0.033000122755765915,1.0,-3.0,timeout
4634,-2.3583056926727295,0.4271719753742218,-0.0002463464916218072,0.03300661966204643,0.033006615936756134,1.0,3.0,timeout
4635,-2.358299493789673,0.4271676540374756,-0.0002515589294489473,0.00028687025769613683,0.00023613938537891954,0.0,-3.0,timeout
4636,-2.358299732208252,0.42716744542121887,-0.00025104888482019305,1.8763266780297272e-05,9.9000944828731e-06,0.0,-3.0,timeout
4637,-2.358299732208252,0.42716747522354126,-0.00025040333275683224,2.0194987882860005e-05,9.313225177720597e-07,0.0,0.0,timeout
4638,-2.357438087463379,0.4265938997268677,-0.00024497968843206763,0.032347146421670914,0.0323466993868351,1.0,-3.0,timeout
4639,-2.356559991836548,0.4260071814060211,-0.0002452270418871194,0.03300228342413902,0.03300228342413902,1.0,3.0,timeout
4640,-2.3556811809539795,0.42542195320129395,-0.00024570466484874487,0.03299504145979881,0.032995037734508514,1.0,-3.0,timeout
4641,-2.3548035621643066,0.424834668636322,-0.0002461104595568031,0.032999731600284576,0.03299972787499428,1.0,-3.0,timeout
4642,-2.3547863960266113,0.42482247948646545,-0.0002513184444978833,0.0006777538219466805,0.0006579231703653932,0.0,-3.0,timeout
4643,-2.353929042816162,0.42424276471138,-0.0002460314135532826,0.03234264254570007,0.03234221786260605,1.0,-3.0,timeout
4644,-2.353929042816162,0.42424219846725464,-0.00025105749955400825,0.00015805881412234157,1.7695128917694092e-05,0.0,0.0,timeout
4645,-2.353929042816162,0.424241840839386,-0.0002506020537111908,1.8096114217769355e-05,1.117586998589104e-05,0.0,0.0,timeout
4646,-2.3530726432800293,0.4236607253551483,-0.0002451592590659857,0.032342538237571716,0.0323420912027359,1.0,3.0,timeout
4647,-2.35307240486145,0.4236602485179901,-0.00025032865232788026,0.00016240033437497914,1.6660003893775865e-05,0.0,-3.0,timeout
4648,-2.3522162437438965,0.4230789840221405,-0.0002451322216074914,0.0323389507830143,0.03233854100108147,1.0,-3.0,timeout
4649,-2.3513433933258057,0.4224843382835388,-0.0002453595807310194,0.03300496190786362,0.03300496190786362,1.0,3.0,timeout
4650,-2.3504695892333984,0.4218914210796356,-0.0002458160452079028,0.03299923986196518,0.03299923613667488,1.0,0.0,timeout
4651,-2.3495960235595703,0.4212982654571533,-0.0002461953554302454,0.0329972542822361,0.0329972542822361,1.0,-3.0,timeout
4652,-2.3487236499786377,0.42070305347442627,-0.0002465038560330868,0.033002618700265884,0.033002614974975586,1.0,-3.0,timeout
4653,-2.3487067222595215,0.42069071531295776,-0.0002516329404897988,0.0006739324308000505,0.0006545945070683956,0.0,-3.0,timeout
4654,-2.3487067222595215,0.4206904172897339,-0.00025117318728007376,1.7121772543760017e-05,9.313225746154785e-06,0.0,0.0,timeout
4655,-2.3487071990966797,0.42068997025489807,-0.0002504965814296156,2.939841397164855e-05,2.0425499315024354e-05,0.0,-3.0,timeout
4656,-2.3478448390960693,0.4200940430164337,-0.00024500841391272843,0.032757751643657684,0.03275730088353157,1.0,3.0,timeout
4657,-2.3469748497009277,0.41949576139450073,-0.0002452978224027902,0.03299536183476448,0.03299536183476448,1.0,3.0,timeout
4658,-2.3461031913757324,0.4188995063304901,-0.0002457735245116055,0.03300255164504051,0.033002547919750214,1.0,3.0,timeout
4659,-2.3452303409576416,0.4183049499988556,-0.0002461608964949846,0.033003389835357666,0.033003389835357666,1.0,0.0,timeout
4660,-2.344357490539551,0.41771066188812256,-0.0002464823191985488,0.032998669892549515,0.032998669892549515,1.0,3.0,timeout
4661,-2.344352960586548,0.4177078306674957,-0.00025167796411551535,0.000232872276683338,0.00016693549696356058,0.0,-3.0,timeout
4662,-2.343480348587036,0.41711336374282837,-0.00024615845177322626,0.03299610689282417,0.03299565985798836,1.0,0.0,timeout
4663,-2.3426074981689453,0.41651901602745056,-0.00024626959930174053,0.03299972042441368,0.03299972042441368,1.0,3.0,timeout
4664,-2.341733694076538,0.415926069021225,-0.00024654256412759423,0.032999757677316666,0.032999757677316666,1.0,-3.0,timeout
4665,-2.341726303100586,0.41592180728912354,-0.000251731340540573,0.0003120501060038805,0.0002666137588676065,0.0,3.0,timeout
4666,-2.340853214263916,0.41532883048057556,-0.0002462024858687073,0.0329822413623333,0.032981790602207184,1.0,-3.0,timeout
4667,-2.3399806022644043,0.4147341847419739,-0.0002463074051775038,0.03299880400300026,0.03299880400300026,1.0,3.0,timeout
4668,-2.3399767875671387,0.41473138332366943,-0.00025153072783723474,0.00022026916849426925,0.0001479015190852806,0.0,-3.0,timeout
4669,-2.3391218185424805,0.4141480326652527,-0.0002461278927512467,0.032344866544008255,0.032344426959753036,1.0,-3.0,timeout
4670,-2.3382511138916016,0.41355064511299133,-0.00024614736321382225,0.03299796208739281,0.03299796208739281,1.0,-3.0,timeout
4671,-2.337381601333618,0.4129512310028076,-0.00024645106168463826,0.03300315514206886,0.03300315514206886,1.0,-3.0,timeout
4672,-2.3365135192871094,0.4123498499393463,-0.0002467081940267235,0.03300132602453232,0.03300132229924202,1.0,-3.0,timeout
4673,-2.335646629333496,0.4117467403411865,-0.0002469191385898739,0.033001530915498734,0.033001527190208435,1.0,0.0,timeout
4674,-2.335629463195801,0.41173478960990906,-0.00025197150534950197,0.0006724363192915916,0.0006536378641612828,0.0,3.0,timeout
4675,-2.33562970161438,0.411734402179718,-0.0002514328225515783,2.2033458662917838e-05,1.4216021554602776e-05,0.0,0.0,timeout
4676,-2.3347787857055664,0.4111451208591461,-0.0002458179951645434,0.03234551101922989,0.032345037907361984,1.0,-3.0,timeout
4677,-2.3339121341705322,0.4105418920516968,-0.00024588845553807914,0.03299754112958908,0.03299754112958908,1.0,-3.0,timeout
4678,-2.3330461978912354,0.4099372923374176,-0.0002462529519107193,0.033003706485033035,0.033003706485033035,1.0,3.0,timeout
4679,-2.332179546356201,0.4093341827392578,-0.0002465399738866836,0.03299541026353836,0.03299541026353836,1.0,-3.0,timeout
4680,-2.3321733474731445,0.4093300402164459,-0.0002517349785193801,0.0002839707303792238,0.00023298889573197812,0.0,3.0,timeout
4681,-2.3313071727752686,0.40872713923454285,-0.00024620050680823624,0.03297990933060646,0.03297945857048035,1.0,-3.0,timeout
4682,-2.33044171333313,0.40812212228775024,-0.0002462957054376602,0.0329989530146122,0.0329989530146122,1.0,-3.0,timeout
4683,-2.3295772075653076,0.4075157046318054,-0.0002465832803864032,0.03299965336918831,0.03299965336918831,1.0,3.0,timeout
4684,-2.3287112712860107,0.40691107511520386,-0.00024680892238393426,0.03300423547625542,0.03300423547625542,1.0,0.0,timeout
4685,-2.3286938667297363,0.4068993330001831,-0.00025188320432789624,0.0006749884923920035,0.0006560980691574514,0.0,3.0,timeout
4686,-2.32784366607666,0.4063090980052948,-0.000246482843067497,0.032344087958335876,0.032343652099370956,1.0,3.0,timeout
4687,-2.326974630355835,0.40570923686027527,-0.00024643336655572057,0.03299882262945175,0.03299881890416145,1.0,3.0,timeout
4688,-2.3261046409606934,0.40511080622673035,-0.0002466693986207247,0.03299799934029579,0.03299799934029579,1.0,-3.0,timeout
4689,-2.326087474822998,0.40509873628616333,-0.00025176367489621043,0.0006748200976289809,0.000655773445032537,0.0,-3.0,timeout
4690,-2.326087713241577,0.40509849786758423,-0.0002518863184377551,1.1212099707336165e-05,1.0536711670283694e-05,0.0,-3.0,timeout
4691,-2.3252217769622803,0.4044944941997528,-0.0002460837422404438,0.03299354389309883,0.03299304470419884,1.0,0.0,timeout
4692,-2.3243556022644043,0.4038906693458557,-0.0002461970434524119,0.03299596160650253,0.03299596160650253,1.0,3.0,timeout
4693,-2.323488235473633,0.4032882750034332,-0.0002464840654283762,0.03300100564956665,0.03300100564956665,1.0,-3.0,timeout
4694,-2.322622299194336,0.4026838541030884,-0.0002467337471898645,0.033000506460666656,0.033000506460666656,1.0,-3.0,timeout
4695,-2.3226163387298584,0.4026799499988556,-0.00025189146981574595,0.00027487793704494834,0.00022266400628723204,0.0,3.0,timeout
4696,-2.3226163387298584,0.40268006920814514,-0.0002513132058084011,1.8450738934916444e-05,3.7252900710882386e-06,0.0,3.0,timeout
4697,-2.3226163387298584,0.4026798903942108,-0.00025060446932911873,2.284205584146548e-05,5.58793499294552e-06,0.0,0.0,timeout
4698,-2.3226165771484375,0.40267977118492126,-0.0002500310947652906,1.975960549316369e-05,8.330001946887933e-06,0.0,0.0,timeout
4699,-2.3217666149139404,0.40208899974823,-0.00024468108313158154,0.03234752640128136,0.032347094267606735,1.0,-3.0,timeout
4700,-2.321749687194824,0.4020765423774719,-0.00024986109929159284,0.0006764497957192361,0.0006567957461811602,0.0,-3.0,timeout
4701,-2.3217501640319824,0.4020760655403137,-0.0002497358073014766,2.1434068912640214e-05,2.1073423340567388e-05,0.0,-3.0,timeout
4702,-2.3217501640319824,0.4020758867263794,-0.0002493551291991025,1.3143224350642413e-05,5.58793499294552e-06,0.0,0.0,timeout
4703,-2.3217506408691406,0.40207546949386597,-0.0002490277402102947,2.2287191313807853e-05,1.98001889657462e-05,0.0,-3.0,timeout
4704,-2.3217508792877197,0.4020751118659973,-0.0002487690362613648,1.5677063856855966e-05,1.3431724255497102e-05,0.0,-3.0,timeout
4705,-2.3209075927734375,0.4014749228954315,-0.00024367572041228414,0.03234616294503212,0.03234577178955078,1.0,-3.0,timeout
4706,-2.3200483322143555,0.40086105465888977,-0.00024418419343419373,0.033000398427248,0.033000398427248,1.0,3.0,timeout
4707,-2.319188117980957,0.40024861693382263,-0.000244870811002329,0.0329987108707428,0.0329987034201622,1.0,-3.0,timeout
4708,-2.318329095840454,0.3996342122554779,-0.0002454437781125307,0.03300408646464348,0.03300408273935318,1.0,-3.0,timeout
4709,-2.3174712657928467,0.39901843667030334,-0.0002459129027556628,0.03299875929951668,0.03299875557422638,1.0,3.0,timeout
4710,-2.3174540996551514,0.39900651574134827,-0.0002511617785785347,0.0006733888876624405,0.0006531061371788383,0.0,3.0,timeout
4711,-2.3174543380737305,0.3990061581134796,-0.0002507804019842297,1.7956903320737183e-05,1.3431724255497102e-05,0.0,-3.0,timeout
4712,-2.3165950775146484,0.3983924984931946,-0.00024520940496586263,0.032997068017721176,0.032996609807014465,1.0,0.0,timeout
4713,-2.3157358169555664,0.3977786898612976,-0.0002454935747664422,0.03299931436777115,0.03299931436777115,1.0,0.0,timeout
4714,-2.315718412399292,0.3977668881416321,-0.0002508208272047341,0.000677900796290487,0.000657141616102308,0.0,3.0,timeout
4715,-2.315718412399292,0.3977671265602112,-0.0002505170414224267,1.2067890565958805e-05,7.450580142176477e-06,0.0,3.0,timeout
4716,-2.315718173980713,0.39776739478111267,-0.0002499754773452878,2.0302340999478474e-05,1.1214608093723655e-05,0.0,3.0,timeout
4717,-2.3148717880249023,0.3971717059612274,-0.00024464260786771774,0.032344017177820206,0.03234358876943588,1.0,3.0,timeout
4718,-2.314007043838501,0.39656564593315125,-0.00024493614910170436,0.03299933671951294,0.03299933671951294,1.0,-3.0,timeout
4719,-2.3140015602111816,0.3965623676776886,-0.00025044233188964427,0.0002635677228681743,0.00019965087994933128,0.0,3.0,timeout
4720,-2.3140015602111816,0.3965626060962677,-0.00025015027495101094,1.1781733519455884e-05,7.450580142176477e-06,0.0,3.0,timeout
4721,-2.3140017986297607,0.3965623080730438,-0.00024966950877569616,1.91824456123868e-05,1.1926747902180068e-05,0.0,-3.0,timeout
4722,-2.3131420612335205,0.3959604799747467,-0.0002443406265228987,0.0327957384288311,0.03279531002044678,1.0,3.0,timeout
4723,-2.3122758865356445,0.3953563868999481,-0.00024475925602018833,0.03300075605511665,0.03300075605511665,1.0,-3.0,timeout
4724,-2.311411142349243,0.3947502374649048,-0.0002453424676787108,0.033000946044921875,0.03300094231963158,1.0,-3.0,timeout
4725,-2.3105475902557373,0.3941423296928406,-0.000245826318860054,0.03300204873085022,0.03300204128026962,1.0,0.0,timeout
4726,-2.310530662536621,0.3941299021244049,-0.00025108724366873503,0.0006765241851098835,0.0006562441121786833,0.0,-3.0,timeout
4727,-2.3096859455108643,0.39353176951408386,-0.00024584608036093414,0.03234544023871422,0.03234502300620079,1.0,-3.0,timeout
4728,-2.308825731277466,0.3929194211959839,-0.0002459255629219115,0.03299708291888237,0.03299708291888237,1.0,-3.0,timeout
4729,-2.308825731277466,0.39291882514953613,-0.00025125735555775464,0.0001676564133958891,1.862645149230957e-05,0.0,0.0,timeout
4730,-2.307983875274658,0.39231663942337036,-0.0002458855742588639,0.03234605863690376,0.03234562277793884,1.0,-3.0,timeout
4731,-2.307126045227051,0.3917008340358734,-0.00024596258299425244,0.032999299466609955,0.032999299466609955,1.0,3.0,timeout
4732,-2.3062667846679688,0.3910871148109436,-0.00024630301049910486,0.03299769386649132,0.03299769386649132,1.0,3.0,timeout
4733,-2.305405855178833,0.39047545194625854,-0.00024658924667164683,0.033002883195877075,0.033002883195877075,1.0,3.0,timeout
4734,-2.305403709411621,0.3904738128185272,-0.00025177543284371495,0.00018271921726409346,8.438110671704635e-05,0.0,-3.0,timeout
4735,-2.304560422897339,0.38987383246421814,-0.00024631532141938806,0.032342441380023956,0.03234199061989784,1.0,-3.0,timeout
4736,-2.3045597076416016,0.3898738622665405,-0.0002512847713660449,0.00015689837164245546,2.237113585579209e-05,0.0,3.0,timeout
4737,-2.3037164211273193,0.3892740309238434,-0.00024589974782429636,0.03233972564339638,0.03233928978443146,1.0,3.0,timeout
4738,-2.303715944290161,0.3892737030982971,-0.0002509304031264037,0.00015824456932023168,1.8083013856085017e-05,0.0,-3.0,timeout
4739,-2.3028554916381836,0.38866233825683594,-0.0002455294306855649,0.03298577293753624,0.032985344529151917,1.0,3.0,timeout
4740,-2.3019931316375732,0.388052761554718,-0.00024575856514275074,0.03300166502594948,0.03300166502594948,1.0,3.0,timeout
4741,-2.301992654800415,0.38805297017097473,-0.00025111756986007094,0.0001682568690739572,1.6264848454738967e-05,0.0,0.0,timeout
4742,-2.3011462688446045,0.38745734095573425,-0.00024578464217484,0.03234294801950455,0.032342515885829926,1.0,3.0,timeout
4743,-2.300281047821045,0.38685184717178345,-0.0002458717208355665,0.03300139307975769,0.03300139307975769,1.0,3.0,timeout
4744,-2.299414873123169,0.3862477242946625,-0.00024621980264782906,0.033001288771629333,0.033001285046339035,1.0,-3.0,timeout
4745,-2.2994086742401123,0.3862443268299103,-0.00025147999986074865,0.000275352387689054,0.0002209021768067032,0.0,3.0,timeout
4746,-2.2985432147979736,0.38564011454582214,-0.00024599474272690713,0.03298499807715416,0.03298455476760864,1.0,-3.0,timeout
4747,-2.2976784706115723,0.3850342333316803,-0.0002461411349941045,0.032996129244565964,0.032996129244565964,1.0,3.0,timeout
4748,-2.2968125343322754,0.38442978262901306,-0.0002464402059558779,0.03300103917717934,0.03300103917717934,1.0,-3.0,timeout
4749,-2.295947551727295,0.38382387161254883,-0.00024670909624546766,0.03300276771187782,0.03300276771187782,1.0,3.0,timeout
4750,-2.295947313308716,0.38382381200790405,-0.00025188858853653073,0.0001620412222109735,7.679882401134819e-06,0.0,0.0,timeout
4751,-2.295098304748535,0.38323187828063965,-0.00024640190531499684,0.03234384208917618,0.032343387603759766,1.0,3.0,timeout
4752,-2.2942304611206055,0.3826298713684082,-0.0002463597629684955,0.033006343990564346,0.033006343990564346,1.0,0.0,timeout
4753,-2.293362855911255,0.38202813267707825,-0.0002466264122631401,0.032995447516441345,0.03299544379115105,1.0,3.0,timeout
4754,-2.292494058609009,0.3814278244972229,-0.0002468378806952387,0.033000633120536804,0.033000629395246506,1.0,-3.0,timeout
4755,-2.2924768924713135,0.38141578435897827,-0.0002518989786040038,0.0006740559474565089,0.0006552382255904377,0.0,-3.0,timeout
4756,-2.2924771308898926,0.3814156651496887,-0.00025138058117590845,1.821610021579545e-05,8.330001946887933e-06,0.0,-3.0,timeout
4757,-2.2916297912597656,0.38082122802734375,-0.0002457805385347456,0.032345958054065704,0.0323454812169075,1.0,-3.0,timeout
4758,-2.290766716003418,0.38021260499954224,-0.0002458581584505737,0.03300273418426514,0.03300273418426514,1.0,-3.0,timeout
4759,-2.290766716003418,0.38021212816238403,-0.0002512026985641569,0.00016768029308877885,1.4901160284352954e-05,0.0,0.0,timeout
4760,-2.2899224758148193,0.3796134889125824,-0.00024584168568253517,0.03234245255589485,0.03234202042222023,1.0,-3.0,timeout
4761,-2.289921998977661,0.3796132206916809,-0.00025090546114370227,0.00015916388656478375,1.7096808733185753e-05,0.0,3.0,timeout
4762,-2.2890613079071045,0.37900254130363464,-0.00024549171212129295,0.03297945111989975,0.03297901898622513,1.0,-3.0,timeout
4763,-2.288200855255127,0.3783903121948242,-0.00024573635892011225,0.033000994473695755,0.033000994473695755,1.0,3.0,timeout
4764,-2.287338972091675,0.37778013944625854,-0.0002461261465214193,0.03300025686621666,0.03300025686621666,1.0,3.0,timeout
4765,-2.2864761352539062,0.37717145681381226,-0.000246438110480085,0.03299771994352341,0.03299771621823311,1.0,-3.0,timeout
4766,-2.285614490509033,0.376560777425766,-0.0002466977166477591,0.03300332650542259,0.03300332650542259,1.0,-3.0,timeout
4767,-2.2847540378570557,0.3759486675262451,-0.0002469157916493714,0.03299883380532265,0.03299883380532265,1.0,3.0,timeout
4768,-2.2838923931121826,0.37533804774284363,-0.0002470706822350621,0.03300224989652634,0.03300224989652634,1.0,-3.0,timeout
4769,-2.283031940460205,0.3747260272502899,-0.0002472136984579265,0.032997217029333115,0.032997217029333115,1.0,3.0,timeout
4770,-2.282169818878174,0.37411603331565857,-0.0002473187050782144,0.03300311043858528,0.03300311043858528,1.0,3.0,timeout
4771,-2.281306505203247,0.3735080659389496,-0.00024740249500609934,0.032997023314237595,0.032997019588947296,1.0,3.0,timeout
4772,-2.2804415225982666,0.3729020953178406,-0.0002474696666467935,0.03300383687019348,0.03300383687019348,1.0,3.0,timeout
4773,-2.2795755863189697,0.3722977638244629,-0.00024751797900535166,0.032998908311128616,0.032998908311128616,1.0,0.0,timeout
4774,-2.2787094116210938,0.3716937005519867,-0.00024756768834777176,0.033000219613313675,0.033000219613313675,1.0,3.0,timeout
4775,-2.2778420448303223,0.37109124660491943,-0.00024759661755524576,0.03300206735730171,0.03300206735730171,1.0,0.0,timeout
4776,-2.27697491645813,0.3704884946346283,-0.0002476196095813066,0.03300126641988754,0.03300126641988754,1.0,-3.0,timeout
4777,-2.276974678039551,0.3704884648323059,-0.0002526257885619998,0.00015662316582165658,7.508562248403905e-06,0.0,0.0,timeout
4778,-2.2761263847351074,0.36989548802375793,-0.00024698080960661173,0.03234419971704483,0.03234371915459633,1.0,-3.0,timeout
4779,-2.2752623558044434,0.3692883253097534,-0.00024682850926183164,0.03300083428621292,0.03300083428621292,1.0,-3.0,timeout
4780,-2.274399757385254,0.36867913603782654,-0.0002469956816639751,0.03300076350569725,0.03300076350569725,1.0,-3.0,timeout
4781,-2.2743947505950928,0.36867547035217285,-0.0002521034039091319,0.00025115752941928804,0.00019391423847991973,0.0,3.0,timeout
4782,-2.2735326290130615,0.3680664896965027,-0.0002464908466208726,0.032985296100378036,0.03298482671380043,1.0,-3.0,timeout
4783,-2.2726714611053467,0.3674553334712982,-0.0002465278375893831,0.03299979493021965,0.03299979493021965,1.0,-3.0,timeout
4784,-2.2726669311523438,0.36745190620422363,-0.0002517223183531314,0.00024054232926573604,0.00017751163977663964,0.0,3.0,timeout
4785,-2.271806478500366,0.36684098839759827,-0.0002461826370563358,0.03297770768404007,0.03297725319862366,1.0,-3.0,timeout
4786,-2.271806478500366,0.36684030294418335,-0.00025126460241153836,0.00016024948854465038,2.1420417397166602e-05,0.0,0.0,timeout
4787,-2.270963668823242,0.36623939871788025,-0.0002458813542034477,0.03234703838825226,0.03234660252928734,1.0,-3.0,timeout
4788,-2.270947217941284,0.366226464509964,-0.0002508317120373249,0.0006720067467540503,0.0006539581809192896,0.0,-3.0,timeout
4789,-2.270090103149414,0.365610271692276,-0.0002455418580211699,0.03298862278461456,0.032988209277391434,1.0,3.0,timeout
4790,-2.2692313194274902,0.3649955987930298,-0.00024576723808422685,0.03300290182232857,0.03300290182232857,1.0,0.0,timeout
4791,-2.269214630126953,0.36498305201530457,-0.0002510288031771779,0.0006728832377120852,0.0006524850032292306,0.0,-3.0,timeout
4792,-2.2692148685455322,0.3649826943874359,-0.0002506842720322311,1.7214262697962113e-05,1.3431724255497102e-05,0.0,-3.0,timeout
4793,-2.2683632373809814,0.36436787247657776,-0.00024516304256394506,0.03282458335161209,0.03282412886619568,1.0,3.0,timeout
4794,-2.2675058841705322,0.36375123262405396,-0.0002454222412779927,0.03300241380929947,0.03300241380929947,1.0,-3.0,timeout
4795,-2.2666497230529785,0.36313319206237793,-0.000245883158640936,0.03299777954816818,0.03299777954816818,1.0,3.0,timeout
4796,-2.265791893005371,0.3625171482563019,-0.0002462542033754289,0.03300364315509796,0.03300364315509796,1.0,3.0,timeout
4797,-2.264932870864868,0.3619031012058258,-0.0002465513243805617,0.032997582107782364,0.032997582107782364,1.0,3.0,timeout
4798,-2.2640724182128906,0.36129099130630493,-0.0002467891026753932,0.03299883380532265,0.03299883380532265,1.0,3.0,timeout
4799,-2.2632102966308594,0.36068084836006165,-0.00024697938351891935,0.03300580009818077,0.03300579637289047,1.0,3.0,timeout
4800,-2.263192653656006,0.36066973209381104,-0.00025201457901857793,0.0006703828112222254,0.0006516549619846046,0.0,3.0,timeout
4801,-2.262328863143921,0.3600630760192871,-0.00024648255202919245,0.03298608958721161,0.0329856351017952,1.0,-3.0,timeout
4802,-2.2614657878875732,0.3594546914100647,-0.00024653441505506635,0.03299844264984131,0.03299844264984131,1.0,3.0,timeout
4803,-2.26060152053833,0.3588477075099945,-0.0002467546728439629,0.03300372138619423,0.03300372138619423,1.0,-3.0,timeout
4804,-2.260601282119751,0.35884761810302734,-0.0002519336703699082,0.0001620391703909263,7.957222805998754e-06,0.0,0.0,timeout
4805,-2.260601043701172,0.3588480055332184,-0.00025132266455329955,2.3804903321433812e-05,1.4216021554602776e-05,0.0,3.0,timeout
4806,-2.259753942489624,0.3582533299922943,-0.000245731498580426,0.032344136387109756,0.03234366327524185,1.0,3.0,timeout
4807,-2.2588882446289062,0.3576485514640808,-0.00024581249454058707,0.033000797033309937,0.033000797033309937,1.0,0.0,timeout
4808,-2.2588706016540527,0.3576371669769287,-0.00025107161491177976,0.000676430354360491,0.0006561615155078471,0.0,3.0,timeout
4809,-2.2580206394195557,0.35704663395881653,-0.0002458332746755332,0.03234325721859932,0.03234284371137619,1.0,3.0,timeout
4810,-2.2571518421173096,0.35644638538360596,-0.00024591415422037244,0.032999567687511444,0.032999567687511444,1.0,3.0,timeout
4811,-2.256281614303589,0.355848103761673,-0.000246264913585037,0.033001501113176346,0.03300149738788605,1.0,3.0,timeout
4812,-2.2554101943969727,0.3552517890930176,-0.0002465594734530896,0.03299745172262192,0.03299745172262192,1.0,3.0,timeout
4813,-2.254537343978882,0.3546574115753174,-0.0002467958547640592,0.033000241965055466,0.033000241965055466,1.0,3.0,timeout
4814,-2.2536630630493164,0.3540650010108948,-0.0002469850005581975,0.03300268203020096,0.03300268203020096,1.0,3.0,timeout
4815,-2.253657102584839,0.35406169295310974,-0.00025207301951013505,0.00026582402642816305,0.0002130287030013278,0.0,-3.0,timeout
4816,-2.252800941467285,0.3534802496433258,-0.00024657018366269767,0.03234213963150978,0.03234168142080307,1.0,-3.0,timeout
4817,-2.2519285678863525,0.35288530588150024,-0.0002465120342094451,0.032997891306877136,0.032997891306877136,1.0,3.0,timeout
4818,-2.25191068649292,0.3528742790222168,-0.000251626392127946,0.0006756741786375642,0.0006564998184330761,0.0,3.0,timeout
4819,-2.2510528564453125,0.3522949814796448,-0.0002462772827129811,0.032347697764635086,0.032347265630960464,1.0,3.0,timeout
4820,-2.2501766681671143,0.3517056405544281,-0.00024625853984616697,0.03299840912222862,0.03299840912222862,1.0,-3.0,timeout
4821,-2.2493019104003906,0.3511141538619995,-0.00024653898435644805,0.032998841255903244,0.032998837530612946,1.0,-3.0,timeout
4822,-2.2484281063079834,0.35052117705345154,-0.0002467883168719709,0.03300028294324875,0.03300028294324875,1.0,3.0,timeout
4823,-2.248427629470825,0.35052111744880676,-0.0002519519184716046,0.00016205980500672013,1.501712449680781e-05,0.0,0.0,timeout
4824,-2.247570514678955,0.349941223859787,-0.00024644119548611343,0.032339636236429214,0.032339178025722504,1.0,-3.0,timeout
4825,-2.247570276260376,0.3499409556388855,-0.0002513806975912303,0.00015476628323085606,1.1214608093723655e-05,0.0,0.0,timeout
4826,-2.247570276260376,0.3499411642551422,-0.0002508654142729938,1.7372234651702456e-05,6.519257567560999e-06,0.0,3.0,timeout
4827,-2.247570037841797,0.3499413728713989,-0.0002502495190128684,2.1643667423631996e-05,9.9000944828731e-06,0.0,3.0,timeout
4828,-2.2467048168182373,0.34935808181762695,-0.0002448112645652145,0.03260897472500801,0.032608531415462494,1.0,-3.0,timeout
4829,-2.2467041015625,0.3493579924106598,-0.00025010752142407,0.00016703386791050434,2.2525686290464364e-05,0.0,3.0,timeout
4830,-2.2458455562591553,0.34877991676330566,-0.00024495922843925655,0.03234484791755676,0.03234444931149483,1.0,3.0,timeout
4831,-2.2449684143066406,0.34819191694259644,-0.0002452001499477774,0.03299979120492935,0.03299978747963905,1.0,-3.0,timeout
4832,-2.2440927028656006,0.34760186076164246,-0.0002456927904859185,0.03299853578209877,0.03299853205680847,1.0,-3.0,timeout
4833,-2.2440853118896484,0.34759703278541565,-0.00025105057284235954,0.00032271083910018206,0.00027587905060499907,0.0,3.0,timeout
4834,-2.2432100772857666,0.3470071256160736,-0.0002456595248077065,0.03298400342464447,0.03298357501626015,1.0,-3.0,timeout
4835,-2.242335319519043,0.3464156687259674,-0.0002458729431964457,0.03299831971526146,0.03299831971526146,1.0,3.0,timeout
4836,-2.2423298358917236,0.34641146659851074,-0.0002511736820451915,0.00027211889391765,0.00021589212701655924,0.0,-3.0,timeout
4837,-2.2423298358917236,0.3464113473892212,-0.00025074236327782273,1.3984041288495064e-05,3.7252900710882386e-06,0.0,0.0,timeout
4838,-2.2414722442626953,0.34583181142807007,-0.0002452741318847984,0.032345715910196304,0.03234526515007019,1.0,3.0,timeout
4839,-2.240596294403076,0.3452422320842743,-0.0002454421774018556,0.032996390014886856,0.032996390014886856,1.0,-3.0,timeout
4840,-2.2397210597991943,0.3446512222290039,-0.00024589605163782835,0.03300284594297409,0.03300284221768379,1.0,3.0,timeout
4841,-2.238844633102417,0.3440622091293335,-0.00024626438971608877,0.03299887850880623,0.03299887850880623,1.0,3.0,timeout
4842,-2.2379672527313232,0.34347468614578247,-0.0002465489669702947,0.03299768641591072,0.03299768641591072,1.0,-3.0,timeout
4843,-2.237090826034546,0.3428856432437897,-0.00024679669877514243,0.03299940004944801,0.032999396324157715,1.0,3.0,timeout
4844,-2.236212968826294,0.34229862689971924,-0.0002469855535309762,0.03300126641988754,0.03300126641988754,1.0,3.0,timeout
4845,-2.2361948490142822,0.34228774905204773,-0.00025201926473528147,0.0006789190229028463,0.0006604442605748773,0.0,3.0,timeout
4846,-2.2361948490142822,0.3422877788543701,-0.0002514659136068076,1.7317282981821336e-05,9.313225177720597e-07,0.0,-3.0,timeout
4847,-2.2353336811065674,0.3417138159275055,-0.00024584808852523565,0.03234148770570755,0.03234100714325905,1.0,-3.0,timeout
4848,-2.2344560623168945,0.34112662076950073,-0.00024592241970822215,0.03299817442893982,0.03299817442893982,1.0,3.0,timeout
4849,-2.2335774898529053,0.3405408263206482,-0.0002462606644257903,0.032998647540807724,0.032998647540807724,1.0,-3.0,timeout
4850,-2.2326996326446533,0.33995357155799866,-0.0002465653233230114,0.033005405217409134,0.033005405217409134,1.0,3.0,timeout
4851,-2.2326819896698,0.33994248509407043,-0.00025168349384330213,0.0006705145351588726,0.0006511589745059609,0.0,3.0,timeout
4852,-2.2318191528320312,0.33937084674835205,-0.00024632338318042457,0.03234468027949333,0.03234424069523811,1.0,3.0,timeout
4853,-2.2309372425079346,0.3387899696826935,-0.00024630612460896373,0.03300070762634277,0.03300070762634277,1.0,3.0,timeout
4854,-2.2300543785095215,0.3382105231285095,-0.00024656750611029565,0.03300105035305023,0.03300105035305023,1.0,-3.0,timeout
4855,-2.229172468185425,0.3376295268535614,-0.00024681087234057486,0.033002760261297226,0.03300275653600693,1.0,3.0,timeout
4856,-2.228289842605591,0.3370499610900879,-0.0002469863975420594,0.03299686685204506,0.03299686685204506,1.0,-3.0,timeout
4857,-2.228280782699585,0.3370448350906372,-0.0002520790440030396,0.00036213992279954255,0.00032529697637073696,0.0,3.0,timeout
4858,-2.228280782699585,0.33704516291618347,-0.0002514771476853639,2.141819459211547e-05,1.0244547411275562e-05,0.0,3.0,timeout
4859,-2.2274084091186523,0.33647453784942627,-0.0002458113885950297,0.032576244324445724,0.032575760036706924,1.0,-3.0,timeout
4860,-2.227391004562378,0.33646267652511597,-0.00025079771876335144,0.0006763824494555593,0.0006581887719221413,0.0,-3.0,timeout
4861,-2.2265100479125977,0.3358813226222992,-0.0002455161011312157,0.03298444300889969,0.03298402950167656,1.0,3.0,timeout
4862,-2.2256271839141846,0.33530187606811523,-0.0002457516093272716,0.03300105035305023,0.03300105035305023,1.0,3.0,timeout
4863,-2.225609064102173,0.3352910578250885,-0.00025102210929617286,0.000679743243381381,0.0006594875012524426,0.0,3.0,timeout
4864,-2.224741220474243,0.33472707867622375,-0.0002457937807776034,0.032344162464141846,0.032343748956918716,1.0,3.0,timeout
4865,-2.2247231006622314,0.33471646904945374,-0.0002507662575226277,0.0006743177073076367,0.0006561694317497313,0.0,3.0,timeout
4866,-2.2247226238250732,0.3347170054912567,-0.000250459648668766,2.4390066755586304e-05,2.242921618744731e-05,0.0,3.0,timeout
4867,-2.223845958709717,0.33415487408638,-0.00024500273866578937,0.03254448622465134,0.03254403918981552,1.0,-3.0,timeout
4868,-2.2229583263397217,0.3335828185081482,-0.00024526429479010403,0.03300003707408905,0.03300003707408905,1.0,-3.0,timeout
4869,-2.222071886062622,0.33300870656967163,-0.00024574538110755384,0.03300362452864647,0.03300362080335617,1.0,-3.0,timeout
4870,-2.222062587738037,0.3330027461051941,-0.0002510821504984051,0.0003833281807601452,0.00034514768049120903,0.0,3.0,timeout
4871,-2.221193552017212,0.3324405252933502,-0.0002457990194670856,0.03234553337097168,0.032345112413167953,1.0,3.0,timeout
4872,-2.2203054428100586,0.33186936378479004,-0.00024588441010564566,0.03299744427204132,0.03299744427204132,1.0,3.0,timeout
4873,-2.220297336578369,0.3318641781806946,-0.0002511660277377814,0.0003430347132962197,0.000300717685604468,0.0,-3.0,timeout
4874,-2.2202975749969482,0.33186405897140503,-0.0002507422468625009,1.564512785989791e-05,8.330001946887933e-06,0.0,-3.0,timeout
4875,-2.22029709815979,0.33186450600624084,-0.0002501638955436647,2.7273641535430215e-05,2.0425499315024354e-05,0.0,3.0,timeout
4876,-2.22029709815979,0.33186453580856323,-0.0002496737870387733,1.5344179701060057e-05,9.313225177720597e-07,0.0,0.0,timeout
4877,-2.2194266319274902,0.3313046991825104,-0.0002444063138682395,0.032342709600925446,0.03234229236841202,1.0,3.0,timeout
4878,-2.2185373306274414,0.3307352066040039,-0.00024474735255353153,0.033000633120536804,0.033000629395246506,1.0,-3.0,timeout
4879,-2.217648983001709,0.33016425371170044,-0.00024534048861823976,0.03300018981099129,0.03300018608570099,1.0,3.0,timeout
4880,-2.21675968170166,0.3295947313308716,-0.00024580987519584596,0.0330011323094368,0.0330011285841465,1.0,-3.0,timeout
4881,-2.215871572494507,0.3290233612060547,-0.0002462002739775926,0.033000972121953964,0.033000968396663666,1.0,0.0,timeout
4882,-2.2158539295196533,0.32901179790496826,-0.00025138590717688203,0.0006788340397179127,0.0006592079880647361,0.0,-3.0,timeout
4883,-2.2149674892425537,0.3284388780593872,-0.00024600050528533757,0.03298381716012955,0.032983385026454926,1.0,3.0,timeout
4884,-2.2140791416168213,0.3278678059577942,-0.0002461399126332253,0.03300220146775246,0.03300220146775246,1.0,3.0,timeout
4885,-2.2131896018981934,0.3272988200187683,-0.00024644937366247177,0.03299836814403534,0.03299836814403534,1.0,3.0,timeout
4886,-2.213189125061035,0.3272990882396698,-0.0002516800304874778,0.00016434970893897116,1.7096808733185753e-05,0.0,0.0,timeout
4887,-2.2123165130615234,0.32674258947372437,-0.00024622344062663615,0.032342955470085144,0.03234250470995903,1.0,-3.0,timeout
4888,-2.2114274501800537,0.3261725902557373,-0.0002462223928887397,0.03300289809703827,0.03300289809703827,1.0,-3.0,timeout
4889,-2.2105400562286377,0.3256004750728607,-0.00024651072453707457,0.03299478814005852,0.03299478441476822,1.0,-3.0,timeout
4890,-2.209653377532959,0.32502686977386475,-0.00024676552857272327,0.03300127014517784,0.03300127014517784,1.0,3.0,timeout
4891,-2.208765745162964,0.32445478439331055,-0.00024695045431144536,0.03300054371356964,0.03300054371356964,1.0,-3.0,timeout
4892,-2.207879066467285,0.32388126850128174,-0.0002471175685059279,0.03299975395202637,0.03299975395202637,1.0,3.0,timeout
4893,-2.20699143409729,0.3233092427253723,-0.00024723197566345334,0.032999537885189056,0.032999537885189056,1.0,-3.0,timeout
4894,-2.2061049938201904,0.32273516058921814,-0.0002473326458130032,0.03300311788916588,0.03300311788916588,1.0,-3.0,timeout
4895,-2.2060956954956055,0.322729229927063,-0.00025235212524421513,0.00037866277853026986,0.0003446459595579654,0.0,3.0,timeout
4896,-2.2052102088928223,0.32215532660484314,-0.00024671078426763415,0.032975535839796066,0.03297506645321846,1.0,-3.0,timeout
4897,-2.2043251991271973,0.3215792179107666,-0.0002467041776981205,0.03300010785460472,0.03300010785460472,1.0,-3.0,timeout
4898,-2.204308032989502,0.3215670883655548,-0.00025178250507451594,0.0006757457740604877,0.0006568465614691377,0.0,-3.0,timeout
4899,-2.2034432888031006,0.3209983706474304,-0.00024640237097628415,0.03234414383769035,0.03234371170401573,1.0,-3.0,timeout
4900,-2.202562093734741,0.32041630148887634,-0.00024637518799863756,0.03300256282091141,0.03300256282091141,1.0,0.0,timeout
4901,-2.202562093734741,0.3204157054424286,-0.0002516125387046486,0.00016472370771225542,1.862645149230957e-05,0.0,0.0,timeout
4902,-2.201698064804077,0.31984564661979675,-0.0002461798721924424,0.03234854340553284,0.03234809637069702,1.0,3.0,timeout
4903,-2.200815200805664,0.3192664682865143,-0.00024618726456537843,0.03299645334482193,0.03299645334482193,1.0,3.0,timeout
4904,-2.1999309062957764,0.31868937611579895,-0.0002464826684445143,0.03299816697835922,0.03299816697835922,1.0,3.0,timeout
4905,-2.199045419692993,0.3181137442588806,-0.00024672274594195187,0.03300447762012482,0.03300447389483452,1.0,-3.0,timeout
4906,-2.1981616020202637,0.31753599643707275,-0.0002469250466674566,0.03299689665436745,0.03299689665436745,1.0,-3.0,timeout
4907,-2.1981441974639893,0.31752416491508484,-0.00025196935166604817,0.000676292518619448,0.0006576647283509374,0.0,-3.0,timeout
4908,-2.1972806453704834,0.31695371866226196,-0.00024655211018398404,0.03234277293086052,0.0323423333466053,1.0,-3.0,timeout
4909,-2.1964008808135986,0.31636953353881836,-0.00024649008992128074,0.03300180286169052,0.03300180286169052,1.0,-3.0,timeout
4910,-2.1955223083496094,0.31578394770622253,-0.0002467349695507437,0.032995034009218216,0.032995034009218216,1.0,3.0,timeout
4911,-2.1946425437927246,0.3151998817920685,-0.00024692542501725256,0.03299974277615547,0.03299974277615547,1.0,-3.0,timeout
4912,-2.1937637329101562,0.31461405754089355,-0.0002470924227964133,0.03300536423921585,0.03300536423921585,1.0,0.0,timeout
4913,-2.193746566772461,0.31460198760032654,-0.00025209927116520703,0.0006741808028891683,0.000655773445032537,0.0,-3.0,timeout
4914,-2.1928694248199463,0.314014732837677,-0.0002465710276737809,0.032987285405397415,0.032986830919981,1.0,3.0,timeout
4915,-2.192869186401367,0.3140142858028412,-0.00025156367337331176,0.00015682143566664308,1.5832483768463135e-05,0.0,-3.0,timeout
4916,-2.192868947982788,0.31401461362838745,-0.00025102109066210687,2.116501855198294e-05,1.2667356713791378e-05,0.0,3.0,timeout
4917,-2.192007541656494,0.31344079971313477,-0.0002454897912684828,0.03234509006142616,0.03234462812542915,1.0,3.0,timeout
4918,-2.1911275386810303,0.31285709142684937,-0.00024561421014368534,0.03299977257847786,0.03299976885318756,1.0,-3.0,timeout
4919,-2.190248966217041,0.3122713267803192,-0.0002460232062730938,0.032998133450746536,0.032998133450746536,1.0,-3.0,timeout
4920,-2.1902318000793457,0.3122592866420746,-0.00025124778039753437,0.0006752728950232267,0.0006552382255904377,0.0,-3.0,timeout
4921,-2.189373254776001,0.31168100237846375,-0.00024597474839538336,0.03234850987792015,0.03234809264540672,1.0,-3.0,timeout
4922,-2.1884984970092773,0.3110894560813904,-0.00024603819474577904,0.032999880611896515,0.032999880611896515,1.0,3.0,timeout
4923,-2.1876227855682373,0.3104993999004364,-0.00024635426234453917,0.03299853205680847,0.03299853205680847,1.0,-3.0,timeout
4924,-2.1867482662200928,0.30990734696388245,-0.0002466301084496081,0.0330025851726532,0.0330025851726532,1.0,-3.0,timeout
4925,-2.1858749389648438,0.30931389331817627,-0.00024686160031706095,0.032996322959661484,0.032996322959661484,1.0,3.0,timeout
4926,-2.184999942779541,0.30872252583503723,-0.0002470369799993932,0.03300292417407036,0.03300292417407036,1.0,3.0,timeout
4927,-2.18499493598938,0.3087189495563507,-0.00025211775209754705,0.00024935847613960505,0.00019227694428991526,0.0,-3.0,timeout
4928,-2.1841204166412354,0.3081279397010803,-0.0002465200668666512,0.03298478573560715,0.03298432379961014,1.0,3.0,timeout
4929,-2.183244228363037,0.3075384199619293,-0.0002465472207404673,0.033001530915498734,0.033001530915498734,1.0,0.0,timeout
4930,-2.1832268238067627,0.30752670764923096,-0.00025165185797959566,0.000674706359859556,0.0006555776344612241,0.0,-3.0,timeout
4931,-2.1823697090148926,0.30694645643234253,-0.00024629695690236986,0.03234587609767914,0.03234544396400452,1.0,-3.0,timeout
4932,-2.1814963817596436,0.3063528537750244,-0.0002462959964759648,0.0329989418387413,0.0329989418387413,1.0,3.0,timeout
4933,-2.180622100830078,0.3057606816291809,-0.000246560201048851,0.032998502254486084,0.032998502254486084,1.0,-3.0,timeout
4934,-2.179748773574829,0.3051670491695404,-0.0002468048478476703,0.032999467104673386,0.03299946337938309,1.0,3.0,timeout
4935,-2.1788742542266846,0.3045748472213745,-0.0002469817700330168,0.03300519660115242,0.03300519660115242,1.0,-3.0,timeout
4936,-2.1788742542266846,0.304574579000473,-0.00025211580214090645,0.00016065730596892536,8.381903171539307e-06,0.0,0.0,timeout
4937,-2.17801833152771,0.30399271845817566,-0.0002465838333591819,0.0323433093726635,0.03234284743666649,1.0,3.0,timeout
4938,-2.1771433353424072,0.3034013509750366,-0.00024651052081026137,0.03300292417407036,0.03300292417407036,1.0,3.0,timeout
4939,-2.176267385482788,0.3028114140033722,-0.00024673089501447976,0.03300262987613678,0.03300262987613678,1.0,-3.0,timeout
4940,-2.1753931045532227,0.302219420671463,-0.0002469308383297175,0.032995373010635376,0.032995373010635376,1.0,-3.0,timeout
4941,-2.1745200157165527,0.3016253709793091,-0.00024709218996576965,0.0330006405711174,0.0330006405711174,1.0,-3.0,timeout
4942,-2.1736483573913574,0.3010292649269104,-0.00024722146918065846,0.0329999178647995,0.0329999178647995,1.0,-3.0,timeout
4943,-2.1727778911590576,0.30043116211891174,-0.0002473250206094235,0.03300447389483452,0.03300447389483452,1.0,-3.0,timeout
4944,-2.1719090938568115,0.2998311221599579,-0.00024740799563005567,0.03299586474895477,0.03299586474895477,1.0,-3.0,timeout
4945,-2.171041488647461,0.29922911524772644,-0.00024747441057115793,0.033000219613313675,0.033000219613313675,1.0,-3.0,timeout
4946,-2.1701748371124268,0.29862579703330994,-0.0002475365763530135,0.03299913555383682,0.03299913555383682,1.0,3.0,timeout
4947,-2.1701574325561523,0.29861393570899963,-0.00025245934375561774,0.0006759275565855205,0.0006581887719221413,0.0,3.0,timeout
4948,-2.1693053245544434,0.2980267107486725,-0.00024694338208064437,0.03233962133526802,0.03233915939927101,1.0,3.0,timeout
4949,-2.16928768157959,0.2980152368545532,-0.0002516848617233336,0.0006741649704053998,0.0006576805608347058,0.0,3.0,timeout
4950,-2.1692874431610107,0.2980155050754547,-0.0002511937345843762,1.9008421077160165e-05,1.1214608093723655e-05,0.0,3.0,timeout
4951,-2.1684234142303467,0.2974282205104828,-0.00024557526921853423,0.03264810889959335,0.03264763578772545,1.0,-3.0,timeout
4952,-2.167550802230835,0.2968333065509796,-0.0002457468362990767,0.03300352767109871,0.03300352394580841,1.0,3.0,timeout
4953,-2.1675472259521484,0.2968304753303528,-0.0002510804624762386,0.00021931433002464473,0.0001425410300726071,0.0,-3.0,timeout
4954,-2.1675472259521484,0.2968302369117737,-0.0002506526652723551,1.5304649423342198e-05,7.450580142176477e-06,0.0,-3.0,timeout
4955,-2.1675474643707275,0.29683002829551697,-0.00025008077500388026,2.043048880295828e-05,9.9000944828731e-06,0.0,-3.0,timeout
4956,-2.1675477027893066,0.2968297600746155,-0.00024961179587990046,1.8454104065313004e-05,1.1214608093723655e-05,0.0,-3.0,timeout
4957,-2.166696786880493,0.2962406575679779,-0.00024434993974864483,0.032342273741960526,0.0323418565094471,1.0,-3.0,timeout
4958,-2.165829658508301,0.29563769698143005,-0.0002447183069307357,0.033004987984895706,0.033004987984895706,1.0,0.0,timeout
4959,-2.1649625301361084,0.29503512382507324,-0.00024531324743293226,0.03299808129668236,0.03299807384610176,1.0,3.0,timeout
4960,-2.1640939712524414,0.29443424940109253,-0.00024579293676652014,0.03300456702709198,0.03300456330180168,1.0,0.0,timeout
4961,-2.1640937328338623,0.294434130191803,-0.00025116128381341696,0.00016796751879155636,8.330001946887933e-06,0.0,0.0,timeout
4962,-2.163242816925049,0.2938448190689087,-0.00024580888566561043,0.03234599903225899,0.032345566898584366,1.0,-3.0,timeout
4963,-2.1632258892059326,0.2938325107097626,-0.0002507738536223769,0.0006721977842971683,0.0006540464237332344,0.0,-3.0,timeout
4964,-2.1623780727386475,0.293239027261734,-0.0002455807407386601,0.032340988516807556,0.032340582460165024,1.0,-3.0,timeout
4965,-2.1623775959014893,0.2932388484477997,-0.0002507002209313214,0.00016077334294095635,1.5914445611997508e-05,0.0,3.0,timeout
4966,-2.161513090133667,0.2926332950592041,-0.0002453276829328388,0.03298457711935043,0.03298414871096611,1.0,-3.0,timeout
4967,-2.16149640083313,0.2926206588745117,-0.0002504782460164279,0.0006736779469065368,0.0006541677284985781,0.0,-3.0,timeout
4968,-2.16149640083313,0.2926206588745117,-0.00025024384376592934,7.325069873331813e-06,0.0,0.0,3.0,timeout
4969,-2.16149640083313,0.2926206886768341,-0.0002497566456440836,1.525339757790789e-05,9.313225177720597e-07,0.0,3.0,timeout
4970,-2.16149640083313,0.2926207482814789,-0.0002493524516467005,1.2767661246471107e-05,1.8626450355441193e-06,0.0,3.0,timeout
4971,-2.16149640083313,0.2926207482814789,-0.00024993260740302503,1.812986738514155e-05,0.0,0.0,0.0,timeout
4972,-2.161496639251709,0.2926205098628998,-0.0002494921791367233,1.7333579307887703e-05,1.0536711670283694e-05,0.0,-3.0,timeout
4973,-2.16149640083313,0.29262086749076843,-0.00024915041285566986,1.7160355127998628e-05,1.3431724255497102e-05,0.0,3.0,timeout
4974,-2.1606390476226807,0.29202303290367126,-0.0002439238305669278,0.032663170248270035,0.032662760466337204,1.0,-3.0,timeout
4975,-2.1606385707855225,0.2920229732990265,-0.0002494059153832495,0.00017197206034325063,1.501712449680781e-05,0.0,3.0,timeout
4976,-2.1597893238067627,0.2914314270019531,-0.0002443977864459157,0.032342955470085144,0.032342579215765,1.0,3.0,timeout
4977,-2.158921241760254,0.29083022475242615,-0.000244761147769168,0.03299814462661743,0.03299814462661743,1.0,3.0,timeout
4978,-2.1589033603668213,0.2908189594745636,-0.0002502261777408421,0.0006821647984907031,0.0006604410009458661,0.0,3.0,timeout
4979,-2.1580328941345215,0.29022160172462463,-0.000245054776314646,0.0329916886985302,0.03299129381775856,1.0,0.0,timeout
4980,-2.1580324172973633,0.29022157192230225,-0.00025036331498995423,0.00016656234220135957,1.4930235920473933e-05,0.0,0.0,timeout
4981,-2.157179355621338,0.2896355390548706,-0.00024515975383110344,0.032343003898859024,0.03234259784221649,1.0,-3.0,timeout
4982,-2.1563100814819336,0.2890360653400421,-0.0002453818160574883,0.03299807757139206,0.03299807757139206,1.0,3.0,timeout
4983,-2.15629243850708,0.28902468085289,-0.0002507225435692817,0.0006770544569008052,0.0006561615155078471,0.0,3.0,timeout
4984,-2.156292676925659,0.2890244722366333,-0.00025042827473953366,1.3512085388356354e-05,9.9000944828731e-06,0.0,-3.0,timeout
4985,-2.15629243850708,0.28902485966682434,-0.0002499145339243114,2.1443856894620694e-05,1.4216021554602776e-05,0.0,3.0,timeout
4986,-2.155430555343628,0.2884353697299957,-0.00024454123922623694,0.032631490379571915,0.03263105824589729,1.0,-3.0,timeout
4987,-2.154559850692749,0.28783777356147766,-0.0002449164167046547,0.03300165385007858,0.033001650124788284,1.0,3.0,timeout
4988,-2.1545567512512207,0.2878352403640747,-0.0002504191070329398,0.00021264521637931466,0.00012509225052781403,0.0,-3.0,timeout
4989,-2.1537036895751953,0.28724899888038635,-0.00024523548199795187,0.0323466956615448,0.03234628960490227,1.0,-3.0,timeout
4990,-2.152834415435791,0.28664931654930115,-0.00024544369080103934,0.03300178050994873,0.03300178050994873,1.0,3.0,timeout
4991,-2.151963949203491,0.2860516309738159,-0.0002458884846419096,0.03299709036946297,0.03299709036946297,1.0,3.0,timeout
4992,-2.1519601345062256,0.2860490679740906,-0.0002512065984774381,0.00021964819461572915,0.0001436170714441687,0.0,-3.0,timeout
4993,-2.1519603729248047,0.2860490083694458,-0.0002507532190065831,1.6115702237584628e-05,7.679882401134819e-06,0.0,-3.0,timeout
4994,-2.1510963439941406,0.2854532301425934,-0.00024521941668353975,0.03279803693294525,0.03279757872223854,1.0,3.0,timeout
4995,-2.150225877761841,0.2848552167415619,-0.0002454628993291408,0.03300289064645767,0.03300289064645767,1.0,-3.0,timeout
4996,-2.1493566036224365,0.2842557728290558,-0.0002459156094118953,0.032997552305459976,0.03299754858016968,1.0,3.0,timeout
4997,-2.1484858989715576,0.28365829586982727,-0.0002462803095113486,0.03299954906105995,0.03299954533576965,1.0,3.0,timeout
4998,-2.147613763809204,0.28306281566619873,-0.00024657227913849056,0.033001188188791275,0.033001188188791275,1.0,3.0,timeout
4999,-2.146740674972534,0.2824687361717224,-0.0002467950398568064,0.03300115838646889,0.03300115838646889,1.0,-3.0,timeout
