step,x,y,z,speed_3d,speed_xy,command_v,command_w,outcome
0,4.054210186004639,-4.632795810699463,-0.00019788600911851972,0.0,0.0,0.0,0.0,collision
1,4.05380916595459,-4.634973526000977,-0.0014231650857254863,0.07908515632152557,0.06919783353805542,0.0,3.0,collision
2,4.05380916595459,-4.634962558746338,-0.0007576831849291921,0.02079913392663002,0.00034272667835466564,0.0,-3.0,collision
3,4.053811073303223,-4.63495397567749,-0.0006499933660961688,0.003376504871994257,0.0002747638209257275,0.0,-3.0,collision
4,4.053960800170898,-4.633902549743652,-0.0005643659387715161,0.03329623118042946,0.03318853676319122,1.0,-3.0,collision
5,4.054110527038574,-4.63283634185791,-0.0005007139407098293,0.033704668283462524,0.03364592045545578,1.0,3.0,collision
6,4.054260730743408,-4.631773948669434,-0.00045007397420704365,0.03356728330254555,0.03352995589375496,1.0,3.0,collision
7,4.054408550262451,-4.630707263946533,-0.00040954395080916584,0.03367627039551735,0.03365244343876839,1.0,3.0,collision
8,4.054408073425293,-4.6306915283203125,-0.0003821657446678728,0.0009869278874248266,0.0004919640487059951,0.0,-3.0,collision
9,4.054406642913818,-4.630677223205566,-0.00035549417953006923,0.0009468569187447429,0.0004492644511628896,0.0,3.0,collision
10,4.054407119750977,-4.630675315856934,-0.00033397937659174204,0.0006751389009878039,6.143905920907855e-05,0.0,0.0,collision
11,4.054405689239502,-4.630673885345459,-0.00031671859323978424,0.0005430916789919138,6.322026456473395e-05,0.0,0.0,collision
12,4.054551601409912,-4.629627227783203,-0.0002979219425469637,0.033029574900865555,0.03302435204386711,1.0,0.0,collision
13,4.054697513580322,-4.6285834312438965,-0.00028766796458512545,0.03293735906481743,0.03293580189347267,1.0,3.0,collision
14,4.054843902587891,-4.627536296844482,-0.0002796414482872933,0.033042121678590775,0.03304116800427437,1.0,-3.0,collision
15,4.054990291595459,-4.626490116119385,-0.0002732593275140971,0.033012256026268005,0.03301165625452995,1.0,0.0,collision
16,4.054992198944092,-4.626468658447266,-0.00027303144452162087,0.0006732337642461061,0.0006731961038894951,0.0,-3.0,collision
17,4.055140495300293,-4.625443935394287,-0.0002633966214489192,0.0323575884103775,0.03235618770122528,1.0,-3.0,collision
18,4.05529260635376,-4.624398708343506,-0.00025996332988142967,0.03300759196281433,0.0330074168741703,1.0,-3.0,collision
19,4.055294513702393,-4.624377727508545,-0.00026239478029310703,0.0006627250113524497,0.0006583547801710665,0.0,3.0,collision
20,4.055294990539551,-4.624377727508545,-0.000259764346992597,8.354073361260816e-05,1.4901160284352954e-05,0.0,-3.0,collision
21,4.055446624755859,-4.623353481292725,-0.00025249566533602774,0.0323573499917984,0.03235655277967453,1.0,3.0,collision
22,4.055449485778809,-4.623332500457764,-0.00025610096054151654,0.0006712417234666646,0.0006617189501412213,0.0,-3.0,collision
23,4.055601119995117,-4.622308731079102,-0.00024984084302559495,0.03234240412712097,0.032341811805963516,1.0,-3.0,collision
24,4.055604457855225,-4.622287750244141,-0.00025400181766599417,0.0006765105063095689,0.0006638964405283332,0.0,-3.0,collision
25,4.055603981018066,-4.622287750244141,-0.0002530587080400437,3.302504774183035e-05,1.4901160284352954e-05,0.0,3.0,collision
26,4.055603981018066,-4.622287750244141,-0.00025200776872225106,3.284185368102044e-05,0.0,0.0,3.0,collision
27,4.055755615234375,-4.6212639808654785,-0.0002462679403834045,0.03234231099486351,0.032341811805963516,1.0,3.0,collision
28,4.055755615234375,-4.62126350402832,-0.00025122027727775276,0.00015547625662293285,1.4901160284352954e-05,0.0,0.0,collision
29,4.055905342102051,-4.620239734649658,-0.000245840463321656,0.03233356773853302,0.0323331318795681,1.0,-3.0,collision
30,4.055905818939209,-4.6202392578125,-0.0002508997276891023,0.00015950025408528745,2.1073423340567388e-05,0.0,0.0,collision
31,4.055905818939209,-4.6202392578125,-0.00025047079543583095,1.3404132005234715e-05,0.0,0.0,-3.0,collision
32,4.056062698364258,-4.619195461273193,-0.00024495681282132864,0.032985445111989975,0.03298499435186386,1.0,0.0,collision
33,4.056065082550049,-4.619174480438232,-0.00025018016458489,0.0006797597743570805,0.0006598707986995578,0.0,3.0,collision
34,4.056216716766357,-4.61815071105957,-0.00024511010269634426,0.032342199236154556,0.032341811805963516,1.0,3.0,collision
35,4.056367874145508,-4.617105484008789,-0.00024533452233299613,0.03300313651561737,0.03300313651561737,1.0,3.0,collision
36,4.056517124176025,-4.616060256958008,-0.0002457906666677445,0.03299466148018837,0.03299465775489807,1.0,-3.0,collision
37,4.056519508361816,-4.616039276123047,-0.00025107257533818483,0.0006802015122957528,0.0006598707986995578,0.0,3.0,collision
38,4.056671142578125,-4.615014553070068,-0.0002458218950778246,0.03237170726060867,0.032371290028095245,1.0,-3.0,collision
39,4.056673049926758,-4.614993572235107,-0.00025080153136514127,0.0006764958379790187,0.0006583547801710665,0.0,3.0,collision
40,4.056673049926758,-4.614993572235107,-0.00025048822863027453,9.79070955509087e-06,0.0,0.0,3.0,collision
41,4.056820392608643,-4.613948345184326,-0.0002449651656206697,0.03298673778772354,0.03298628702759743,1.0,0.0,collision
42,4.056823253631592,-4.613927364349365,-0.0002501750423107296,0.0006814533262513578,0.0006617189501412213,0.0,-3.0,collision
43,4.056823253631592,-4.613927364349365,-0.00024999617016874254,5.589753982349066e-06,0.0,0.0,0.0,collision
44,4.056970596313477,-4.612903118133545,-0.00024466897593811154,0.03233761340379715,0.03233718499541283,1.0,-3.0,collision
45,4.057123184204102,-4.611857891082764,-0.00024497343110851943,0.033009566366672516,0.033009566366672516,1.0,0.0,collision
46,4.057275295257568,-4.610813140869141,-0.0002455122594255954,0.03299267590045929,0.03299267217516899,1.0,0.0,collision
47,4.057277679443359,-4.61079216003418,-0.0002508456236682832,0.000680593540892005,0.0006598707986995578,0.0,3.0,collision
48,4.057430267333984,-4.609767913818359,-0.00024564011255279183,0.032361336052417755,0.03236092999577522,1.0,-3.0,collision
49,4.057433605194092,-4.609746932983398,-0.00025064474903047085,0.0006820688140578568,0.0006638964405283332,0.0,-3.0,collision
50,4.05743408203125,-4.609746932983398,-0.00025036398437805474,1.7292362826992758e-05,1.4901160284352954e-05,0.0,-3.0,collision
51,4.057435035705566,-4.609746932983398,-0.0002498526591807604,3.381573696970008e-05,2.980232056870591e-05,0.0,-3.0,collision
52,4.057435035705566,-4.609746932983398,-0.00024943461176007986,1.306398098677164e-05,0.0,0.0,0.0,collision
53,4.057435035705566,-4.609746932983398,-0.0002491004706826061,1.0441907761560287e-05,0.0,0.0,3.0,collision
54,4.057589530944824,-4.608724117279053,-0.0002439318341203034,0.03232596442103386,0.032325565814971924,1.0,-3.0,collision
55,4.057749271392822,-4.607679843902588,-0.0002443781413603574,0.03301313519477844,0.033013131469488144,1.0,-3.0,collision
56,4.0577497482299805,-4.607679843902588,-0.0002500195987522602,0.00017692416440695524,1.4901160284352954e-05,0.0,0.0,collision
57,4.057750701904297,-4.607679843902588,-0.00024978118017315865,3.0719529604539275e-05,2.980232056870591e-05,0.0,-3.0,collision
58,4.057750701904297,-4.607679843902588,-0.00024938787100836635,1.229091049026465e-05,0.0,0.0,0.0,collision
59,4.057751178741455,-4.607679843902588,-0.00024905853206291795,1.8109847587766126e-05,1.4901160284352954e-05,0.0,0.0,collision
60,4.057915210723877,-4.606637001037598,-0.0002438123628962785,0.032989926636219025,0.032989516854286194,1.0,0.0,collision
61,4.058079242706299,-4.605593681335449,-0.0002443705452606082,0.033004239201545715,0.03300423547625542,1.0,-3.0,collision
62,4.058245658874512,-4.604550838470459,-0.0002450381580274552,0.03300118073821068,0.03300117701292038,1.0,0.0,collision
63,4.058411598205566,-4.603507995605469,-0.00024558385484851897,0.03299883380532265,0.03299883008003235,1.0,3.0,collision
64,4.058413982391357,-4.603487014770508,-0.00025089801056310534,0.0006804467993788421,0.0006598707986995578,0.0,3.0,collision
65,4.058413982391357,-4.603487014770508,-0.0002505746961105615,1.0103575732500758e-05,0.0,0.0,0.0,collision
66,4.058572769165039,-4.60246467590332,-0.00024513184325769544,0.03233158960938454,0.03233114257454872,1.0,-3.0,collision
67,4.058736801147461,-4.601421356201172,-0.00024534360272809863,0.03300423547625542,0.03300423547625542,1.0,0.0,collision
68,4.058740139007568,-4.601400375366211,-0.0002506852033548057,0.0006845600437372923,0.0006638964405283332,0.0,-3.0,collision
69,4.058740139007568,-4.601400375366211,-0.0002504147414583713,8.451934263575822e-06,0.0,0.0,0.0,collision
70,4.05890417098999,-4.600378513336182,-0.0002450044557917863,0.03234243020415306,0.03234199061989784,1.0,-3.0,collision
71,4.059072971343994,-4.59933614730835,-0.0002452468906994909,0.03299829363822937,0.03299828991293907,1.0,3.0,collision
72,4.059238910675049,-4.598293304443359,-0.0002457303926348686,0.03299883380532265,0.03299883008003235,1.0,3.0,collision
73,4.0594024658203125,-4.597249984741211,-0.0002461314434185624,0.03300192579627037,0.03300192579627037,1.0,3.0,collision
74,4.059563636779785,-4.5962066650390625,-0.0002464530698489398,0.0329904705286026,0.0329904705286026,1.0,3.0,collision
75,4.059722900390625,-4.595162391662598,-0.00024670499260537326,0.03301088511943817,0.03301088511943817,1.0,0.0,collision
76,4.059882164001465,-4.594118595123291,-0.0002469174505677074,0.032996151596307755,0.032996151596307755,1.0,3.0,collision
77,4.059884548187256,-4.59409761428833,-0.00025195276248268783,0.0006783727440051734,0.0006598707986995578,0.0,-3.0,collision
78,4.059884071350098,-4.59409761428833,-0.0002514288353268057,2.213844345533289e-05,1.4901160284352954e-05,0.0,0.0,collision
79,4.060043811798096,-4.593053817749023,-0.00024572451366111636,0.032998885959386826,0.032998405396938324,1.0,0.0,collision
80,4.0602030754089355,-4.592010021209717,-0.00024591071996837854,0.032996151596307755,0.032996151596307755,1.0,3.0,collision
81,4.060360431671143,-4.590965747833252,-0.00024626016966067255,0.03300195187330246,0.03300194814801216,1.0,0.0,collision
82,4.06051778793335,-4.589921474456787,-0.0002465556317474693,0.03300195187330246,0.03300194814801216,1.0,0.0,collision
83,4.06051778793335,-4.589920997619629,-0.0002517711545806378,0.0001636648376006633,1.4901160284352954e-05,0.0,0.0,collision
84,4.060672760009766,-4.588898181915283,-0.00024629736435599625,0.03232824429869652,0.032327789813280106,1.0,-3.0,collision
85,4.06083345413208,-4.587854385375977,-0.0002462811826262623,0.03300292417407036,0.03300292417407036,1.0,-3.0,collision
86,4.0608367919921875,-4.587833404541016,-0.0002514392836019397,0.0006831843638792634,0.0006638964405283332,0.0,-3.0,collision
87,4.061001777648926,-4.586791038513184,-0.00024603711790405214,0.032979875802993774,0.03297944366931915,1.0,0.0,collision
88,4.061166763305664,-4.585747718811035,-0.0002461701806169003,0.0330088771879673,0.0330088771879673,1.0,0.0,collision
89,4.0613322257995605,-4.584704875946045,-0.000246469076955691,0.03299649432301521,0.032996490597724915,1.0,-3.0,collision
90,4.06149959564209,-4.583662033081055,-0.00024673223379068077,0.033005889505147934,0.033005885779857635,1.0,3.0,collision
91,4.061502933502197,-4.583641529083252,-0.00025180517695844173,0.0006682605599053204,0.0006491845706477761,0.0,-3.0,collision
92,4.061670303344727,-4.582598686218262,-0.00024633019347675145,0.03300632908940315,0.033005885779857635,1.0,0.0,collision
93,4.061672687530518,-4.582578182220459,-0.00025129265850409865,0.000663445913232863,0.0006450670771300793,0.0,3.0,collision
94,4.061673164367676,-4.582578182220459,-0.0002508752222638577,1.9804381736321375e-05,1.4901160284352954e-05,0.0,-3.0,collision
95,4.061840534210205,-4.581535816192627,-0.00024528472567908466,0.03299163654446602,0.03299117460846901,1.0,0.0,collision
96,4.061842918395996,-4.581514835357666,-0.000250442186370492,0.0006792682688683271,0.0006598707986995578,0.0,3.0,collision
97,4.062005043029785,-4.5804924964904785,-0.0002453091728966683,0.03234771266579628,0.032347314059734344,1.0,-3.0,collision
98,4.062008857727051,-4.580471992492676,-0.0002503764699213207,0.0006707063294015825,0.0006517447764053941,0.0,-3.0,collision
99,4.062175273895264,-4.579450607299805,-0.00024527517962269485,0.03233956918120384,0.032339174300432205,1.0,3.0,collision
100,4.062177658081055,-4.579429626464844,-0.0002503501018509269,0.000678660930134356,0.0006598707986995578,0.0,3.0,collision
101,4.062339782714844,-4.578407287597656,-0.0002452318149153143,0.03234770894050598,0.032347314059734344,1.0,-3.0,collision
102,4.062343120574951,-4.578386306762695,-0.00025031439145095646,0.0006826313911005855,0.0006638964405283332,0.0,-3.0,collision
103,4.062343597412109,-4.5783867835998535,-0.0002500994596630335,2.211791434092447e-05,2.1073423340567388e-05,0.0,-3.0,collision
104,4.062343597412109,-4.5783867835998535,-0.0002496512606739998,1.4006217497808393e-05,0.0,0.0,3.0,collision
105,4.062344074249268,-4.5783867835998535,-0.0002492591447662562,1.9292376236990094e-05,1.4901160284352954e-05,0.0,-3.0,collision
106,4.062515735626221,-4.57734489440918,-0.0002439768722979352,0.03299840912222862,0.03299799934029579,1.0,0.0,collision
107,4.06268835067749,-4.576303005218506,-0.00024450221098959446,0.033002857118844986,0.03300285339355469,1.0,-3.0,collision
108,4.062691688537598,-4.576282024383545,-0.00025002070469781756,0.0006859289132989943,0.0006638964405283332,0.0,-3.0,collision
109,4.062692165374756,-4.576282501220703,-0.0002498787362128496,2.1535362975555472e-05,2.1073423340567388e-05,0.0,-3.0,collision
110,4.062867641448975,-4.575262546539307,-0.0002445908321533352,0.032342273741960526,0.0323418527841568,1.0,3.0,collision
111,4.062870502471924,-4.575241565704346,-0.00024978918372653425,0.0006813673535361886,0.0006617189501412213,0.0,3.0,collision
112,4.062870025634766,-4.575241565704346,-0.0002496775705367327,1.5303923646570183e-05,1.4901160284352954e-05,0.0,3.0,collision
113,4.062870025634766,-4.575241565704346,-0.00024929834762588143,1.1850715054606553e-05,0.0,0.0,0.0,collision
114,4.063041687011719,-4.574199676513672,-0.0002440047392155975,0.03299840912222862,0.03299799934029579,1.0,0.0,collision
115,4.063212871551514,-4.573157787322998,-0.00024453451624140143,0.03299558162689209,0.03299557790160179,1.0,3.0,collision
116,4.063382148742676,-4.572115421295166,-0.0002451546024531126,0.033000677824020386,0.03300067409873009,1.0,-3.0,collision
117,4.063382148742676,-4.572114944458008,-0.0002506546152289957,0.0001725201291264966,1.4901160284352954e-05,0.0,0.0,collision
118,4.063382148742676,-4.572114944458008,-0.00025029442622326314,1.1255905519647058e-05,0.0,0.0,0.0,collision
119,4.063382625579834,-4.572114944458008,-0.0002497892128303647,2.1709513021050952e-05,1.4901160284352954e-05,0.0,-3.0,collision
120,4.063383102416992,-4.572114944458008,-0.00024937838315963745,1.9669005268951878e-05,1.4901160284352954e-05,0.0,-3.0,collision
121,4.0635552406311035,-4.571094989776611,-0.00024417511303909123,0.032324738800525665,0.03232433274388313,1.0,3.0,collision
122,4.0637288093566895,-4.5700531005859375,-0.00024456725805066526,0.03300774097442627,0.03300774097442627,1.0,0.0,collision
123,4.063902378082275,-4.569011211395264,-0.0002451869077049196,0.03300774469971657,0.03300774097442627,1.0,0.0,collision
124,4.063904762268066,-4.568990230560303,-0.00025058575556613505,0.0006810975028201938,0.0006598707986995578,0.0,3.0,collision
125,4.063905239105225,-4.568990230560303,-0.0002503203577362001,1.705373142613098e-05,1.4901160284352954e-05,0.0,-3.0,collision
126,4.063904762268066,-4.568990230560303,-0.0002498282992746681,2.1412412024801597e-05,1.4901160284352954e-05,0.0,3.0,collision
127,4.063904285430908,-4.568990230560303,-0.0002494105719961226,1.9810373487416655e-05,1.4901160284352954e-05,0.0,3.0,collision
128,4.064069747924805,-4.567968845367432,-0.0002441905962768942,0.03233480826020241,0.03233439475297928,1.0,3.0,collision
129,4.064072608947754,-4.567947864532471,-0.00024945667246356606,0.000681874982547015,0.0006617189501412213,0.0,-3.0,collision
130,4.064072132110596,-4.567947864532471,-0.00024942265008576214,1.4939041648176499e-05,1.4901160284352954e-05,0.0,3.0,collision
131,4.0640716552734375,-4.567947864532471,-0.00024910023785196245,1.7987715182243846e-05,1.4901160284352954e-05,0.0,3.0,collision
132,4.0640716552734375,-4.567947864532471,-0.00024882276193238795,8.671122486703098e-06,0.0,0.0,0.0,collision
133,4.0640716552734375,-4.567947864532471,-0.0002486005541868508,6.943991593288956e-06,0.0,0.0,-3.0,collision
134,4.0640716552734375,-4.567947864532471,-0.00024843221763148904,5.260516900307266e-06,0.0,0.0,0.0,collision
135,4.064071178436279,-4.567947864532471,-0.00024829895119182765,1.547217834740877e-05,1.4901160284352954e-05,0.0,3.0,collision
136,4.064233303070068,-4.566925525665283,-0.00024329048756044358,0.03234769031405449,0.032347314059734344,1.0,-3.0,collision
137,4.064400672912598,-4.565882682800293,-0.0002438650990370661,0.03300589323043823,0.033005885779857635,1.0,-3.0,collision
138,4.064570426940918,-4.564840793609619,-0.00024462526198476553,0.03298836946487427,0.03298836201429367,1.0,-3.0,collision
139,4.064742088317871,-4.563798427581787,-0.0002452576591167599,0.03301270678639412,0.03301269933581352,1.0,3.0,collision
140,4.0647454261779785,-4.563777923583984,-0.00025062658824026585,0.0006705150590278208,0.0006491845706477761,0.0,-3.0,collision
141,4.064914703369141,-4.5627570152282715,-0.00024547846987843513,0.032339371740818024,0.03233896940946579,1.0,-3.0,collision
142,4.065089225769043,-4.561715602874756,-0.00024563088663853705,0.03299795463681221,0.03299795463681221,1.0,-3.0,collision
143,4.06509256362915,-4.561694622039795,-0.0002509309852030128,0.0006842449656687677,0.0006638964405283332,0.0,3.0,collision
144,4.065093517303467,-4.561694622039795,-0.00025059617473743856,3.158558320137672e-05,2.980232056870591e-05,0.0,-3.0,collision
145,4.065269947052002,-4.5606536865234375,-0.0002450620522722602,0.0329936183989048,0.032993167638778687,1.0,0.0,collision
146,4.065445899963379,-4.55961275100708,-0.00024537573335692286,0.032990679144859314,0.032990679144859314,1.0,0.0,collision
147,4.065622806549072,-4.5585713386535645,-0.00024583307094872,0.03301035240292549,0.03301034867763519,1.0,-3.0,collision
148,4.065801620483398,-4.557530879974365,-0.00024621374905109406,0.032991014420986176,0.032991014420986176,1.0,-3.0,collision
149,4.065982341766357,-4.556490421295166,-0.0002465286524966359,0.03300115838646889,0.03300115838646889,1.0,3.0,collision
150,4.066160678863525,-4.555449485778809,-0.00024677070905454457,0.033003177493810654,0.033003177493810654,1.0,3.0,collision
151,4.0663371086120605,-4.554408073425293,-0.0002469541213940829,0.03300785645842552,0.03300785645842552,1.0,-3.0,collision
152,4.066515922546387,-4.553367614746094,-0.00024711035075597465,0.032991014420986176,0.032991014420986176,1.0,-3.0,collision
153,4.066697120666504,-4.5523271560668945,-0.000247235904680565,0.03300371393561363,0.03300371393561363,1.0,-3.0,collision
154,4.066879749298096,-4.5512871742248535,-0.0002473461499903351,0.03299673646688461,0.03299673646688461,1.0,3.0,collision
155,4.067060470581055,-4.550246715545654,-0.0002474244683980942,0.03300115838646889,0.03300115838646889,1.0,3.0,collision
156,4.067060470581055,-4.550246238708496,-0.00025245995493605733,0.00015806290321052074,1.4901160284352954e-05,0.0,0.0,collision
157,4.067234992980957,-4.5492262840271,-0.0002468595339450985,0.032337285578250885,0.03233681246638298,1.0,3.0,collision
158,4.067237377166748,-4.549205303192139,-0.0002516132371965796,0.0006763855926692486,0.0006598707986995578,0.0,3.0,collision
159,4.067407131195068,-4.548184394836426,-0.00024625324294902384,0.0323418490588665,0.03234141319990158,1.0,3.0,collision
160,4.067577838897705,-4.547142505645752,-0.000246243376750499,0.032993167638778687,0.032993167638778687,1.0,0.0,collision
161,4.067748069763184,-4.54610013961792,-0.00024652801221236587,0.03300546482205391,0.03300546482205391,1.0,0.0,collision
162,4.06791877746582,-4.545057773590088,-0.0002467698941472918,0.033007871359586716,0.033007871359586716,1.0,0.0,collision
163,4.06791877746582,-4.545057773590088,-0.0002519424306228757,0.0001616417575860396,0.0,0.0,0.0,collision
164,4.067918300628662,-4.545057773590088,-0.00025132420705631375,2.4398505047429353e-05,1.4901160284352954e-05,0.0,0.0,collision
165,4.068085670471191,-4.544036388397217,-0.00024573892005719244,0.03234444931149483,0.03234397992491722,1.0,3.0,collision
166,4.068088054656982,-4.544015407562256,-0.0002507065364625305,0.0006778851384297013,0.0006598707986995578,0.0,3.0,collision
167,4.068088054656982,-4.544015407562256,-0.00025040117907337844,9.542418411001563e-06,0.0,0.0,-3.0,collision
168,4.068088054656982,-4.544015407562256,-0.00024988141376525164,1.6242665878962725e-05,0.0,0.0,-3.0,collision
169,4.068088531494141,-4.544015407562256,-0.0002494522777851671,2.0047096768394113e-05,1.4901160284352954e-05,0.0,-3.0,collision
170,4.068260669708252,-4.54297399520874,-0.0002441317483317107,0.03298613801598549,0.03298572078347206,1.0,0.0,collision
171,4.068263530731201,-4.542953014373779,-0.000249519944190979,0.0006828060722909868,0.0006617189501412213,0.0,3.0,collision
172,4.068263053894043,-4.542953014373779,-0.0002494665968697518,1.4994126104284078e-05,1.4901160284352954e-05,0.0,3.0,collision
173,4.068263053894043,-4.542953014373779,-0.00024912497610785067,1.067564789991593e-05,0.0,0.0,-3.0,collision
174,4.068263053894043,-4.542953014373779,-0.0002488521859049797,8.524693839717656e-06,0.0,0.0,0.0,collision
175,4.0684332847595215,-4.5419111251831055,-0.00024364747514482588,0.032991159707307816,0.03299075737595558,1.0,0.0,collision
176,4.0684332847595215,-4.541910648345947,-0.0002492232306394726,0.00017487835430074483,1.4901160284352954e-05,0.0,0.0,collision
177,4.0684332847595215,-4.541910648345947,-0.0002491381310392171,2.6593622806103667e-06,0.0,0.0,0.0,collision
178,4.068603515625,-4.540868759155273,-0.00024388682504650205,0.03299117088317871,0.03299075737595558,1.0,0.0,collision
179,4.068603515625,-4.540868282318115,-0.00024941505398601294,0.00017339859914500266,1.4901160284352954e-05,0.0,0.0,collision
180,4.068769931793213,-4.539846897125244,-0.00024441228015348315,0.03233955428004265,0.032339174300432205,1.0,3.0,collision
181,4.068772315979004,-4.539825916290283,-0.00024965620832517743,0.0006799144903197885,0.0006598707986995578,0.0,3.0,collision
182,4.068772315979004,-4.539825916290283,-0.0002495617372915149,2.9522195745812496e-06,0.0,0.0,-3.0,collision
183,4.068939685821533,-4.538783550262451,-0.00024423355353064835,0.032991595566272736,0.03299117460846901,1.0,0.0,collision
184,4.0691070556640625,-4.537740707397461,-0.0002447131264489144,0.033005889505147934,0.033005885779857635,1.0,0.0,collision
185,4.0691070556640625,-4.537740707397461,-0.00025028709205798805,0.000174186410731636,0.0,0.0,0.0,collision
186,4.069272041320801,-4.536718845367432,-0.00024510949151590466,0.03234713152050972,0.03234672546386719,1.0,-3.0,collision
187,4.069441795349121,-4.535676956176758,-0.0002453363558743149,0.03298836201429367,0.03298836201429367,1.0,0.0,collision
188,4.06944465637207,-4.535655975341797,-0.0002506911114323884,0.0006825490854680538,0.0006617189501412213,0.0,3.0,collision
189,4.069609642028809,-4.534634113311768,-0.00024551889509893954,0.03234713152050972,0.03234672546386719,1.0,-3.0,collision
190,4.069612503051758,-4.534613609313965,-0.0002505560696590692,0.0006658321944996715,0.0006469575455412269,0.0,3.0,collision
191,4.069612503051758,-4.534613609313965,-0.0002502917777746916,8.259121386799961e-06,0.0,0.0,3.0,collision
192,4.069774627685547,-4.533591270446777,-0.0002449101011734456,0.03234775364398956,0.032347314059734344,1.0,3.0,collision
193,4.069777965545654,-4.533570766448975,-0.0002500326372683048,0.0006686299457214773,0.0006491845706477761,0.0,-3.0,collision
194,4.069777488708496,-4.533570289611816,-0.00024988321820273995,2.1584530259133317e-05,2.1073423340567388e-05,0.0,3.0,collision
195,4.069940567016602,-4.532527446746826,-0.0002444816054776311,0.03298532962799072,0.0329849012196064,1.0,0.0,collision
196,4.070103645324707,-4.531484127044678,-0.000244906113948673,0.03299962356686592,0.03299961984157562,1.0,-3.0,collision
197,4.070268630981445,-4.530440807342529,-0.0002454716886859387,0.0330088809132576,0.0330088771879673,1.0,3.0,collision
198,4.070431709289551,-4.529397487640381,-0.0002459200331941247,0.03299962356686592,0.03299961984157562,1.0,0.0,collision
199,4.070435047149658,-4.52937650680542,-0.0002511608472559601,0.0006837989203631878,0.0006638964405283332,0.0,-3.0,collision
200,4.0705976486206055,-4.528354644775391,-0.0002459059178363532,0.03233535215258598,0.032334934920072556,1.0,-3.0,collision
201,4.070601463317871,-4.528334140777588,-0.0002508544421289116,0.0006698396755382419,0.0006517447764053941,0.0,-3.0,collision
202,4.070600986480713,-4.528334140777588,-0.00025054163415916264,1.7821335859480314e-05,1.4901160284352954e-05,0.0,3.0,collision
203,4.070601463317871,-4.528334140777588,-0.00024998991284519434,2.278829924762249e-05,1.4901160284352954e-05,0.0,0.0,collision
204,4.070765972137451,-4.527312278747559,-0.0002446603321004659,0.03234478458762169,0.032344356179237366,1.0,3.0,collision
205,4.070769309997559,-4.527291297912598,-0.0002498325484339148,0.0006832886137999594,0.0006638964405283332,0.0,-3.0,collision
206,4.070937156677246,-4.526248931884766,-0.0002447363222017884,0.032993923872709274,0.032993536442518234,1.0,0.0,collision
207,4.070937156677246,-4.526248931884766,-0.0002501084527466446,0.00016787907225079834,0.0,0.0,0.0,collision
208,4.071105480194092,-4.525206565856934,-0.0002448654267936945,0.03299631550908089,0.032995909452438354,1.0,0.0,collision
209,4.071105480194092,-4.525206089019775,-0.00025020758039318025,0.00016760600556153804,1.4901160284352954e-05,0.0,0.0,collision
210,4.071105003356934,-4.525206089019775,-0.0002499311522115022,1.7224001567228697e-05,1.4901160284352954e-05,0.0,3.0,collision
211,4.071268558502197,-4.524184226989746,-0.0002446071885060519,0.03234005719423294,0.032339632511138916,1.0,-3.0,collision
212,4.071271896362305,-4.524163722991943,-0.00024980094167403877,0.000669166212901473,0.0006491845706477761,0.0,-3.0,collision
213,4.071272373199463,-4.524163722991943,-0.000249688106123358,1.5312676623580046e-05,1.4901160284352954e-05,0.0,-3.0,collision
214,4.071442127227783,-4.5231428146362305,-0.0002444376004859805,0.03234182670712471,0.03234141319990158,1.0,3.0,collision
215,4.071442127227783,-4.523142337799072,-0.00024975737323984504,0.00016690937627572566,1.4901160284352954e-05,0.0,0.0,collision
216,4.071609020233154,-4.522120952606201,-0.00024468181072734296,0.03234196454286575,0.03234157711267471,1.0,3.0,collision
217,4.07177734375,-4.521078586578369,-0.0002449778257869184,0.03299591317772865,0.032995909452438354,1.0,-3.0,collision
218,4.0719475746154785,-4.520036220550537,-0.00024552526883780956,0.03300546854734421,0.03300546482205391,1.0,3.0,collision
219,4.07194709777832,-4.520036220550537,-0.0002509415498934686,0.00016991344455163926,1.4901160284352954e-05,0.0,0.0,collision
220,4.07194709777832,-4.520036220550537,-0.00025052347336895764,1.3064890481473412e-05,0.0,0.0,0.0,collision
221,4.072112560272217,-4.519014358520508,-0.00024508696515113115,0.03234954923391342,0.032349105924367905,1.0,-3.0,collision
222,4.0722832679748535,-4.517972469329834,-0.00024530247901566327,0.032993167638778687,0.032993167638778687,1.0,-3.0,collision
223,4.072283744812012,-4.517971992492676,-0.00025075842859223485,0.00017179580754600465,2.1073423340567388e-05,0.0,0.0,collision
224,4.072453498840332,-4.516951560974121,-0.0002454976493027061,0.032327134162187576,0.03232671320438385,1.0,3.0,collision
225,4.0724568367004395,-4.51693058013916,-0.00025051322882063687,0.0006821473361924291,0.0006638964405283332,0.0,-3.0,collision
226,4.072457313537598,-4.51693058013916,-0.00025025763898156583,1.6906793462112546e-05,1.4901160284352954e-05,0.0,-3.0,collision
227,4.072629451751709,-4.5159101486206055,-0.00024488192866556346,0.03233945742249489,0.03233902528882027,1.0,-3.0,collision
228,4.072807788848877,-4.514869213104248,-0.0002451390027999878,0.033003177493810654,0.033003177493810654,1.0,-3.0,collision
229,4.072810649871826,-4.514848709106445,-0.00025053712306544185,0.0006685886182822287,0.0006469575455412269,0.0,3.0,collision
230,4.0729851722717285,-4.513828277587891,-0.0002454063214827329,0.03235189989209175,0.032351501286029816,1.0,3.0,collision
231,4.073159694671631,-4.512786865234375,-0.0002455667417962104,0.03299795463681221,0.03299795463681221,1.0,0.0,collision
232,4.0731635093688965,-4.512766361236572,-0.0002508638135623187,0.0006724378326907754,0.0006517447764053941,0.0,-3.0,collision
233,4.073337078094482,-4.511745929718018,-0.0002456788788549602,0.03234689310193062,0.032346490770578384,1.0,3.0,collision
234,4.073511600494385,-4.510704517364502,-0.00024579052114859223,0.03299795463681221,0.03299795463681221,1.0,3.0,collision
235,4.073684215545654,-4.509662628173828,-0.0002461553376633674,0.03300285339355469,0.03300285339355469,1.0,-3.0,collision
236,4.073859214782715,-4.5086212158203125,-0.00024647059035487473,0.03300042077898979,0.03300042077898979,1.0,-3.0,collision
237,4.073859214782715,-4.508620738983154,-0.00025170756271108985,0.00016433236305601895,1.4901160284352954e-05,0.0,0.0,collision
238,4.073859691619873,-4.5086212158203125,-0.00025113177252933383,2.771016261249315e-05,2.1073423340567388e-05,0.0,-3.0,collision
239,4.07403564453125,-4.507601261138916,-0.00024558912264183164,0.032344844192266464,0.032344382256269455,1.0,3.0,collision
240,4.074212551116943,-4.506560325622559,-0.0002456936927046627,0.03299565985798836,0.03299565985798836,1.0,-3.0,collision
241,4.074215412139893,-4.506539344787598,-0.00025098019978031516,0.0006820293492637575,0.0006617189501412213,0.0,3.0,collision
242,4.07438850402832,-4.505518913269043,-0.00024576103896833956,0.032344404608011246,0.032343994826078415,1.0,3.0,collision
243,4.0745625495910645,-4.504477500915527,-0.00024585044593550265,0.032995495945215225,0.032995495945215225,1.0,0.0,collision
244,4.0745649337768555,-4.504456520080566,-0.0002511019993107766,0.000679971999488771,0.0006598707986995578,0.0,3.0,collision
245,4.074564456939697,-4.504456520080566,-0.000250742508796975,1.8661434296518564e-05,1.4901160284352954e-05,0.0,3.0,collision
246,4.074733734130859,-4.503414154052734,-0.0002451693871989846,0.0330011323094368,0.03300067409873009,1.0,0.0,collision
247,4.074736595153809,-4.503393173217773,-0.0002503496070858091,0.0006812324863858521,0.0006617189501412213,0.0,3.0,collision
248,4.074736595153809,-4.503393173217773,-0.00025012026890181005,7.166817795223324e-06,0.0,0.0,-3.0,collision
249,4.074737071990967,-4.503393173217773,-0.0002496571687515825,2.0772095012944192e-05,1.4901160284352954e-05,0.0,-3.0,collision
250,4.074905872344971,-4.5023722648620605,-0.0002443874254822731,0.03233695402741432,0.032336536794900894,1.0,-3.0,collision
251,4.075079917907715,-4.501330852508545,-0.00024474781821481884,0.032995495945215225,0.032995495945215225,1.0,0.0,collision
252,4.075254440307617,-4.500289440155029,-0.00024532698444090784,0.03299795836210251,0.03299795463681221,1.0,-3.0,collision
253,4.075430870056152,-4.499248027801514,-0.0002458136295899749,0.03300786018371582,0.03300785645842552,1.0,0.0,collision
254,4.075434684753418,-4.499227046966553,-0.0002510765043552965,0.0006863948074169457,0.0006664001266472042,0.0,-3.0,collision
255,4.075434684753418,-4.499227046966553,-0.0002507284516468644,1.0876646229007747e-05,0.0,0.0,0.0,collision
256,4.0756096839904785,-4.4982075691223145,-0.000245266332058236,0.03232509270310402,0.032324645668268204,1.0,3.0,collision
257,4.075786113739014,-4.497166156768799,-0.0002454404311720282,0.03300785645842552,0.03300785645842552,1.0,0.0,collision
258,4.075962066650391,-4.496124744415283,-0.000245885195909068,0.033005375415086746,0.03300537168979645,1.0,0.0,collision
259,4.075964450836182,-4.496103763580322,-0.00025114387972280383,0.000680025783367455,0.0006598707986995578,0.0,3.0,collision
260,4.07596492767334,-4.496103763580322,-0.000250766723183915,1.899888775369618e-05,1.4901160284352954e-05,0.0,-3.0,collision
261,4.076137065887451,-4.495083808898926,-0.0002453009656164795,0.03232478350400925,0.03232433274388313,1.0,3.0,collision
262,4.076310634613037,-4.494041919708252,-0.00024546339409425855,0.03300774097442627,0.03300774097442627,1.0,-3.0,collision
263,4.076313495635986,-4.494020938873291,-0.0002507961180526763,0.0006823806324973702,0.0006617189501412213,0.0,3.0,collision
264,4.0763139724731445,-4.494020938873291,-0.0002504880540072918,1.7740454495651647e-05,1.4901160284352954e-05,0.0,-3.0,collision
265,4.076313495635986,-4.494020938873291,-0.00024996232241392136,2.2180178348207846e-05,1.4901160284352954e-05,0.0,3.0,collision
266,4.076313495635986,-4.494020938873291,-0.0002495126682333648,1.405169223289704e-05,0.0,0.0,0.0,collision
267,4.076483249664307,-4.493000030517578,-0.0002442778495606035,0.03234182670712471,0.03234141319990158,1.0,3.0,collision
268,4.076482772827148,-4.493000030517578,-0.0002496287052053958,0.00016787687491159886,1.4901160284352954e-05,0.0,0.0,collision
269,4.07648229598999,-4.49299955368042,-0.0002494633663445711,2.169758954551071e-05,2.1073423340567388e-05,0.0,3.0,collision
270,4.0766472816467285,-4.491978168487549,-0.00024424371076747775,0.03233242779970169,0.03233201429247856,1.0,3.0,collision
271,4.0766496658325195,-4.491957187652588,-0.00024951103841885924,0.0006800910923629999,0.0006598707986995578,0.0,3.0,collision
272,4.076810359954834,-4.4909348487854,-0.0002445596328470856,0.03234071284532547,0.03234034404158592,1.0,-3.0,collision
273,4.076813697814941,-4.4909138679504395,-0.00024977693101391196,0.0006836232496425509,0.0006638964405283332,0.0,-3.0,collision
274,4.0768141746521,-4.4909138679504395,-0.0002496694796718657,1.527480890217703e-05,1.4901160284352954e-05,0.0,-3.0,collision
275,4.0768141746521,-4.490914344787598,-0.0002492970379535109,1.8907838239101693e-05,1.4901160284352954e-05,0.0,-3.0,collision
276,4.076987266540527,-4.489872455596924,-0.0002440083189867437,0.03300570696592331,0.03300529345870018,1.0,0.0,collision
277,4.076989650726318,-4.489851474761963,-0.00024942122399806976,0.0006812065257690847,0.0006598707986995578,0.0,3.0,collision
278,4.077157020568848,-4.488830089569092,-0.0002445031132083386,0.03234434872865677,0.03234397992491722,1.0,3.0,collision
279,4.077159404754639,-4.488809108734131,-0.00024973266408778727,0.0006798063404858112,0.0006598707986995578,0.0,3.0,collision
280,4.0773210525512695,-4.487787246704102,-0.0002447488659527153,0.03233063966035843,0.032330263406038284,1.0,3.0,collision
281,4.0773234367370605,-4.487766265869141,-0.0002499290567357093,0.000679437187500298,0.0006598707986995578,0.0,3.0,collision
282,4.077483654022217,-4.486722469329834,-0.0002448037266731262,0.03300105035305023,0.03300065919756889,1.0,0.0,collision
283,4.077486515045166,-4.486701488494873,-0.0002500597038306296,0.000681798905134201,0.0006617189501412213,0.0,-3.0,collision
284,4.077645778656006,-4.4856791496276855,-0.00024502581800334156,0.03233381360769272,0.03233342990279198,1.0,3.0,collision
285,4.077645778656006,-4.485678672790527,-0.0002502418356016278,0.00016368023352697492,1.4901160284352954e-05,0.0,0.0,collision
286,4.077645301818848,-4.485678672790527,-0.00024994919658638537,1.748356589814648e-05,1.4901160284352954e-05,0.0,0.0,collision
287,4.077805519104004,-4.484634876251221,-0.0002445355639792979,0.033001095056533813,0.03300065919756889,1.0,0.0,collision
288,4.07796573638916,-4.483591079711914,-0.00024495425168424845,0.03300066292285919,0.03300065919756889,1.0,0.0,collision
289,4.077969074249268,-4.483570575714111,-0.0002503776631783694,0.0006709430599585176,0.0006491845706477761,0.0,-3.0,collision
290,4.078128337860107,-4.482547760009766,-0.000245290226303041,0.032348547130823135,0.0323481522500515,1.0,3.0,collision
291,4.078131198883057,-4.482527256011963,-0.0002503516152501106,0.0006660114740952849,0.0006469575455412269,0.0,-3.0,collision
292,4.078131198883057,-4.482527256011963,-0.0002501283888705075,6.975823907851009e-06,0.0,0.0,-3.0,collision
293,4.078131198883057,-4.482527256011963,-0.0002496690140105784,1.4355463463289198e-05,0.0,0.0,0.0,collision
294,4.078296184539795,-4.481484413146973,-0.0002443017438054085,0.0329945869743824,0.03299415856599808,1.0,0.0,collision
295,4.078298568725586,-4.481463432312012,-0.0002496556262485683,0.0006807508179917932,0.0006598707986995578,0.0,3.0,collision
296,4.078457832336426,-4.480440616607666,-0.00024469077470712364,0.03234852850437164,0.0323481522500515,1.0,3.0,collision
297,4.078617572784424,-4.479396820068359,-0.000244999275309965,0.032998405396938324,0.032998405396938324,1.0,3.0,collision
298,4.078775405883789,-4.4783525466918945,-0.000245527655351907,0.03300417587161064,0.03300417587161064,1.0,0.0,collision
299,4.078774929046631,-4.478352069854736,-0.0002509484766051173,0.0001707063929643482,2.1073423340567388e-05,0.0,0.0,collision
300,4.078932762145996,-4.47730827331543,-0.00024554808624088764,0.03298987075686455,0.032989442348480225,1.0,0.0,collision
301,4.078934669494629,-4.477287292480469,-0.0002506632299628109,0.000677482457831502,0.0006583547801710665,0.0,3.0,collision
302,4.079087734222412,-4.476263999938965,-0.00024548653163947165,0.03233405947685242,0.03233365714550018,1.0,-3.0,collision
303,4.0792460441589355,-4.4752197265625,-0.0002456411602906883,0.03300640359520912,0.03300640359520912,1.0,0.0,collision
304,4.079403877258301,-4.474175453186035,-0.00024604692589491606,0.03300417587161064,0.03300417587161064,1.0,0.0,collision
305,4.079404354095459,-4.474175453186035,-0.00025136381736956537,0.00016681970737408847,1.4901160284352954e-05,0.0,0.0,collision
306,4.079404354095459,-4.474175453186035,-0.0002508613979443908,1.570060703670606e-05,0.0,0.0,0.0,collision
307,4.079404354095459,-4.474175453186035,-0.0002502475690562278,1.9182150936103426e-05,0.0,0.0,0.0,collision
308,4.079403877258301,-4.474175453186035,-0.000249750999500975,2.1513869796763174e-05,1.4901160284352954e-05,0.0,3.0,collision
309,4.079559803009033,-4.47313117980957,-0.0002443608536850661,0.03299574926495552,0.0329953171312809,1.0,0.0,collision
310,4.079562664031982,-4.473110198974609,-0.0002496911329217255,0.0006823620060458779,0.0006617189501412213,0.0,-3.0,collision
311,4.079718589782715,-4.472087383270264,-0.00024471868528053164,0.032332643866539,0.032332271337509155,1.0,-3.0,collision
312,4.079879283905029,-4.471043586730957,-0.00024503268650732934,0.03300292789936066,0.03300292417407036,1.0,3.0,collision
313,4.080038070678711,-4.469999313354492,-0.00024555480922572315,0.0330086424946785,0.0330086387693882,1.0,0.0,collision
314,4.080196380615234,-4.4689555168151855,-0.00024599142489023507,0.032991673797369,0.032991670072078705,1.0,0.0,collision
315,4.080355167388916,-4.467911243438721,-0.000246336538111791,0.0330086424946785,0.0330086387693882,1.0,-3.0,collision
316,4.080516815185547,-4.466867923736572,-0.00024661674979142845,0.03299274668097496,0.03299274668097496,1.0,-3.0,collision
317,4.0806803703308105,-4.465824604034424,-0.0002468411985319108,0.03300192579627037,0.03300192579627037,1.0,-3.0,collision
318,4.08068323135376,-4.465803623199463,-0.00025191306485794485,0.0006804357399232686,0.0006617189501412213,0.0,3.0,collision
319,4.080683708190918,-4.465803623199463,-0.00025138683849945664,2.2191632524481975e-05,1.4901160284352954e-05,0.0,0.0,collision
320,4.080683708190918,-4.465804100036621,-0.0002506765886209905,2.6733430786407553e-05,1.4901160284352954e-05,0.0,3.0,collision
321,4.080684185028076,-4.465804100036621,-0.00025008359807543457,2.3778999093337916e-05,1.4901160284352954e-05,0.0,0.0,collision
322,4.080841541290283,-4.464781284332275,-0.0002447345177643001,0.032339468598365784,0.03233903646469116,1.0,3.0,collision
323,4.080843925476074,-4.4647603034973145,-0.00024990280508063734,0.0006793486536480486,0.0006598707986995578,0.0,3.0,collision
324,4.080844402313232,-4.4647603034973145,-0.0002497584791854024,1.5568761227768846e-05,1.4901160284352954e-05,0.0,-3.0,collision
325,4.080843925476074,-4.4647603034973145,-0.0002493780921213329,1.9061679267906584e-05,1.4901160284352954e-05,0.0,3.0,collision
326,4.080844402313232,-4.4647603034973145,-0.00024904057499952614,1.825629806262441e-05,1.4901160284352954e-05,0.0,-3.0,collision
327,4.080844402313232,-4.4647603034973145,-0.0002487788733560592,8.17817635834217e-06,0.0,0.0,-3.0,collision
328,4.080844402313232,-4.4647603034973145,-0.0002485804143361747,6.201843916642247e-06,0.0,0.0,3.0,collision
329,4.0810017585754395,-4.463716506958008,-0.00024342452525161207,0.03298760950565338,0.032987214624881744,1.0,0.0,collision
330,4.081159591674805,-4.462672233581543,-0.00024407022283412516,0.03300417959690094,0.03300417587161064,1.0,3.0,collision
331,4.0811591148376465,-4.462671756744385,-0.0002497676759958267,0.00017928818124346435,2.1073423340567388e-05,0.0,0.0,collision
332,4.081158638000488,-4.462671756744385,-0.0002495894441381097,1.5908068235148676e-05,1.4901160284352954e-05,0.0,3.0,collision
333,4.081309795379639,-4.461647987365723,-0.00024433431099168956,0.032340046018362045,0.032339632511138916,1.0,-3.0,collision
334,4.081465721130371,-4.4606032371521,-0.00024470535572618246,0.03301005810499191,0.03301005810499191,1.0,0.0,collision
335,4.081621170043945,-4.459558963775635,-0.00024530297378078103,0.0329931266605854,0.032993119210004807,1.0,3.0,collision
336,4.081623077392578,-4.459537982940674,-0.00025067286333069205,0.0006794047658331692,0.0006583547801710665,0.0,3.0,collision
337,4.081623077392578,-4.459537982940674,-0.00025039465981535614,8.693859854247421e-06,0.0,0.0,0.0,collision
338,4.0817742347717285,-4.458492755889893,-0.00024489659699611366,0.033003587275743484,0.03300313651561737,1.0,0.0,collision
339,4.081776142120361,-4.458471775054932,-0.0002501317940186709,0.0006783774588257074,0.0006583547801710665,0.0,3.0,collision
340,4.0817766189575195,-4.45847225189209,-0.00024994605337269604,2.1858182662981562e-05,2.1073423340567388e-05,0.0,-3.0,collision
341,4.081927299499512,-4.457427024841309,-0.0002445412683300674,0.03300143778324127,0.03300100564956665,1.0,0.0,collision
342,4.081929683685303,-4.457406044006348,-0.0002498478861525655,0.0006803892902098596,0.0006598707986995578,0.0,3.0,collision
343,4.082080841064453,-4.456381797790527,-0.00024483053130097687,0.03235475346446037,0.03235437348484993,1.0,-3.0,collision
344,4.082082748413086,-4.456360816955566,-0.0002500085101928562,0.0006779484101571143,0.0006583547801710665,0.0,3.0,collision
345,4.082082748413086,-4.456360816955566,-0.00024985396885313094,4.829416411666898e-06,0.0,0.0,3.0,collision
346,4.082082748413086,-4.456360816955566,-0.0002494394429959357,1.2953932127857115e-05,0.0,0.0,0.0,collision
347,4.082226753234863,-4.455336093902588,-0.00024420893169008195,0.03233766555786133,0.0323372520506382,1.0,-3.0,collision
348,4.082224369049072,-4.455315113067627,-0.0002494968648534268,0.0006802472635172307,0.0006598707986995578,0.0,3.0,collision
349,4.082371234893799,-4.454290390014648,-0.000244544557062909,0.03235018625855446,0.03234981372952461,1.0,-3.0,collision
350,4.082368850708008,-4.4542694091796875,-0.00024978083092719316,0.0006798568647354841,0.0006598707986995578,0.0,3.0,collision
351,4.082369327545166,-4.4542694091796875,-0.00024965943885035813,1.5376452211057767e-05,1.4901160284352954e-05,0.0,-3.0,collision
352,4.082369804382324,-4.4542694091796875,-0.0002492935163900256,1.8783117411658168e-05,1.4901160284352954e-05,0.0,0.0,collision
353,4.082369804382324,-4.4542694091796875,-0.0002489882754161954,9.538780432194471e-06,0.0,0.0,3.0,collision
354,4.082370281219482,-4.4542694091796875,-0.0002487279998604208,1.6976460756268352e-05,1.4901160284352954e-05,0.0,-3.0,collision
355,4.082370758056641,-4.4542694091796875,-0.00024852901697158813,1.6146541383932345e-05,1.4901160284352954e-05,0.0,-3.0,collision
356,4.082521438598633,-4.4532246589660645,-0.00024339307856280357,0.03298665210604668,0.03298625722527504,1.0,0.0,collision
357,4.082524299621582,-4.4532036781311035,-0.00024891807697713375,0.0006838728440925479,0.0006617189501412213,0.0,-3.0,collision
358,4.082675457000732,-4.452179908752441,-0.00024410031619481742,0.03233998268842697,0.032339632511138916,1.0,-3.0,collision
359,4.08267879486084,-4.4521589279174805,-0.00024941060109995306,0.000684322090819478,0.0006638964405283332,0.0,-3.0,collision
360,4.082837104797363,-4.451115131378174,-0.00024440011475235224,0.03299204260110855,0.032991670072078705,1.0,0.0,collision
361,4.082839488983154,-4.451094150543213,-0.00024974896223284304,0.0006807121681049466,0.0006598707986995578,0.0,3.0,collision
362,4.082992076873779,-4.450070381164551,-0.0002447660081088543,0.032346565276384354,0.03234619274735451,1.0,3.0,collision
363,4.083144664764404,-4.449025630950928,-0.0002450592874083668,0.032994821667671204,0.032994821667671204,1.0,3.0,collision
364,4.083295822143555,-4.4479804039001465,-0.0002455705835018307,0.03300314024090767,0.03300313651561737,1.0,-3.0,collision
365,4.08344841003418,-4.446935653686523,-0.00024601351469755173,0.0329948253929615,0.032994821667671204,1.0,3.0,collision
366,4.083451271057129,-4.4469146728515625,-0.00025123052182607353,0.0006815065862610936,0.0006617189501412213,0.0,-3.0,collision
367,4.083604335784912,-4.4458699226379395,-0.0002458703820593655,0.03299739956855774,0.032996974885463715,1.0,0.0,collision
368,4.083756923675537,-4.444825172424316,-0.00024604221107438207,0.032994821667671204,0.032994821667671204,1.0,3.0,collision
369,4.0839080810546875,-4.443779945373535,-0.0002463610435370356,0.03300313651561737,0.03300313651561737,1.0,-3.0,collision
370,4.0839104652404785,-4.443758964538574,-0.0002515285450499505,0.0006793428328819573,0.0006598707986995578,0.0,3.0,collision
371,4.0839104652404785,-4.443758964538574,-0.0002510794438421726,1.4034411833563354e-05,0.0,0.0,0.0,collision
372,4.084061145782471,-4.442713737487793,-0.0002454445057082921,0.03300147503614426,0.03300100564956665,1.0,0.0,collision
373,4.084063529968262,-4.442692756652832,-0.0002505697193555534,0.0006790299084968865,0.0006598707986995578,0.0,3.0,collision
374,4.084208965301514,-4.441668510437012,-0.00024542221217416227,0.03232915326952934,0.03232875093817711,1.0,3.0,collision
375,4.084211349487305,-4.441647529602051,-0.0002504559815861285,0.0006783615681342781,0.0006598707986995578,0.0,-3.0,collision
376,4.0842108726501465,-4.441647529602051,-0.0002502226270735264,1.658983455854468e-05,1.4901160284352954e-05,0.0,3.0,collision
377,4.084210395812988,-4.441647529602051,-0.0002497400273568928,2.1201141862547956e-05,1.4901160284352954e-05,0.0,3.0,collision
378,4.084351062774658,-4.440622329711914,-0.0002444549754727632,0.032338086515665054,0.03233766555786133,1.0,3.0,collision
379,4.0844926834106445,-4.439575672149658,-0.0002447855076752603,0.033006101846694946,0.03300609812140465,1.0,-3.0,collision
380,4.084494113922119,-4.439554691314697,-0.0002502545539755374,0.0006790332845412195,0.000657173281069845,0.0,3.0,collision
381,4.084635257720947,-4.4385085105896,-0.0002450781757943332,0.0329897366464138,0.03298933804035187,1.0,0.0,collision
382,4.084776878356934,-4.437461853027344,-0.0002453978231642395,0.033006101846694946,0.03300609812140465,1.0,-3.0,collision
383,4.084920406341553,-4.436415672302246,-0.00024586045765317976,0.03299938887357712,0.03299938514828682,1.0,0.0,collision
384,4.085063934326172,-4.435369491577148,-0.00024623647914268076,0.03299938514828682,0.03299938514828682,1.0,0.0,collision
385,4.085063934326172,-4.43536901473999,-0.000251516088610515,0.0001656593376537785,1.4901160284352954e-05,0.0,0.0,collision
386,4.085207462310791,-4.434322834014893,-0.00024600225151516497,0.032999832183122635,0.03299938514828682,1.0,0.0,collision
387,4.085209846496582,-4.434301853179932,-0.000251026067417115,0.0006782894488424063,0.0006598707986995578,0.0,3.0,collision
388,4.085209369659424,-4.434301853179932,-0.0002506716118659824,1.856713970482815e-05,1.4901160284352954e-05,0.0,3.0,collision
389,4.085209369659424,-4.434301853179932,-0.0002500935224816203,1.8065293261315674e-05,0.0,0.0,0.0,collision
390,4.085209369659424,-4.434301853179932,-0.0002496277738828212,1.4554642802977469e-05,0.0,0.0,3.0,collision
391,4.08534574508667,-4.433255195617676,-0.00024426227901130915,0.03298494964838028,0.032984521239995956,1.0,0.0,collision
392,4.085348129272461,-4.433234214782715,-0.0002496122906450182,0.0006807210738770664,0.0006598707986995578,0.0,-3.0,collision
393,4.085487365722656,-4.432187557220459,-0.0002445645513944328,0.03299657255411148,0.03299619257450104,1.0,0.0,collision
394,4.085626602172852,-4.431140899658203,-0.00024498708080500364,0.032996196299791336,0.03299619257450104,1.0,-3.0,collision
395,4.085626602172852,-4.431140422821045,-0.00025051095872186124,0.0001732631353661418,1.4901160284352954e-05,0.0,0.0,collision
396,4.085627555847168,-4.431140899658203,-0.0002501741982996464,3.494241536827758e-05,3.332000778755173e-05,0.0,-3.0,collision
397,4.085771083831787,-4.4300947189331055,-0.0002447205479256809,0.03299982473254204,0.03299938514828682,1.0,0.0,collision
398,4.08577299118042,-4.4300737380981445,-0.0002499909314792603,0.000678643467836082,0.0006583547801710665,0.0,3.0,collision
399,4.085914134979248,-4.429027557373047,-0.00024485678295604885,0.032989729195833206,0.03298933804035187,1.0,0.0,collision
400,4.086055278778076,-4.427980899810791,-0.00024522520834580064,0.03300410509109497,0.03300410509109497,1.0,0.0,collision
401,4.086057186126709,-4.42795991897583,-0.0002506063610780984,0.0006794918444938958,0.0006583547801710665,0.0,3.0,collision
402,4.086195468902588,-4.426913261413574,-0.00024536001728847623,0.032992683351039886,0.032992273569107056,1.0,0.0,collision
403,4.086195468902588,-4.426912784576416,-0.0002506072632968426,0.00016465209773741663,1.4901160284352954e-05,0.0,0.0,collision
404,4.086331367492676,-4.425887107849121,-0.00024536694400012493,0.03233293071389198,0.032332517206668854,1.0,3.0,collision
405,4.0864667892456055,-4.424839973449707,-0.000245536066358909,0.03299546241760254,0.03299546241760254,1.0,3.0,collision
406,4.08646821975708,-4.424818515777588,-0.00025084486696869135,0.0006922149332240224,0.0006720406818203628,0.0,3.0,collision
407,4.086467742919922,-4.424818515777588,-0.00025053686113096774,1.7739468603394926e-05,1.4901160284352954e-05,0.0,3.0,collision
408,4.086467742919922,-4.424818515777588,-0.0002499813854228705,1.735861587803811e-05,0.0,0.0,-3.0,collision
409,4.086598873138428,-4.423770904541016,-0.00024455535458400846,0.032993752509355545,0.032993316650390625,1.0,0.0,collision
410,4.086729526519775,-4.422723293304443,-0.00024497509002685547,0.032991472631692886,0.03299146890640259,1.0,3.0,collision
411,4.08685827255249,-4.421674728393555,-0.00024551196838729084,0.033013731241226196,0.0330137237906456,1.0,0.0,collision
412,4.086860179901123,-4.421653747558594,-0.00025083383661694825,0.0006790357292629778,0.0006583547801710665,0.0,-3.0,collision
413,4.086988925933838,-4.420627117156982,-0.00024565591593272984,0.032333895564079285,0.03233348950743675,1.0,3.0,collision
414,4.087117671966553,-4.419579029083252,-0.0002457669179420918,0.032998938113451004,0.032998938113451004,1.0,0.0,collision
415,4.0871195793151855,-4.419558048248291,-0.0002510235062800348,0.0006785389268770814,0.0006583547801710665,0.0,-3.0,collision
416,4.087248802185059,-4.41853141784668,-0.00024579514865763485,0.032335758209228516,0.032335348427295685,1.0,-3.0,collision
417,4.087246417999268,-4.418510437011719,-0.00025077981990762055,0.0006780074327252805,0.0006598707986995578,0.0,3.0,collision
418,4.087246894836426,-4.418510437011719,-0.0002504588628653437,1.7962283891392872e-05,1.4901160284352954e-05,0.0,-3.0,collision
419,4.087246894836426,-4.418510437011719,-0.00024993281112983823,1.6439116734545678e-05,0.0,0.0,0.0,collision
420,4.087246417999268,-4.418510437011719,-0.0002494997170288116,2.0130049961153418e-05,1.4901160284352954e-05,0.0,3.0,collision
421,4.087246417999268,-4.4185099601745605,-0.0002491417108103633,1.8633547369972803e-05,1.4901160284352954e-05,0.0,0.0,collision
422,4.087246894836426,-4.418510437011719,-0.00024885570746846497,2.2890388208907098e-05,2.1073423340567388e-05,0.0,-3.0,collision
423,4.087380886077881,-4.4174628257751465,-0.00024365422723349184,0.033004939556121826,0.03300453722476959,1.0,0.0,collision
424,4.0873823165893555,-4.4174418449401855,-0.00024913804372772574,0.0006791495834477246,0.000657173281069845,0.0,3.0,collision
425,4.0875139236450195,-4.416394233703613,-0.0002441744727548212,0.03299553319811821,0.03299517184495926,1.0,0.0,collision
426,4.0875139236450195,-4.416393756866455,-0.0002496590605005622,0.00017203990137204528,1.4901160284352954e-05,0.0,0.0,collision
427,4.0875139236450195,-4.416393756866455,-0.0002494874643161893,5.362380306905834e-06,0.0,0.0,0.0,collision
428,4.087642192840576,-4.415367126464844,-0.0002442688273731619,0.032332051545381546,0.03233163803815842,1.0,3.0,collision
429,4.087771415710449,-4.414319038391113,-0.0002446374564897269,0.03300075605511665,0.03300075605511665,1.0,-3.0,collision
430,4.087902069091797,-4.413271427154541,-0.0002452525368425995,0.032991476356983185,0.03299146890640259,1.0,3.0,collision
431,4.087904453277588,-4.41325044631958,-0.00025062140775844455,0.0006808660691604018,0.0006598707986995578,0.0,-3.0,collision
432,4.087904453277588,-4.41325044631958,-0.0002503589785192162,8.200913725886494e-06,0.0,0.0,-3.0,collision
433,4.08790397644043,-4.41325044631958,-0.00024985967320390046,2.1575617211055942e-05,1.4901160284352954e-05,0.0,3.0,collision
434,4.08790397644043,-4.41325044631958,-0.00024943059543147683,1.340867947874358e-05,0.0,0.0,0.0,collision
435,4.088032245635986,-4.4122233390808105,-0.0002442123368382454,0.03234683722257614,0.03234642371535301,1.0,3.0,collision
436,4.088160991668701,-4.41117525100708,-0.0002445917052682489,0.032998938113451004,0.032998938113451004,1.0,-3.0,collision
437,4.088160991668701,-4.411174774169922,-0.0002501897397451103,0.0001755720586515963,1.4901160284352954e-05,0.0,0.0,collision
438,4.088160991668701,-4.411174774169922,-0.0002499271067790687,8.207280188798904e-06,0.0,0.0,3.0,collision
439,4.088160991668701,-4.411174774169922,-0.00024949482758529484,1.3508723895938601e-05,0.0,0.0,0.0,collision
440,4.088160991668701,-4.411174774169922,-0.0002491386840119958,1.1129485756100621e-05,0.0,0.0,-3.0,collision
441,4.088290214538574,-4.4101481437683105,-0.0002439717936795205,0.03233575075864792,0.032335348427295685,1.0,-3.0,collision
442,4.088423728942871,-4.409100532531738,-0.0002444204583298415,0.03300265595316887,0.03300265595316887,1.0,3.0,collision
443,4.088423728942871,-4.409100532531738,-0.00025004372582770884,0.00017572709475643933,0.0,0.0,0.0,collision
444,4.088423252105713,-4.409100532531738,-0.00024980990565381944,1.659623558225576e-05,1.4901160284352954e-05,0.0,3.0,collision
445,4.088549613952637,-4.408073425292969,-0.00024452168145217,0.032339513301849365,0.03233909234404564,1.0,3.0,collision
446,4.088551044464111,-4.408052444458008,-0.00024973307154141366,0.0006770515465177596,0.000657173281069845,0.0,3.0,collision
447,4.088672637939453,-4.407024383544922,-0.0002447486331220716,0.03235120698809624,0.03235083073377609,1.0,3.0,collision
448,4.088793754577637,-4.405975341796875,-0.00024504002067260444,0.03300032392144203,0.03300032392144203,1.0,0.0,collision
449,4.088794708251953,-4.405954360961914,-0.0002504541480448097,0.0006777847884222865,0.0006563279894180596,0.0,3.0,collision
450,4.088915824890137,-4.404926300048828,-0.00024532739189453423,0.03234948217868805,0.032349083572626114,1.0,-3.0,collision
451,4.0890374183654785,-4.403877258300781,-0.00024551627575419843,0.033002033829689026,0.033002033829689026,1.0,0.0,collision
452,4.0891594886779785,-4.402828216552734,-0.0002459422394167632,0.033003754913806915,0.033003754913806915,1.0,-3.0,collision
453,4.089283466339111,-4.4017791748046875,-0.0002463056589476764,0.03301069885492325,0.03301069512963295,1.0,0.0,collision
454,4.089283466339111,-4.4017791748046875,-0.00025157156051136553,0.00016455941658932716,0.0,0.0,0.0,collision
455,4.0892839431762695,-4.4017791748046875,-0.00025102277868427336,2.271888115501497e-05,1.4901160284352954e-05,0.0,-3.0,collision
456,4.0894083976745605,-4.400752067565918,-0.0002454907225910574,0.03233233094215393,0.03233186900615692,1.0,-3.0,collision
457,4.089537143707275,-4.399703502655029,-0.00024563053739257157,0.0330137237906456,0.0330137237906456,1.0,0.0,collision
458,4.089539527893066,-4.399682521820068,-0.00025092557189054787,0.0006803012220188975,0.0006598707986995578,0.0,3.0,collision
459,4.089539527893066,-4.399682998657227,-0.0002506011223886162,1.8023452867055312e-05,1.4901160284352954e-05,0.0,3.0,collision
460,4.089539051055908,-4.399682998657227,-0.0002500426198821515,2.2949048798182048e-05,1.4901160284352954e-05,0.0,3.0,collision
461,4.089539527893066,-4.399682998657227,-0.0002495716616977006,2.0943916752003133e-05,1.4901160284352954e-05,0.0,-3.0,collision
462,4.089540004730225,-4.399682998657227,-0.00024920867872424424,1.872733628260903e-05,1.4901160284352954e-05,0.0,0.0,collision
463,4.089663505554199,-4.398634433746338,-0.00024393267813138664,0.03299456462264061,0.03299415111541748,1.0,0.0,collision
464,4.089787483215332,-4.397585391998291,-0.000244471593759954,0.03301070258021355,0.03301069512963295,1.0,0.0,collision
465,4.089910984039307,-4.396536827087402,-0.0002451199688948691,0.03299415484070778,0.03299415111541748,1.0,3.0,collision
466,4.090032577514648,-4.3954877853393555,-0.0002456336223986,0.033002037554979324,0.033002033829689026,1.0,-3.0,collision
467,4.090156555175781,-4.394439220428467,-0.00024605929502286017,0.03299589827656746,0.03299589827656746,1.0,0.0,collision
468,4.090280532836914,-4.393390655517578,-0.0002463911077938974,0.03299589827656746,0.03299589827656746,1.0,-3.0,collision
469,4.090407371520996,-4.3923420906066895,-0.000246660434640944,0.033006519079208374,0.033006515353918076,1.0,-3.0,collision
470,4.090410232543945,-4.3923211097717285,-0.0002517573884688318,0.0006806188030168414,0.0006617189501412213,0.0,-3.0,collision
471,4.090410232543945,-4.3923211097717285,-0.00025127839762717485,1.4968462892284151e-05,0.0,0.0,3.0,collision
472,4.090541362762451,-4.391294002532959,-0.00024568793014623225,0.03235809504985809,0.03235762566328049,1.0,-3.0,collision
473,4.090541839599609,-4.391294002532959,-0.0002507694298401475,0.00015949446242302656,1.4901160284352954e-05,0.0,0.0,collision
474,4.090671062469482,-4.390267372131348,-0.00024548120563849807,0.03233576938509941,0.032335348427295685,1.0,-3.0,collision
475,4.090805530548096,-4.389219760894775,-0.00024562812177464366,0.03300643339753151,0.03300643339753151,1.0,-3.0,collision
476,4.090941905975342,-4.388172626495361,-0.0002460404939483851,0.032999299466609955,0.032999299466609955,1.0,0.0,collision
477,4.091078281402588,-4.387125492095947,-0.00024638022296130657,0.032999299466609955,0.032999299466609955,1.0,0.0,collision
478,4.091214179992676,-4.386078357696533,-0.0002466573496349156,0.03299738094210625,0.03299738094210625,1.0,3.0,collision
479,4.091216087341309,-4.386057376861572,-0.0002517560205888003,0.0006773611530661583,0.0006583547801710665,0.0,3.0,collision
480,4.091344356536865,-4.385030269622803,-0.00024638226022943854,0.03234686329960823,0.03234642371535301,1.0,3.0,collision
481,4.09147310256958,-4.383982181549072,-0.00024634230067022145,0.032998938113451004,0.032998938113451004,1.0,-3.0,collision
482,4.09147310256958,-4.383981704711914,-0.0002515898668207228,0.00016466206579934806,1.4901160284352954e-05,0.0,0.0,collision
483,4.091602325439453,-4.382955074310303,-0.0002461520198266953,0.0323357954621315,0.032335348427295685,1.0,-3.0,collision
484,4.09173583984375,-4.3819074630737305,-0.0002461700059939176,0.03300265595316887,0.03300265595316887,1.0,0.0,collision
485,4.091736316680908,-4.3819074630737305,-0.0002514482766855508,0.00016561767552047968,1.4901160284352954e-05,0.0,0.0,collision
486,4.091869354248047,-4.380859851837158,-0.00024594724527560174,0.03300122171640396,0.033000774681568146,1.0,0.0,collision
487,4.091871738433838,-4.380838871002197,-0.0002509820042178035,0.0006783687276765704,0.0006598707986995578,0.0,3.0,collision
488,4.0920000076293945,-4.379812240600586,-0.0002457524824421853,0.032332051545381546,0.03233163803815842,1.0,3.0,collision
489,4.092127323150635,-4.3787641525268555,-0.00024584814673289657,0.032993514090776443,0.032993514090776443,1.0,3.0,collision
490,4.0922532081604,-4.377715587615967,-0.00024620641488581896,0.03300295025110245,0.03300295025110245,1.0,0.0,collision
491,4.0922532081604,-4.377715110778809,-0.0002514910593163222,0.00016581603267695755,1.4901160284352954e-05,0.0,0.0,collision
492,4.0922532081604,-4.377715110778809,-0.0002509580517653376,1.6656485968269408e-05,0.0,0.0,-3.0,collision
493,4.092378616333008,-4.376688003540039,-0.0002454503264743835,0.032335925847291946,0.032335467636585236,1.0,3.0,collision
494,4.092380523681641,-4.376667022705078,-0.00025046453811228275,0.000676745199598372,0.0006583547801710665,0.0,-3.0,collision
495,4.092505931854248,-4.375639915466309,-0.0002453447668813169,0.03233586251735687,0.032335467636585236,1.0,3.0,collision
496,4.092630863189697,-4.37459135055542,-0.0002455227368045598,0.03299940750002861,0.03299940750002861,1.0,3.0,collision
497,4.092753887176514,-4.373542308807373,-0.0002459462557453662,0.03300721198320389,0.03300720825791359,1.0,0.0,collision
498,4.09275484085083,-4.373521327972412,-0.00025119262863881886,0.0006764952559024096,0.0006563279894180596,0.0,3.0,collision
499,4.092754364013672,-4.373520851135254,-0.00025081608328036964,2.4136123101925477e-05,2.1073423340567388e-05,0.0,3.0,collision
500,4.092875003814697,-4.372492790222168,-0.0002453175839036703,0.032347798347473145,0.03234734386205673,1.0,-3.0,collision
501,4.092996597290039,-4.371443748474121,-0.0002454885980114341,0.033002033829689026,0.033002033829689026,1.0,-3.0,collision
502,4.092999458312988,-4.37142276763916,-0.00025080516934394836,0.0006822575815021992,0.0006617189501412213,0.0,-3.0,collision
503,4.092999458312988,-4.37142276763916,-0.0002505109296180308,9.194991434924304e-06,0.0,0.0,0.0,collision
504,4.093122959136963,-4.370395660400391,-0.00024509249487891793,0.03232873976230621,0.032328296452760696,1.0,3.0,collision
505,4.093246936798096,-4.369346618652344,-0.00024529642541892827,0.03301069512963295,0.03301069512963295,1.0,-3.0,collision
506,4.093246936798096,-4.369346618652344,-0.0002507531316950917,0.00017052206385415047,0.0,0.0,0.0,collision
507,4.09337043762207,-4.368319034576416,-0.00024549360387027264,0.032343506813049316,0.03234309330582619,1.0,3.0,collision
508,4.093371868133545,-4.368298053741455,-0.0002505209413357079,0.00067569111706689,0.000657173281069845,0.0,3.0,collision
509,4.093371868133545,-4.368298053741455,-0.00025025344802998006,8.359165803994983e-06,0.0,0.0,-3.0,collision
510,4.093494892120361,-4.367249488830566,-0.00024478702107444406,0.032992854714393616,0.0329924114048481,1.0,0.0,collision
511,4.0936174392700195,-4.3662004470825195,-0.0002451610052958131,0.0330054797232151,0.033005475997924805,1.0,3.0,collision
512,4.093738555908203,-4.365151405334473,-0.00024565565399825573,0.03300032764673233,0.03300032392144203,1.0,-3.0,collision
513,4.0938615798950195,-4.364102840423584,-0.00024607122759334743,0.0329924151301384,0.0329924114048481,1.0,-3.0,collision
514,4.093986988067627,-4.363054275512695,-0.00024641488562338054,0.03300117701292038,0.03300117701292038,1.0,3.0,collision
515,4.093988418579102,-4.363032817840576,-0.0002515625092200935,0.0006910250522196293,0.0006720406818203628,0.0,3.0,collision
516,4.094109058380127,-4.3619842529296875,-0.00024612541892565787,0.03298424929380417,0.03298381343483925,1.0,0.0,collision
517,4.094109058380127,-4.361983776092529,-0.00025121914222836494,0.00015987479127943516,1.4901160284352954e-05,0.0,0.0,collision
518,4.0942277908325195,-4.360955715179443,-0.0002458453527651727,0.0323408879339695,0.03234045207500458,1.0,-3.0,collision
519,4.094351291656494,-4.359907150268555,-0.00024591924739070237,0.03299415111541748,0.03299415111541748,1.0,-3.0,collision
520,4.094349384307861,-4.359886169433594,-0.0002511633501853794,0.0006784445722587407,0.0006583547801710665,0.0,3.0,collision
521,4.094349384307861,-4.359886169433594,-0.00025078936596401036,1.1687006008287426e-05,0.0,0.0,3.0,collision
522,4.094349384307861,-4.359886169433594,-0.00025019299937412143,1.8636455934029073e-05,0.0,0.0,3.0,collision
523,4.094465732574463,-4.358858108520508,-0.00024481723085045815,0.03233242779970169,0.03233198821544647,1.0,3.0,collision
524,4.094581604003906,-4.3578081130981445,-0.0002450752363074571,0.0330115482211113,0.033011544495821,1.0,-3.0,collision
525,4.094579696655273,-4.357787132263184,-0.00025048753013834357,0.0006797332898713648,0.0006583547801710665,0.0,3.0,collision
526,4.094579219818115,-4.357787132263184,-0.0002502493152860552,1.665715899434872e-05,1.4901160284352954e-05,0.0,3.0,collision
527,4.094579696655273,-4.357787132263184,-0.0002497515524737537,2.154078356397804e-05,1.4901160284352954e-05,0.0,-3.0,collision
528,4.094579696655273,-4.357787132263184,-0.00024935862165875733,1.2279087059141602e-05,0.0,0.0,3.0,collision
529,4.094580173492432,-4.357787132263184,-0.0002490243350621313,1.8198159523308277e-05,1.4901160284352954e-05,0.0,-3.0,collision
530,4.094693183898926,-4.3567585945129395,-0.00024389155441895127,0.032335635274648666,0.03233523666858673,1.0,3.0,collision
531,4.094805717468262,-4.355708599090576,-0.00024434554507024586,0.03300027176737785,0.033000268042087555,1.0,3.0,collision
532,4.094916343688965,-4.354658603668213,-0.0002450041356496513,0.03299397602677345,0.032993972301483154,1.0,0.0,collision
533,4.09502649307251,-4.353608131408691,-0.0002455564390402287,0.03300723433494568,0.03300723060965538,1.0,3.0,collision
534,4.095134258270264,-4.35255765914917,-0.00024599357857368886,0.03299954906105995,0.03299954533576965,1.0,3.0,collision
535,4.095134735107422,-4.352536678314209,-0.00025122566148638725,0.0006758946110494435,0.0006558204186148942,0.0,3.0,collision
536,4.095134735107422,-4.352536678314209,-0.00025083188666030765,1.2305462405493017e-05,0.0,0.0,-3.0,collision
537,4.095134735107422,-4.352536678314209,-0.00025022655609063804,1.8916580302175134e-05,0.0,0.0,-3.0,collision
538,4.095240592956543,-4.351507186889648,-0.0002448547456879169,0.032341670244932175,0.032341234385967255,1.0,3.0,collision
539,4.095345973968506,-4.350456237792969,-0.00024510559160262346,0.033006854355335236,0.033006854355335236,1.0,-3.0,collision
540,4.09545373916626,-4.349405765533447,-0.00024562698672525585,0.03299954906105995,0.03299954533576965,1.0,3.0,collision
541,4.095559120178223,-4.348354816436768,-0.0002460440737195313,0.033006854355335236,0.033006854355335236,1.0,0.0,collision
542,4.0956645011901855,-4.347304344177246,-0.00024638877948746085,0.03299202397465706,0.03299202397465706,1.0,3.0,collision
543,4.095664024353027,-4.347303867340088,-0.0002516323875170201,0.00016521224461030215,2.1073423340567388e-05,0.0,0.0,collision
544,4.095767021179199,-4.346253395080566,-0.00024609509273432195,0.032985128462314606,0.032984670251607895,1.0,0.0,collision
545,4.095870018005371,-4.345202445983887,-0.0002462176198605448,0.03299950063228607,0.03299950063228607,1.0,3.0,collision
546,4.09597110748291,-4.344151020050049,-0.0002465010329615325,0.03300857171416283,0.03300857171416283,1.0,-3.0,collision
547,4.096075057983398,-4.343100070953369,-0.00024674719315953553,0.033002421259880066,0.033002421259880066,1.0,-3.0,collision
548,4.096075057983398,-4.343100070953369,-0.0002519286354072392,0.00016192006296478212,0.0,0.0,0.0,collision
549,4.096075057983398,-4.343100070953369,-0.0002513133513275534,1.9227625671192072e-05,0.0,0.0,0.0,collision
550,4.096075534820557,-4.343100070953369,-0.00025060417829081416,2.6705498385126702e-05,1.4901160284352954e-05,0.0,-3.0,collision
551,4.096181392669678,-4.342070579528809,-0.00024515634868294,0.03234168142080307,0.032341234385967255,1.0,3.0,collision
552,4.096181392669678,-4.342070579528809,-0.0002503310388419777,0.0001617090601939708,0.0,0.0,0.0,collision
553,4.096286773681641,-4.341019630432129,-0.0002450383617542684,0.033007264137268066,0.033006854355335236,1.0,0.0,collision
554,4.096288681030273,-4.340998649597168,-0.0002502433198969811,0.0006781502161175013,0.0006583547801710665,0.0,-3.0,collision
555,4.096288204193115,-4.340998649597168,-0.000250056735239923,1.6001327821868472e-05,1.4901160284352954e-05,0.0,3.0,collision
556,4.0963921546936035,-4.339969158172607,-0.0002447230799589306,0.03233562037348747,0.03233519196510315,1.0,3.0,collision
557,4.096495151519775,-4.338918209075928,-0.0002450055908411741,0.03299950435757637,0.03299950063228607,1.0,0.0,collision
558,4.0965986251831055,-4.337867259979248,-0.0002455323119647801,0.03300096094608307,0.03300095722079277,1.0,-3.0,collision
559,4.096600532531738,-4.337846279144287,-0.00025085429660975933,0.0006790366023778915,0.0006583547801710665,0.0,-3.0,collision
560,4.09660005569458,-4.337846279144287,-0.0002505562733858824,1.7572157958056778e-05,1.4901160284352954e-05,0.0,3.0,collision
561,4.09660005569458,-4.337846279144287,-0.0002500023983884603,1.7308593669440597e-05,0.0,0.0,0.0,collision
562,4.096704006195068,-4.336816787719727,-0.0002446706057526171,0.03233562037348747,0.03233519196510315,1.0,3.0,collision
563,4.096704959869385,-4.336795330047607,-0.0002498516405466944,0.0006904653855599463,0.0006712141912430525,0.0,3.0,collision
564,4.096704483032227,-4.336795330047607,-0.0002497277164366096,1.539616278023459e-05,1.4901160284352954e-05,0.0,3.0,collision
565,4.096800804138184,-4.335765361785889,-0.00024445916642434895,0.03232736513018608,0.03232694789767265,1.0,3.0,collision
566,4.096896648406982,-4.334713459014893,-0.0002447945298627019,0.03300812840461731,0.03300812840461731,1.0,0.0,collision
567,4.096992015838623,-4.3336615562438965,-0.00024537407443858683,0.033006783574819565,0.033006779849529266,1.0,3.0,collision
568,4.096993446350098,-4.3336405754089355,-0.0002507182362023741,0.0006780614494346082,0.000657173281069845,0.0,-3.0,collision
569,4.096992492675781,-4.3336405754089355,-0.00025044725043699145,3.098210072494112e-05,2.980232056870591e-05,0.0,3.0,collision
570,4.0969929695129395,-4.3336405754089355,-0.00024991025566123426,2.2442136469180696e-05,1.4901160284352954e-05,0.0,-3.0,collision
571,4.097087860107422,-4.332610130310059,-0.00024458960979245603,0.032338082790374756,0.03233765438199043,1.0,-3.0,collision
572,4.097089767456055,-4.332589149475098,-0.00024978636065497994,0.0006780886906199157,0.0006583547801710665,0.0,-3.0,collision
573,4.097188949584961,-4.331559181213379,-0.00024480262072756886,0.03233576938509941,0.032335393130779266,1.0,3.0,collision
574,4.097287178039551,-4.330507755279541,-0.0002450888277962804,0.03300013765692711,0.03300013765692711,1.0,3.0,collision
575,4.097287178039551,-4.330507278442383,-0.0002505783049855381,0.00017219212895724922,1.4901160284352954e-05,0.0,0.0,collision
576,4.097286701202393,-4.330507278442383,-0.0002502322313375771,1.8412076315144077e-05,1.4901160284352954e-05,0.0,0.0,collision
577,4.097286224365234,-4.330507278442383,-0.0002497443638276309,2.1318553990568034e-05,1.4901160284352954e-05,0.0,0.0,collision
578,4.097381591796875,-4.329476833343506,-0.00024445290910080075,0.03233944624662399,0.03233902528882027,1.0,-3.0,collision
579,4.097480773925781,-4.328425407409668,-0.00024479973944835365,0.03300292417407036,0.03300292417407036,1.0,0.0,collision
580,4.097482204437256,-4.328404426574707,-0.00025026153889484704,0.0006789762992411852,0.000657173281069845,0.0,3.0,collision
581,4.097580432891846,-4.32737398147583,-0.0002451742475386709,0.03234777972102165,0.032347384840250015,1.0,-3.0,collision
582,4.097580909729004,-4.327373504638672,-0.0002503722789697349,0.00016379971930291504,2.1073423340567388e-05,0.0,0.0,collision
583,4.097678184509277,-4.326343536376953,-0.00024517503334209323,0.032330144196748734,0.0323297381401062,1.0,3.0,collision
584,4.097774982452393,-4.325292110443115,-0.0002453722700010985,0.032996006309986115,0.032996006309986115,1.0,-3.0,collision
585,4.097774982452393,-4.325291633605957,-0.00025081424973905087,0.00017071343609131873,1.4901160284352954e-05,0.0,0.0,collision
586,4.097775459289551,-4.325291633605957,-0.00025042134802788496,1.9307983166072518e-05,1.4901160284352954e-05,0.0,0.0,collision
587,4.097872257232666,-4.32426118850708,-0.00024501653388142586,0.03234361484646797,0.032343171536922455,1.0,3.0,collision
588,4.097873210906982,-4.324240207672119,-0.0002501286508049816,0.0006754907080903649,0.0006563279894180596,0.0,3.0,collision
589,4.097967147827148,-4.323188781738281,-0.00024496272089891136,0.032988328486680984,0.03298792988061905,1.0,0.0,collision
590,4.097968101501465,-4.323167324066162,-0.00025019815075211227,0.0006908659706823528,0.0006712141912430525,0.0,3.0,collision
591,4.097968101501465,-4.323167324066162,-0.0002499999536667019,6.19365846432629e-06,0.0,0.0,-3.0,collision
592,4.097968101501465,-4.323167324066162,-0.0002495661028660834,1.355783660983434e-05,0.0,0.0,0.0,collision
593,4.09805965423584,-4.322136878967285,-0.0002443219709675759,0.03232867270708084,0.03232825547456741,1.0,3.0,collision
594,4.098061561584473,-4.322115898132324,-0.0002495617081876844,0.0006784116849303246,0.0006583547801710665,0.0,-3.0,collision
595,4.0981526374816895,-4.321084976196289,-0.0002446225262247026,0.032342154532670975,0.03234178200364113,1.0,3.0,collision
596,4.098154067993164,-4.321063995361328,-0.0002498168614692986,0.0006769234896637499,0.000657173281069845,0.0,-3.0,collision
597,4.098154067993164,-4.32106351852417,-0.00024970609229058027,1.529793553345371e-05,1.4901160284352954e-05,0.0,0.0,collision
598,4.098153591156006,-4.32106351852417,-0.00024932718952186406,1.9032788259210065e-05,1.4901160284352954e-05,0.0,0.0,collision
599,4.098153114318848,-4.32106351852417,-0.0002490153128746897,1.780539059836883e-05,1.4901160284352954e-05,0.0,3.0,collision
600,4.0981526374816895,-4.32106351852417,-0.0002487543679308146,1.6986492482828908e-05,1.4901160284352954e-05,0.0,0.0,collision
601,4.098242282867432,-4.320032596588135,-0.0002436713402858004,0.03233826905488968,0.03233787789940834,1.0,3.0,collision
602,4.09824275970459,-4.320011615753174,-0.0002490529150236398,0.000677039846777916,0.0006558204186148942,0.0,3.0,collision
603,4.098329067230225,-4.3189592361450195,-0.0002441021060803905,0.03299763798713684,0.03299727290868759,1.0,0.0,collision
604,4.098329544067383,-4.318938255310059,-0.00024951028171926737,0.0006772467750124633,0.0006558204186148942,0.0,3.0,collision
605,4.098329544067383,-4.3189377784729,-0.0002494547516107559,1.5001862266217358e-05,1.4901160284352954e-05,0.0,0.0,collision
606,4.098412036895752,-4.317906379699707,-0.00024423535796813667,0.032334551215171814,0.032334137707948685,1.0,-3.0,collision
607,4.098413944244385,-4.317885398864746,-0.00024950376246124506,0.0006786283920519054,0.0006583547801710665,0.0,-3.0,collision
608,4.098502159118652,-4.316854476928711,-0.00024456524988636374,0.03233440965414047,0.032334037125110626,1.0,-3.0,collision
609,4.098504066467285,-4.31683349609375,-0.00024978179135359824,0.0006782370619475842,0.0006583547801710665,0.0,-3.0,collision
610,4.098596096038818,-4.315802574157715,-0.0002447997103445232,0.032344795763492584,0.03234441950917244,1.0,3.0,collision
611,4.098687648773193,-4.314750671386719,-0.00024508131900802255,0.03299623355269432,0.03299622982740402,1.0,0.0,collision
612,4.098689079284668,-4.3147292137146,-0.00025047556846402586,0.0006928597576916218,0.0006720406818203628,0.0,-3.0,collision
613,4.098689079284668,-4.3147292137146,-0.0002502472198102623,7.135894975363044e-06,0.0,0.0,0.0,collision
614,4.098783016204834,-4.313677787780762,-0.0002447791048325598,0.032988376915454865,0.03298792988061905,1.0,0.0,collision
615,4.098876953125,-4.312625885009766,-0.000245149276452139,0.03300277516245842,0.03300277516245842,1.0,0.0,collision
616,4.098970413208008,-4.3115739822387695,-0.0002456619404256344,0.033001452684402466,0.03300144895911217,1.0,3.0,collision
617,4.098971843719482,-4.311553001403809,-0.0002509486221242696,0.0006776213413104415,0.000657173281069845,0.0,-3.0,collision
618,4.099064826965332,-4.310522556304932,-0.00024573603877797723,0.0323326513171196,0.032332245260477066,1.0,-3.0,collision
619,4.099062919616699,-4.3105010986328125,-0.00025073104188777506,0.0006910559022799134,0.0006731961038894951,0.0,3.0,collision
620,4.099158763885498,-4.3094706535339355,-0.00024553516414016485,0.03234080970287323,0.0323403999209404,1.0,-3.0,collision
621,4.099255561828613,-4.308419227600098,-0.0002456860092934221,0.032996006309986115,0.032996006309986115,1.0,3.0,collision
622,4.0993499755859375,-4.307367324829102,-0.0002460773102939129,0.03300410509109497,0.03300410136580467,1.0,0.0,collision
623,4.099351406097412,-4.307346343994141,-0.00025128573179244995,0.0006770291947759688,0.000657173281069845,0.0,-3.0,collision
624,4.099446773529053,-4.306315898895264,-0.0002460175019223243,0.032339442521333694,0.03233902528882027,1.0,3.0,collision
625,4.0995402336120605,-4.305263996124268,-0.00024606118677183986,0.03300144895911217,0.03300144895911217,1.0,3.0,collision
626,4.099541664123535,-4.305243015289307,-0.00025125331012532115,0.0006769069586880505,0.000657173281069845,0.0,-3.0,collision
627,4.099634647369385,-4.3042120933532715,-0.0002459789684507996,0.032347504049539566,0.03234708309173584,1.0,-3.0,collision
628,4.0997314453125,-4.303160667419434,-0.00024604107602499425,0.032996006309986115,0.032996006309986115,1.0,3.0,collision
629,4.099825859069824,-4.3021087646484375,-0.000246366485953331,0.03300410509109497,0.03300410136580467,1.0,3.0,collision
630,4.099826335906982,-4.302087783813477,-0.0002515228698030114,0.0006753262132406235,0.0006558204186148942,0.0,3.0,collision
631,4.099915981292725,-4.301035404205322,-0.0002460937248542905,0.033006396144628525,0.033005960285663605,1.0,0.0,collision
632,4.100005626678467,-4.299983501434326,-0.00024622035562060773,0.032991115003824234,0.032991115003824234,1.0,3.0,collision
633,4.100005626678467,-4.299962043762207,-0.0002513964136596769,0.0006897854036651552,0.0006705521955154836,0.0,3.0,collision
634,4.10009241104126,-4.298930644989014,-0.0002460824907757342,0.03234553337097168,0.032345108687877655,1.0,-3.0,collision
635,4.100090980529785,-4.298909664154053,-0.00025100819766521454,0.0006749597378075123,0.000657173281069845,0.0,3.0,collision
636,4.100090980529785,-4.298909664154053,-0.0002506479504518211,1.1257724509050604e-05,0.0,0.0,0.0,collision
637,4.100090503692627,-4.298909664154053,-0.0002500799600966275,2.317534017493017e-05,1.4901160284352954e-05,0.0,0.0,collision
638,4.100174427032471,-4.297878265380859,-0.00024473288794979453,0.03233816474676132,0.0323377326130867,1.0,3.0,collision
639,4.1001739501953125,-4.297877788543701,-0.0002499922993592918,0.0001657020766288042,2.1073423340567388e-05,0.0,0.0,collision
640,4.100255966186523,-4.296846389770508,-0.00024485858739353716,0.03233335167169571,0.032332953065633774,1.0,-3.0,collision
641,4.100341796875,-4.2957940101623535,-0.0002451296313665807,0.03299605846405029,0.03299605846405029,1.0,-3.0,collision
642,4.100340366363525,-4.295772552490234,-0.00025053092394955456,0.0006929133087396622,0.0006720406818203628,0.0,3.0,collision
643,4.100340843200684,-4.295772552490234,-0.0002502754214219749,1.6905505617614836e-05,1.4901160284352954e-05,0.0,-3.0,collision
644,4.100427627563477,-4.294741630554199,-0.0002448967134114355,0.032330695539712906,0.03233025595545769,1.0,-3.0,collision
645,4.100426197052002,-4.294720649719238,-0.0002500451519154012,0.000676581053994596,0.000657173281069845,0.0,3.0,collision
646,4.1005120277404785,-4.293689250946045,-0.00024499755818396807,0.032343003898859024,0.03234262019395828,1.0,3.0,collision
647,4.100596904754639,-4.292636394500732,-0.0002452438639011234,0.033008504658937454,0.033008500933647156,1.0,3.0,collision
648,4.100597858428955,-4.2926154136657715,-0.00025060001644305885,0.0006773348432034254,0.0006563279894180596,0.0,-3.0,collision
649,4.100681304931641,-4.291584014892578,-0.00024546802160330117,0.03233692795038223,0.03233652561903,1.0,3.0,collision
650,4.100763320922852,-4.290531158447266,-0.00024561656755395234,0.03300143778324127,0.03300143778324127,1.0,0.0,collision
651,4.100763320922852,-4.290530681610107,-0.00025100563652813435,0.0001690663630142808,1.4901160284352954e-05,0.0,0.0,collision
652,4.100763320922852,-4.290530681610107,-0.00025056913727894425,1.3640600627695676e-05,0.0,0.0,-3.0,collision
653,4.1008477210998535,-4.289478302001953,-0.0002450364700052887,0.032992906868457794,0.03299245238304138,1.0,0.0,collision
654,4.100933074951172,-4.288425922393799,-0.0002453500055707991,0.03299485146999359,0.03299485146999359,1.0,-3.0,collision
655,4.100931167602539,-4.288404941558838,-0.00025071052368730307,0.0006793325301259756,0.0006583547801710665,0.0,3.0,collision
656,4.100931167602539,-4.288404941558838,-0.0002504288568161428,8.8020897237584e-06,0.0,0.0,3.0,collision
657,4.101013660430908,-4.287352085113525,-0.00024491839576512575,0.03300304710865021,0.03300260007381439,1.0,0.0,collision
658,4.101014137268066,-4.2873311042785645,-0.0002501487033441663,0.0006758811068721116,0.0006558204186148942,0.0,3.0,collision
659,4.101014614105225,-4.2873311042785645,-0.0002499645634088665,1.597364644112531e-05,1.4901160284352954e-05,0.0,0.0,collision
660,4.101093769073486,-4.286299228668213,-0.0002446433063596487,0.03234127536416054,0.032340846955776215,1.0,-3.0,collision
661,4.1011762619018555,-4.2852463722229,-0.00024495276738889515,0.03300260007381439,0.03300260007381439,1.0,0.0,collision
662,4.1011762619018555,-4.2852463722229,-0.0002504747244529426,0.00017256115097552538,0.0,0.0,0.0,collision
663,4.10125732421875,-4.284214496612549,-0.00024527072673663497,0.03234586864709854,0.03234546259045601,1.0,3.0,collision
664,4.10133695602417,-4.283161640167236,-0.0002454542845953256,0.03299573436379433,0.03299573436379433,1.0,0.0,collision
665,4.101417064666748,-4.282108783721924,-0.00024589180247858167,0.03299686685204506,0.03299686312675476,1.0,-3.0,collision
666,4.101499557495117,-4.281055927276611,-0.00024626028607599437,0.03300260007381439,0.03300260007381439,1.0,-3.0,collision
667,4.101584434509277,-4.280003070831299,-0.0002465608704369515,0.033008504658937454,0.033008500933647156,1.0,0.0,collision
668,4.1016693115234375,-4.2789506912231445,-0.00024679239140823483,0.03299365192651749,0.03299365192651749,1.0,-3.0,collision
669,4.1017560958862305,-4.27789831161499,-0.0002469862811267376,0.03299849480390549,0.03299849480390549,1.0,0.0,collision
670,4.101843357086182,-4.276845932006836,-0.0002471326442901045,0.03299972042441368,0.03299972042441368,1.0,-3.0,collision
671,4.101842403411865,-4.276824951171875,-0.00025214668130502105,0.0006747723673470318,0.0006563279894180596,0.0,3.0,collision
672,4.101930618286133,-4.275793552398682,-0.0002466831065248698,0.03234933689236641,0.03234888240695,1.0,-3.0,collision
673,4.102019786834717,-4.274741172790527,-0.00024660438066348433,0.033004701137542725,0.033004701137542725,1.0,3.0,collision
674,4.102019786834717,-4.274741172790527,-0.00025179015938192606,0.00016205557039938867,0.0,0.0,0.0,collision
675,4.102019786834717,-4.274741172790527,-0.00025120648206211627,1.8239916244056076e-05,0.0,0.0,3.0,collision
676,4.102019786834717,-4.274741172790527,-0.0002505179727450013,2.151591434085276e-05,0.0,0.0,0.0,collision
677,4.102020263671875,-4.274741172790527,-0.0002499570546206087,2.3006512492429465e-05,1.4901160284352954e-05,0.0,-3.0,collision
678,4.102105617523193,-4.273709774017334,-0.0002446380094625056,0.032341815531253815,0.03234139084815979,1.0,3.0,collision
679,4.102106094360352,-4.273688793182373,-0.0002498257381375879,0.0006755605572834611,0.0006558204186148942,0.0,3.0,collision
680,4.102105617523193,-4.273688793182373,-0.000249706965405494,1.53564615175128e-05,1.4901160284352954e-05,0.0,3.0,collision
681,4.10218620300293,-4.2726569175720215,-0.00024443079018965364,0.03234471380710602,0.03234429657459259,1.0,-3.0,collision
682,4.102268218994141,-4.271604061126709,-0.00024478332488797605,0.03300143778324127,0.03300143778324127,1.0,0.0,collision
683,4.102268695831299,-4.271603584289551,-0.0002503393334336579,0.00017489945457782596,2.1073423340567388e-05,0.0,0.0,collision
684,4.102268695831299,-4.271603584289551,-0.0002500413393136114,9.312316251453012e-06,0.0,0.0,0.0,collision
685,4.102268218994141,-4.271603584289551,-0.0002495968365110457,2.0371462596813217e-05,1.4901160284352954e-05,0.0,3.0,collision
686,4.102268218994141,-4.271603584289551,-0.0002492249186616391,1.1622431884461548e-05,0.0,0.0,3.0,collision
687,4.102346897125244,-4.270571708679199,-0.00024403056886512786,0.032340116798877716,0.032339710742235184,1.0,-3.0,collision
688,4.1024274826049805,-4.269518852233887,-0.00024445756571367383,0.03299800306558609,0.03299799934029579,1.0,-3.0,collision
689,4.102426052093506,-4.269497394561768,-0.0002499929687473923,0.0006939461454749107,0.0006720406818203628,0.0,3.0,collision
690,4.102426052093506,-4.269497871398926,-0.0002498546673450619,1.551526838738937e-05,1.4901160284352954e-05,0.0,3.0,collision
691,4.102503776550293,-4.268444538116455,-0.0002444589335937053,0.03300658240914345,0.033006154000759125,1.0,0.0,collision
692,4.102581024169922,-4.267391681671143,-0.0002448979939799756,0.03299020603299141,0.03299020230770111,1.0,3.0,collision
693,4.102656364440918,-4.266337871551514,-0.000245450297370553,0.033015623688697815,0.033015619963407516,1.0,0.0,collision
694,4.102731704711914,-4.265285015106201,-0.0002459030074533075,0.03298589587211609,0.03298589214682579,1.0,-3.0,collision
695,4.102733135223389,-4.265263557434082,-0.0002511514176148921,0.0006917650462128222,0.0006720406818203628,0.0,-3.0,collision
696,4.102733135223389,-4.265263557434082,-0.0002507887256797403,1.133412206399953e-05,0.0,0.0,0.0,collision
697,4.102733135223389,-4.265263557434082,-0.00025019890745170414,1.8431819626130164e-05,0.0,0.0,3.0,collision
698,4.10281229019165,-4.2642316818237305,-0.00024481091531924903,0.032341282814741135,0.032340846955776215,1.0,-3.0,collision
699,4.1028923988342285,-4.263178825378418,-0.00024508655769750476,0.03299686312675476,0.03299686312675476,1.0,0.0,collision
700,4.102892875671387,-4.26317834854126,-0.0002505816810298711,0.00017301080515608191,2.1073423340567388e-05,0.0,0.0,collision
701,4.102972507476807,-4.262146949768066,-0.00024534540716558695,0.032327547669410706,0.032327134162187576,1.0,-3.0,collision
702,4.1029744148254395,-4.2621259689331055,-0.00025040184846147895,0.000677051953971386,0.0006583547801710665,0.0,-3.0,collision
703,4.103058815002441,-4.261094570159912,-0.0002452845801599324,0.03233933821320534,0.032338947057724,1.0,-3.0,collision
704,4.1030592918396,-4.261094093322754,-0.000250459008384496,0.00016306826728396118,2.1073423340567388e-05,0.0,0.0,collision
705,4.103145599365234,-4.2600626945495605,-0.00024524424225091934,0.0323442704975605,0.03234386071562767,1.0,3.0,collision
706,4.103146553039551,-4.2600417137146,-0.00025032053235918283,0.0006752267945557833,0.0006563279894180596,0.0,3.0,collision
707,4.103230953216553,-4.259010314941406,-0.00024520745500922203,0.03233933821320534,0.032338947057724,1.0,-3.0,collision
708,4.103230953216553,-4.259009838104248,-0.00025039768661372364,0.00016287778271362185,1.4901160284352954e-05,0.0,0.0,collision
709,4.103315353393555,-4.257978439331055,-0.00024518449208699167,0.03233935683965683,0.032338947057724,1.0,-3.0,collision
710,4.103317737579346,-4.257957458496094,-0.0002502725401427597,0.0006787569145672023,0.0006598707986995578,0.0,-3.0,collision
711,4.103407859802246,-4.256905555725098,-0.00024508967180736363,0.032992780208587646,0.03299238532781601,1.0,0.0,collision
712,4.103498458862305,-4.255853176116943,-0.00024541179300285876,0.03300850838422775,0.033008504658937454,1.0,0.0,collision
713,4.1035003662109375,-4.255832195281982,-0.00025074422592297196,0.0006791166379116476,0.0006583547801710665,0.0,-3.0,collision
714,4.103592872619629,-4.2547807693481445,-0.0002454812347423285,0.03298439458012581,0.03298398479819298,1.0,0.0,collision
715,4.10368537902832,-4.253728866577148,-0.0002457307418808341,0.03299883008003235,0.03299882635474205,1.0,3.0,collision
716,4.1037750244140625,-4.252676486968994,-0.00024612207198515534,0.0330059640109539,0.033005960285663605,1.0,3.0,collision
717,4.1037750244140625,-4.252676010131836,-0.0002514183579478413,0.00016617837536614388,1.4901160284352954e-05,0.0,0.0,collision
718,4.103861331939697,-4.251645088195801,-0.0002460263785906136,0.03232945129275322,0.032329011708498,1.0,3.0,collision
719,4.103945732116699,-4.250592231750488,-0.000246064126258716,0.03300730884075165,0.03300730884075165,1.0,3.0,collision
720,4.103946685791016,-4.250571250915527,-0.00025125531828962266,0.0006760794203728437,0.0006563279894180596,0.0,-3.0,collision
721,4.104031562805176,-4.249539852142334,-0.0002459804236423224,0.032340582460165024,0.032340165227651596,1.0,-3.0,collision
722,4.104119777679443,-4.24848747253418,-0.00024603164638392627,0.03300220146775246,0.03300220146775246,1.0,-3.0,collision
723,4.104119777679443,-4.24848747253418,-0.0002513420186005533,0.0001659491244936362,0.0,0.0,0.0,collision
724,4.104208946228027,-4.2474565505981445,-0.000245964911300689,0.03233702853322029,0.03233659267425537,1.0,3.0,collision
725,4.1042962074279785,-4.24640417098999,-0.00024601464974693954,0.03299972042441368,0.03299972042441368,1.0,3.0,collision
726,4.104382038116455,-4.245351791381836,-0.0002463343844283372,0.03299605846405029,0.03299605846405029,1.0,-3.0,collision
727,4.104383945465088,-4.245330333709717,-0.0002514951047487557,0.00069224409526214,0.0006731961038894951,0.0,-3.0,collision
728,4.10447359085083,-4.244299411773682,-0.0002461737603880465,0.03233831003308296,0.03233787789940834,1.0,-3.0,collision
729,4.10456657409668,-4.2432475090026855,-0.00024619163013994694,0.03300013765692711,0.03300013765692711,1.0,0.0,collision
730,4.1046600341796875,-4.2421956062316895,-0.00024648717953823507,0.033001452684402466,0.03300144895911217,1.0,0.0,collision
731,4.104752540588379,-4.241143703460693,-0.00024674239102751017,0.03299883008003235,0.03299882635474205,1.0,3.0,collision
732,4.104752540588379,-4.241143226623535,-0.0002519149275030941,0.00016232715279329568,1.4901160284352954e-05,0.0,0.0,collision
733,4.104841709136963,-4.2401123046875,-0.0002464236749801785,0.03233704715967178,0.03233659267425537,1.0,3.0,collision
734,4.1048431396484375,-4.240091323852539,-0.0002512530772946775,0.0006742798141203821,0.000657173281069845,0.0,-3.0,collision
735,4.104931831359863,-4.239060401916504,-0.000245976320002228,0.032335732132196426,0.0323353111743927,1.0,3.0,collision
736,4.1050190925598145,-4.23800802230835,-0.00024602768826298416,0.03299972042441368,0.03299972042441368,1.0,3.0,collision
737,4.105018615722656,-4.238007545471191,-0.000251328747253865,0.00016699307889211923,2.1073423340567388e-05,0.0,0.0,collision
738,4.105103492736816,-4.236976623535156,-0.00024594247224740684,0.03232575207948685,0.03232531249523163,1.0,-3.0,collision
739,4.105191230773926,-4.235924243927002,-0.00024600763572379947,0.03300095722079277,0.03300095722079277,1.0,3.0,collision
740,4.105191707611084,-4.235902786254883,-0.0002512221981305629,0.0006902294117026031,0.0006707177381031215,0.0,3.0,collision
741,4.105277061462402,-4.2348713874816895,-0.00024594293790869415,0.03234180808067322,0.03234139084815979,1.0,-3.0,collision
742,4.105363368988037,-4.233819007873535,-0.00024600737378932536,0.03299727290868759,0.03299727290868759,1.0,0.0,collision
743,4.105449676513672,-4.232766151428223,-0.0002463398559484631,0.03301212936639786,0.03301212564110756,1.0,0.0,collision
744,4.105449676513672,-4.232766151428223,-0.00025159798678942025,0.00016431657422799617,0.0,0.0,0.0,collision
745,4.105535984039307,-4.231713771820068,-0.0002460677642375231,0.032997723668813705,0.03299727290868759,1.0,0.0,collision
746,4.105536937713623,-4.231692790985107,-0.0002510783670004457,0.0006747475126758218,0.0006563279894180596,0.0,3.0,collision
747,4.105620861053467,-4.230640411376953,-0.0002457275113556534,0.0329916886985302,0.03299126774072647,1.0,0.0,collision
748,4.105621337890625,-4.230618953704834,-0.0002508096513338387,0.000689264212269336,0.0006707177381031215,0.0,3.0,collision
749,4.105701446533203,-4.229587554931641,-0.00024561508325859904,0.03232869133353233,0.0323282815515995,1.0,3.0,collision
750,4.105779647827148,-4.22853422164917,-0.00024573825066909194,0.03300725296139717,0.03300725296139717,1.0,3.0,collision
751,4.105855464935303,-4.227480888366699,-0.0002461239055264741,0.03300182521343231,0.033001821488142014,1.0,3.0,collision
752,4.1058549880981445,-4.227480888366699,-0.00025141966762021184,0.00016616206266917288,1.4901160284352954e-05,0.0,0.0,collision
753,4.105928421020508,-4.2264275550842285,-0.0002459248062223196,0.0329970046877861,0.03299655765295029,1.0,0.0,collision
754,4.105929374694824,-4.226406574249268,-0.0002509525220375508,0.000674871786031872,0.0006563279894180596,0.0,-3.0,collision
755,4.105928897857666,-4.226406574249268,-0.00025062408531084657,1.8093840481014922e-05,1.4901160284352954e-05,0.0,3.0,collision
756,4.105928897857666,-4.226406574249268,-0.00025005609495565295,1.7749698599800467e-05,0.0,0.0,0.0,collision
757,4.106002330780029,-4.225374221801758,-0.00024470232892781496,0.03234295919537544,0.03234252333641052,1.0,-3.0,collision
758,4.106001377105713,-4.225353240966797,-0.0002498885150998831,0.0006760418764315546,0.0006563279894180596,0.0,3.0,collision
759,4.106000900268555,-4.225353240966797,-0.0002497568784747273,1.5458545021829195e-05,1.4901160284352954e-05,0.0,3.0,collision
760,4.106001377105713,-4.225353240966797,-0.00024935699184425175,1.944751784321852e-05,1.4901160284352954e-05,0.0,-3.0,collision
761,4.106001377105713,-4.225353240966797,-0.0002490377228241414,9.977155968954321e-06,0.0,0.0,0.0,collision
762,4.106001377105713,-4.225353240966797,-0.0002487779420334846,8.118149708025157e-06,0.0,0.0,0.0,collision
763,4.106001853942871,-4.225353240966797,-0.00024856504751369357,1.6318896086886525e-05,1.4901160284352954e-05,0.0,-3.0,collision
764,4.106078624725342,-4.224299907684326,-0.00024342168762814254,0.03300436958670616,0.033003974705934525,1.0,0.0,collision
765,4.106154918670654,-4.223247051239014,-0.00024406836018897593,0.032988041639328,0.032988034188747406,1.0,3.0,collision
766,4.106229782104492,-4.222193717956543,-0.00024478189880028367,0.03299970552325249,0.03299969807267189,1.0,-3.0,collision
767,4.106307029724121,-4.221140384674072,-0.0002453725610394031,0.033005066215991974,0.033005062490701675,1.0,-3.0,collision
768,4.106308937072754,-4.221119403839111,-0.0002507276658434421,0.0006792908534407616,0.0006583547801710665,0.0,-3.0,collision
769,4.106389045715332,-4.22008752822876,-0.0002455712528899312,0.032343540340662,0.03234313800930977,1.0,3.0,collision
770,4.1064677238464355,-4.219034671783447,-0.00024570414097979665,0.03299350291490555,0.03299350291490555,1.0,3.0,collision
771,4.106544017791748,-4.217981338500977,-0.00024609133834019303,0.03300289809703827,0.03300289437174797,1.0,0.0,collision
772,4.106545448303223,-4.217960357666016,-0.0002512967330403626,0.0006770064937882125,0.000657173281069845,0.0,-3.0,collision
773,4.106622695922852,-4.216928005218506,-0.000246026465902105,0.032351620495319366,0.03235120326280594,1.0,3.0,collision
774,4.106624126434326,-4.216907024383545,-0.00025093986187130213,0.0006748720770701766,0.000657173281069845,0.0,-3.0,collision
775,4.10670280456543,-4.215854167938232,-0.00024562320322729647,0.032993920147418976,0.03299350291490555,1.0,0.0,collision
776,4.106704235076904,-4.2158331871032715,-0.0002507150638848543,0.0006761627737432718,0.000657173281069845,0.0,-3.0,collision
777,4.106703758239746,-4.2158331871032715,-0.00025042888591997325,1.7378806660417467e-05,1.4901160284352954e-05,0.0,0.0,collision
778,4.106785297393799,-4.214780330657959,-0.00024492392549291253,0.03300073370337486,0.03300028666853905,1.0,0.0,collision
779,4.10686731338501,-4.2137274742126465,-0.0002452600165270269,0.03300143778324127,0.03300143778324127,1.0,-3.0,collision
780,4.106865882873535,-4.2137064933776855,-0.0002506385208107531,0.00067832664353773,0.000657173281069845,0.0,3.0,collision
781,4.106945991516113,-4.212675094604492,-0.0002454875211697072,0.032328683882951736,0.0323282815515995,1.0,3.0,collision
782,4.10694694519043,-4.212653636932373,-0.0002505196607671678,0.0006893891259096563,0.0006712141912430525,0.0,3.0,collision
783,4.107021808624268,-4.2116217613220215,-0.00024537884746678174,0.03233126550912857,0.032330866903066635,1.0,3.0,collision
784,4.107095718383789,-4.210568428039551,-0.0002455388894304633,0.03299759700894356,0.03299759700894356,1.0,-3.0,collision
785,4.107172012329102,-4.20951509475708,-0.00024596878211013973,0.03300289809703827,0.03300289437174797,1.0,0.0,collision
786,4.107248783111572,-4.208461761474609,-0.00024631788255646825,0.033003974705934525,0.033003974705934525,1.0,-3.0,collision
787,4.107247352600098,-4.208440780639648,-0.000251495250267908,0.0006767965969629586,0.000657173281069845,0.0,3.0,collision
788,4.107325077056885,-4.207408428192139,-0.000246162322582677,0.0323527492582798,0.03235231712460518,1.0,-3.0,collision
789,4.107403755187988,-4.206355571746826,-0.0002461826952639967,0.03299350291490555,0.03299350291490555,1.0,0.0,collision
790,4.107405662536621,-4.206334114074707,-0.00025135662872344255,0.0006923403707332909,0.0006731961038894951,0.0,-3.0,collision
791,4.107405662536621,-4.206334114074707,-0.00025095193996094167,1.2646522918657865e-05,0.0,0.0,0.0,collision
792,4.107406139373779,-4.206334590911865,-0.0002503194846212864,2.8891416150145233e-05,2.1073423340567388e-05,0.0,-3.0,collision
793,4.107406139373779,-4.206334590911865,-0.00024981304886750877,1.5826117305550724e-05,0.0,0.0,3.0,collision
794,4.107406139373779,-4.206334114074707,-0.0002493924694135785,1.9869219613610767e-05,1.4901160284352954e-05,0.0,0.0,collision
795,4.107486724853516,-4.205302715301514,-0.0002441707474645227,0.032329853624105453,0.032329440116882324,1.0,-3.0,collision
796,4.107571125030518,-4.204249858856201,-0.00024456920800730586,0.033007312566041946,0.03300730884075165,1.0,-3.0,collision
797,4.107657432556152,-4.203197479248047,-0.0002451883628964424,0.03299727663397789,0.03299727290868759,1.0,-3.0,collision
798,4.107656478881836,-4.203176498413086,-0.00025059186737053096,0.0006777020171284676,0.0006563279894180596,0.0,3.0,collision
799,4.107656955718994,-4.203176498413086,-0.0002503294381313026,1.7008809663821012e-05,1.4901160284352954e-05,0.0,0.0,collision
800,4.1076579093933105,-4.203176498413086,-0.000249821285251528,3.376900349394418e-05,2.980232056870591e-05,0.0,-3.0,collision
801,4.10774564743042,-4.20212459564209,-0.00024442761787213385,0.032986536622047424,0.0329861082136631,1.0,0.0,collision
802,4.107746124267578,-4.202124118804932,-0.0002498470130376518,0.0001706621696939692,2.1073423340567388e-05,0.0,0.0,collision
803,4.107832431793213,-4.2010931968688965,-0.0002447578590363264,0.03232940286397934,0.032329011708498,1.0,3.0,collision
804,4.107833385467529,-4.201071739196777,-0.0002499320835340768,0.0006904154433868825,0.0006712141912430525,0.0,3.0,collision
805,4.107914447784424,-4.200040340423584,-0.0002449083549436182,0.032330986112356186,0.032330602407455444,1.0,3.0,collision
806,4.107914924621582,-4.200018882751465,-0.00025005615316331387,0.0006897398270666599,0.0006707177381031215,0.0,3.0,collision
807,4.107994079589844,-4.198987007141113,-0.0002449961903039366,0.032341234385967255,0.032340846955776215,1.0,-3.0,collision
808,4.107992649078369,-4.198966026306152,-0.0002501387207303196,0.0006765371654182673,0.000657173281069845,0.0,3.0,collision
809,4.108068943023682,-4.197934150695801,-0.00024507372290827334,0.03233451768755913,0.032334133982658386,1.0,3.0,collision
810,4.108068466186523,-4.197933673858643,-0.00025027914671227336,0.00016402881010435522,2.1073423340567388e-05,0.0,0.0,collision
811,4.108068943023682,-4.197933673858643,-0.00024997390573844314,1.7692735127639025e-05,1.4901160284352954e-05,0.0,-3.0,collision
812,4.108068943023682,-4.197933673858643,-0.00024953598040156066,1.368516586808255e-05,0.0,0.0,-3.0,collision
813,4.108068466186523,-4.197933673858643,-0.0002491865016054362,1.8474778698873706e-05,1.4901160284352954e-05,0.0,3.0,collision
814,4.108147144317627,-4.196901798248291,-0.00024400028632953763,0.032340116798877716,0.032339710742235184,1.0,-3.0,collision
815,4.108147621154785,-4.196901321411133,-0.00024941787705756724,0.0001706062030280009,2.1073423340567388e-05,0.0,0.0,collision
816,4.108227252960205,-4.195869445800781,-0.00024439970729872584,0.032342370599508286,0.03234199061989784,1.0,-3.0,collision
817,4.108309745788574,-4.194817066192627,-0.0002447729930281639,0.032987747341394424,0.032987743616104126,1.0,3.0,collision
818,4.108311176300049,-4.194795608520508,-0.0002502240240573883,0.0006932935793884099,0.0006720406818203628,0.0,-3.0,collision
819,4.108392238616943,-4.1937642097473145,-0.0002451671753078699,0.03233099356293678,0.032330602407455444,1.0,3.0,collision
820,4.10839319229126,-4.1937432289123535,-0.0002502642455510795,0.000675379647873342,0.0006563279894180596,0.0,3.0,collision
821,4.108392715454102,-4.193742752075195,-0.00025005335919559,2.2079851987655275e-05,2.1073423340567388e-05,0.0,0.0,collision
822,4.108470439910889,-4.192689895629883,-0.0002446227881591767,0.03299172967672348,0.03299129381775856,1.0,0.0,collision
823,4.108548641204834,-4.19163703918457,-0.0002450191823299974,0.032992396503686905,0.032992396503686905,1.0,-3.0,collision
824,4.108548641204834,-4.191636562347412,-0.0002505358716007322,0.00017303932690992951,1.4901160284352954e-05,0.0,0.0,collision
825,4.108549118041992,-4.191636562347412,-0.00025019404711201787,1.8334394553676248e-05,1.4901160284352954e-05,0.0,-3.0,collision
826,4.108549118041992,-4.191636562347412,-0.00024971802486106753,1.4875694432703312e-05,0.0,0.0,0.0,collision
827,4.10854959487915,-4.191636562347412,-0.0002493176725693047,1.9456872905720957e-05,1.4901160284352954e-05,0.0,-3.0,collision
828,4.108550071716309,-4.191636562347412,-0.00024900076095946133,1.7891999959829263e-05,1.4901160284352954e-05,0.0,-3.0,collision
829,4.10854959487915,-4.191636562347412,-0.0002487578021828085,1.6723937733331695e-05,1.4901160284352954e-05,0.0,3.0,collision
830,4.10854959487915,-4.191636562347412,-0.0002485485456418246,6.539266451000003e-06,0.0,0.0,0.0,collision
831,4.108633518218994,-4.190605163574219,-0.0002434954949421808,0.03233812004327774,0.0323377326130867,1.0,-3.0,collision
832,4.1087212562561035,-4.1895527839660645,-0.00024402918643318117,0.03300096094608307,0.03300095722079277,1.0,-3.0,collision
833,4.108810901641846,-4.188500881195068,-0.0002447612932883203,0.03299112617969513,0.032991115003824234,1.0,0.0,collision
834,4.108813285827637,-4.188479900360107,-0.00025023435591720045,0.0006816757377237082,0.0006598707986995578,0.0,-3.0,collision
835,4.1089043617248535,-4.187448978424072,-0.0002451651671435684,0.03234217315912247,0.03234178200364113,1.0,-3.0,collision
836,4.108998775482178,-4.186397075653076,-0.0002453901688568294,0.03300410136580467,0.03300410136580467,1.0,3.0,collision
837,4.109090328216553,-4.18534517288208,-0.0002458456438034773,0.03299623355269432,0.03299622982740402,1.0,3.0,collision
838,4.109179973602295,-4.184292793273926,-0.000246223557041958,0.0330059640109539,0.033005960285663605,1.0,3.0,collision
839,4.109180450439453,-4.184271812438965,-0.00025140924844890833,0.0006755453068763018,0.0006558204186148942,0.0,3.0,collision
840,4.109180450439453,-4.184271812438965,-0.0002509787736926228,1.345233522442868e-05,0.0,0.0,-3.0,collision
841,4.1092658042907715,-4.1832404136657715,-0.00024547087377868593,0.0323418490588665,0.03234139084815979,1.0,3.0,collision
842,4.10926628112793,-4.1832194328308105,-0.0002504925068933517,0.0006743338308297098,0.0006558204186148942,0.0,3.0,collision
843,4.109266757965088,-4.1832194328308105,-0.0002502301649656147,1.7007492715492845e-05,1.4901160284352954e-05,0.0,-3.0,collision
844,4.109350681304932,-4.182167053222656,-0.00024476833641529083,0.03299170732498169,0.03299126774072647,1.0,0.0,collision
845,4.109435558319092,-4.181114196777344,-0.0002451356849633157,0.033008504658937454,0.033008500933647156,1.0,-3.0,collision
846,4.109521865844727,-4.1800618171691895,-0.00024565536295995116,0.03299727663397789,0.03299727290868759,1.0,3.0,collision
847,4.109522819519043,-4.1800408363342285,-0.0002509548212401569,0.0006768991588614881,0.0006563279894180596,0.0,3.0,collision
848,4.109604835510254,-4.178987979888916,-0.00024563929764553905,0.033001858741045,0.03300143778324127,1.0,0.0,collision
849,4.109686851501465,-4.1779351234436035,-0.00024584654602222145,0.03300143778324127,0.03300143778324127,1.0,-3.0,collision
850,4.10968542098999,-4.177914142608643,-0.0002511081111151725,0.0006774303619749844,0.000657173281069845,0.0,3.0,collision
851,4.10968542098999,-4.177914142608643,-0.0002507469616830349,1.1285918844805565e-05,0.0,0.0,3.0,collision
852,4.10976505279541,-4.17686128616333,-0.0002451729087624699,0.03299619257450104,0.03299573436379433,1.0,0.0,collision
853,4.10976505279541,-4.176860809326172,-0.00025044308858923614,0.0001653658546274528,1.4901160284352954e-05,0.0,0.0,collision
854,4.109844207763672,-4.1758294105529785,-0.0002452238113619387,0.03232640027999878,0.03232599049806595,1.0,-3.0,collision
855,4.109925746917725,-4.174776554107666,-0.0002454322238918394,0.03300028666853905,0.03300028666853905,1.0,3.0,collision
856,4.110005855560303,-4.173723220825195,-0.00024587410734966397,0.033011723309755325,0.03301171958446503,1.0,0.0,collision
857,4.110085487365723,-4.172670364379883,-0.0002462519332766533,0.032995738089084625,0.03299573436379433,1.0,3.0,collision
858,4.110162258148193,-4.171617031097412,-0.00024654954904690385,0.033003974705934525,0.033003974705934525,1.0,3.0,collision
859,4.110237121582031,-4.170563697814941,-0.00024678214685991406,0.03299969807267189,0.03299969807267189,1.0,0.0,collision
860,4.110311985015869,-4.169510364532471,-0.0002469790633767843,0.03299969807267189,0.03299969807267189,1.0,3.0,collision
861,4.110311508178711,-4.169510364532471,-0.0002521042188163847,0.00016085279639810324,1.4901160284352954e-05,0.0,0.0,collision
862,4.110311031341553,-4.169510364532471,-0.0002514533407520503,2.52142344834283e-05,1.4901160284352954e-05,0.0,0.0,collision
863,4.1103105545043945,-4.1695098876953125,-0.00025072097196243703,3.11108015011996e-05,2.1073423340567388e-05,0.0,0.0,collision
864,4.1103105545043945,-4.1695098876953125,-0.0002501244598533958,1.8641003407537937e-05,0.0,0.0,0.0,collision
865,4.110310077667236,-4.1695098876953125,-0.0002496468077879399,2.1091436792630702e-05,1.4901160284352954e-05,0.0,0.0,collision
866,4.110381603240967,-4.168477535247803,-0.00024438565014861524,0.03233876824378967,0.032338351011276245,1.0,3.0,collision
867,4.110452175140381,-4.167424201965332,-0.0002447301521897316,0.032990459352731705,0.032990459352731705,1.0,-3.0,collision
868,4.110452175140381,-4.167423725128174,-0.0002503003634046763,0.00017470573948230594,1.4901160284352954e-05,0.0,0.0,collision
869,4.1105265617370605,-4.166391372680664,-0.000245119706960395,0.03234505653381348,0.03234465420246124,1.0,-3.0,collision
870,4.1105265617370605,-4.166391372680664,-0.00025032414123415947,0.00016263856377918273,0.0,0.0,0.0,collision
871,4.1105265617370605,-4.166391372680664,-0.0002500152913853526,9.651556865719613e-06,0.0,0.0,0.0,collision
872,4.110602378845215,-4.165338039398193,-0.00024458844563923776,0.033002257347106934,0.033001821488142014,1.0,0.0,collision
873,4.110602378845215,-4.165338039398193,-0.0002499758847989142,0.0001683574664639309,0.0,0.0,0.0,collision
874,4.110602855682373,-4.165338039398193,-0.000249735196121037,1.6691850760253146e-05,1.4901160284352954e-05,0.0,-3.0,collision
875,4.110602855682373,-4.165338039398193,-0.000249350443482399,1.202351904794341e-05,0.0,0.0,0.0,collision
876,4.110602378845215,-4.165338039398193,-0.00024903370649553835,1.7888980437419377e-05,1.4901160284352954e-05,0.0,3.0,collision
877,4.110602378845215,-4.165338039398193,-0.0002487740421202034,8.114511729218066e-06,0.0,0.0,3.0,collision
878,4.11067533493042,-4.164284706115723,-0.00024357893562410027,0.03299592435359955,0.03299552574753761,1.0,0.0,collision
879,4.1106767654418945,-4.164263725280762,-0.00024906592443585396,0.0006791745545342565,0.000657173281069845,0.0,-3.0,collision
880,4.110750675201416,-4.16323184967041,-0.00024423026479780674,0.032329075038433075,0.03232872113585472,1.0,3.0,collision
881,4.110751152038574,-4.163210391998291,-0.00024951473460532725,0.0006907484494149685,0.0006707177381031215,0.0,3.0,collision
882,4.110821723937988,-4.16215705871582,-0.00024447235045954585,0.03299083560705185,0.032990459352731705,1.0,0.0,collision
883,4.110822677612305,-4.162136077880859,-0.00024979468435049057,0.0006770744221284986,0.0006563279894180596,0.0,-3.0,collision
884,4.110895156860352,-4.16110372543335,-0.0002448025334160775,0.03234080225229263,0.03234042599797249,1.0,-3.0,collision
885,4.110970497131348,-4.160050392150879,-0.0002450997126288712,0.03300075605511665,0.03300075605511665,1.0,3.0,collision
886,4.111043453216553,-4.15899658203125,-0.0002456084475852549,0.033010393381118774,0.033010389655828476,1.0,0.0,collision
887,4.111116886138916,-4.157943248748779,-0.0002460292889736593,0.032996561378240585,0.03299655765295029,1.0,-3.0,collision
888,4.111117362976074,-4.157943248748779,-0.0002513545914553106,0.00016708149632904679,1.4901160284352954e-05,0.0,0.0,collision
889,4.111192226409912,-4.1569108963012695,-0.00024596473667770624,0.03234616667032242,0.0323457270860672,1.0,-3.0,collision
890,4.111270427703857,-4.155858039855957,-0.0002460253017488867,0.032992396503686905,0.032992396503686905,1.0,3.0,collision
891,4.1113457679748535,-4.154804706573486,-0.00024635338922962546,0.03300075605511665,0.03300075605511665,1.0,3.0,collision
892,4.111419677734375,-4.153751373291016,-0.00024661957286298275,0.03299759700894356,0.03299759700894356,1.0,-3.0,collision
893,4.111419677734375,-4.153750896453857,-0.0002518261899240315,0.00016338769637513906,1.4901160284352954e-05,0.0,0.0,collision
894,4.111420154571533,-4.153750896453857,-0.00025122653460130095,2.3941664039739408e-05,1.4901160284352954e-05,0.0,-3.0,collision
895,4.111419677734375,-4.153750896453857,-0.00025054911384359,2.5887989977491088e-05,1.4901160284352954e-05,0.0,3.0,collision
896,4.111494064331055,-4.152719020843506,-0.0002451025939080864,0.032330241054296494,0.03232979029417038,1.0,3.0,collision
897,4.11156702041626,-4.151665210723877,-0.00024531345115974545,0.033010389655828476,0.033010389655828476,1.0,3.0,collision
898,4.111638069152832,-4.150611877441406,-0.00024577302974648774,0.03299146145582199,0.03299146145582199,1.0,-3.0,collision
899,4.111639022827148,-4.150590896606445,-0.0002510462945792824,0.0006766993901692331,0.0006563279894180596,0.0,-3.0,collision
900,4.111713409423828,-4.1495585441589355,-0.0002458262606523931,0.032345063984394073,0.03234465420246124,1.0,3.0,collision
901,4.111713409423828,-4.149558067321777,-0.00025088206166401505,0.00015869492199271917,1.4901160284352954e-05,0.0,0.0,collision
902,4.111786365509033,-4.148504734039307,-0.00024548001238144934,0.032995957881212234,0.03299552574753761,1.0,0.0,collision
903,4.111785888671875,-4.148504734039307,-0.0002506986493244767,0.00016376176790799946,1.4901160284352954e-05,0.0,0.0,collision
904,4.111786365509033,-4.148504734039307,-0.00025031360564753413,1.915276334329974e-05,1.4901160284352954e-05,0.0,-3.0,collision
905,4.111861705780029,-4.147451400756836,-0.00024483149172738194,0.03300119936466217,0.03300075605511665,1.0,0.0,collision
906,4.111863136291504,-4.147430419921875,-0.0002500680857338011,0.0006772413616999984,0.000657173281069845,0.0,-3.0,collision
907,4.111940860748291,-4.1463775634765625,-0.00024492936790920794,0.0329916849732399,0.03299129381775856,1.0,0.0,collision
908,4.111941337585449,-4.146356582641602,-0.0002501721610315144,0.0006759755779057741,0.0006558204186148942,0.0,3.0,collision
909,4.112015724182129,-4.145324230194092,-0.00024510512594133615,0.03234504163265228,0.03234465420246124,1.0,3.0,collision
910,4.112088203430176,-4.144270896911621,-0.0002453304477967322,0.03299449756741524,0.03299449756741524,1.0,3.0,collision
911,4.112158298492432,-4.143217086791992,-0.00024579247110523283,0.033004339784383774,0.033004336059093475,1.0,0.0,collision
912,4.112157821655273,-4.143216609954834,-0.00025116014876402915,0.00016905847587622702,2.1073423340567388e-05,0.0,0.0,collision
913,4.112229824066162,-4.142184257507324,-0.0002458080998621881,0.03233981877565384,0.03233938664197922,1.0,-3.0,collision
914,4.112231254577637,-4.142163276672363,-0.0002507719909772277,0.0006752329063601792,0.000657173281069845,0.0,-3.0,collision
915,4.112231254577637,-4.142163276672363,-0.0002504703588783741,9.426003089174628e-06,0.0,0.0,0.0,collision
916,4.112307071685791,-4.141109943389893,-0.00024495690013282,0.03300227224826813,0.033001821488142014,1.0,0.0,collision
917,4.112382411956787,-4.14005708694458,-0.000245296600041911,0.03298589587211609,0.03298589214682579,1.0,3.0,collision
918,4.112455368041992,-4.139003276824951,-0.0002457742521073669,0.033010393381118774,0.033010389655828476,1.0,3.0,collision
919,4.112525939941406,-4.1379499435424805,-0.00024616686278022826,0.032990459352731705,0.032990459352731705,1.0,3.0,collision
920,4.112526893615723,-4.137928485870361,-0.00025135237956419587,0.0006904982146807015,0.0006712141912430525,0.0,-3.0,collision
921,4.112525939941406,-4.137928485870361,-0.0002509544719941914,3.2292376999976113e-05,2.980232056870591e-05,0.0,3.0,collision
922,4.112595081329346,-4.136875152587891,-0.00024533955729566514,0.032987967133522034,0.032987501472234726,1.0,0.0,collision
923,4.112596035003662,-4.13685417175293,-0.00025047396775335073,0.0006756558432243764,0.0006563279894180596,0.0,-3.0,collision
924,4.112595558166504,-4.13685417175293,-0.00025023528723977506,1.6663665519445203e-05,1.4901160284352954e-05,0.0,0.0,collision
925,4.112667083740234,-4.135800361633301,-0.00024476900580339134,0.033007774502038956,0.03300733119249344,1.0,0.0,collision
926,4.112739086151123,-4.13474702835083,-0.0002451361215207726,0.03299348056316376,0.03299348056316376,1.0,-3.0,collision
927,4.112740516662598,-4.134726047515869,-0.00025052702403627336,0.0006784226861782372,0.000657173281069845,0.0,-3.0,collision
928,4.112815856933594,-4.133693695068359,-0.00024541019229218364,0.03234720230102539,0.03234681114554405,1.0,3.0,collision
929,4.112889289855957,-4.132640361785889,-0.00024557538563385606,0.03299655765295029,0.03299655765295029,1.0,3.0,collision
930,4.1129608154296875,-4.131587028503418,-0.0002459883689880371,0.032992467284202576,0.03299246355891228,1.0,0.0,collision
931,4.112960338592529,-4.13158655166626,-0.00025131675647571683,0.00016784030594862998,2.1073423340567388e-05,0.0,0.0,collision
932,4.113030910491943,-4.13055419921875,-0.00024594541173428297,0.03233674168586731,0.03233630582690239,1.0,3.0,collision
933,4.113030910491943,-4.130532741546631,-0.0002508820907678455,0.0006880696746520698,0.0006705521955154836,0.0,3.0,collision
934,4.113030433654785,-4.130532741546631,-0.0002505473094061017,1.8207039829576388e-05,1.4901160284352954e-05,0.0,0.0,collision
935,4.11309814453125,-4.129500389099121,-0.0002451087348163128,0.03233077749609947,0.03233033046126366,1.0,-3.0,collision
936,4.1131672859191895,-4.128446578979492,-0.00024532535462640226,0.03300236910581589,0.03300236910581589,1.0,0.0,collision
937,4.113168716430664,-4.128425121307373,-0.0002506703604012728,0.000692486937623471,0.0006720406818203628,0.0,-3.0,collision
938,4.113168716430664,-4.128425121307373,-0.0002504083386156708,8.188180800061673e-06,0.0,0.0,3.0,collision
939,4.113168716430664,-4.128425121307373,-0.0002498840622138232,1.638363755773753e-05,0.0,0.0,0.0,collision
940,4.113168239593506,-4.128425121307373,-0.00024946031044237316,1.9934932424803264e-05,1.4901160284352954e-05,0.0,3.0,collision
941,4.113168716430664,-4.128425598144531,-0.0002491053892299533,2.3813983716536313e-05,2.1073423340567388e-05,0.0,-3.0,collision
942,4.113168716430664,-4.128425121307373,-0.0002488357713446021,1.711825461825356e-05,1.4901160284352954e-05,0.0,0.0,collision
943,4.113168716430664,-4.128425598144531,-0.0002486114390194416,1.6467849491164088e-05,1.4901160284352954e-05,0.0,-3.0,collision
944,4.1132402420043945,-4.1273932456970215,-0.00024355015193577856,0.032338738441467285,0.032338351011276245,1.0,-3.0,collision
945,4.113314628601074,-4.126339435577393,-0.00024407794990111142,0.03301351144909859,0.03301350772380829,1.0,0.0,collision
946,4.113389492034912,-4.125286102294922,-0.0002447912993375212,0.03299970552325249,0.03299969807267189,1.0,-3.0,collision
947,4.113466739654541,-4.124233245849609,-0.0002453804190736264,0.03299020603299141,0.03299020230770111,1.0,-3.0,collision
948,4.113465785980225,-4.12421178817749,-0.0002507459430489689,0.0006918399594724178,0.0006712141912430525,0.0,3.0,collision
949,4.113466262817383,-4.12421178817749,-0.0002504529256839305,1.7489750462118536e-05,1.4901160284352954e-05,0.0,0.0,collision
950,4.113542556762695,-4.123179912567139,-0.0002450348110869527,0.032334573566913605,0.032334133982658386,1.0,-3.0,collision
951,4.113541603088379,-4.123158931732178,-0.00025015498977154493,0.0006755503709428012,0.0006563279894180596,0.0,3.0,collision
952,4.113542079925537,-4.123158931732178,-0.0002499603433534503,1.6094838429125957e-05,1.4901160284352954e-05,0.0,-3.0,collision
953,4.113620281219482,-4.122127056121826,-0.00024464400485157967,0.032339006662368774,0.03233858197927475,1.0,-3.0,collision
954,4.113702297210693,-4.121074199676514,-0.0002449487801641226,0.03300143778324127,0.03300143778324127,1.0,-3.0,collision
955,4.113704204559326,-4.121053218841553,-0.00025037379236891866,0.0006798323011025786,0.0006583547801710665,0.0,-3.0,collision
956,4.113790512084961,-4.120000839233398,-0.0002451848704367876,0.03299767151474953,0.03299727290868759,1.0,0.0,collision
957,4.113877296447754,-4.118948459625244,-0.0002454839996062219,0.03299849480390549,0.03299849480390549,1.0,-3.0,collision
958,4.11396598815918,-4.11789608001709,-0.00024592471891082823,0.03300344944000244,0.03300344571471214,1.0,-3.0,collision
959,4.113966941833496,-4.11789608001709,-0.00025127080152742565,0.00016970244178082794,2.980232056870591e-05,0.0,0.0,collision
960,4.113967418670654,-4.11789608001709,-0.000250787241384387,2.1222502255113795e-05,1.4901160284352954e-05,0.0,0.0,collision
961,4.1139678955078125,-4.11789608001709,-0.0002501836570445448,2.403788676019758e-05,1.4901160284352954e-05,0.0,-3.0,collision
962,4.114060878753662,-4.116844177246094,-0.00024471734650433064,0.03300057724118233,0.03300013765692711,1.0,0.0,collision
963,4.11406135559082,-4.116844177246094,-0.00025007862132042646,0.00016820119344629347,1.4901160284352954e-05,0.0,0.0,collision
964,4.11406135559082,-4.116844177246094,-0.0002498272806406021,7.854396244511008e-06,0.0,0.0,3.0,collision
965,4.11406135559082,-4.116844177246094,-0.00024941438459791243,1.2903000424557831e-05,0.0,0.0,0.0,collision
966,4.114150047302246,-4.115813255310059,-0.0002441997639834881,0.03233572095632553,0.0323353111743927,1.0,3.0,collision
967,4.114150047302246,-4.1158127784729,-0.00024956613196991384,0.0001683597220107913,1.4901160284352954e-05,0.0,0.0,collision
968,4.114236831665039,-4.114781856536865,-0.000244517665123567,0.03233064338564873,0.03233025595545769,1.0,-3.0,collision
969,4.1142354011535645,-4.114760398864746,-0.00024975184351205826,0.0006916597485542297,0.0006720406818203628,0.0,3.0,collision
970,4.1142354011535645,-4.114760398864746,-0.00024964273325167596,3.4096954095730325e-06,0.0,0.0,0.0,collision
971,4.114321708679199,-4.113729476928711,-0.0002443966513965279,0.03232942894101143,0.032329011708498,1.0,3.0,collision
972,4.114323139190674,-4.11370849609375,-0.00024962215684354305,0.0006771577754989266,0.000657173281069845,0.0,-3.0,collision
973,4.114323139190674,-4.113708019256592,-0.0002495496883057058,1.5072264432092197e-05,1.4901160284352954e-05,0.0,0.0,collision
974,4.114410400390625,-4.112656116485596,-0.0002442202530801296,0.03298529237508774,0.03298487141728401,1.0,0.0,collision
975,4.114410400390625,-4.1126556396484375,-0.0002496817905921489,0.00017132230277638882,1.4901160284352954e-05,0.0,0.0,collision
976,4.114497184753418,-4.111624717712402,-0.0002446146681904793,0.032330647110939026,0.03233025595545769,1.0,-3.0,collision
977,4.114587306976318,-4.110572338104248,-0.00024494511308148503,0.03300723060965538,0.03300723060965538,1.0,3.0,collision
978,4.114587306976318,-4.110572338104248,-0.0002504636358935386,0.00017245383060071617,0.0,0.0,0.0,collision
979,4.114673614501953,-4.109540939331055,-0.00024526173365302384,0.0323442667722702,0.03234386071562767,1.0,3.0,collision
980,4.114758491516113,-4.1084885597229,-0.0002454523928463459,0.03299365192651749,0.03299365192651749,1.0,3.0,collision
981,4.114758491516113,-4.108488082885742,-0.00025086867390200496,0.00016991344455163926,1.4901160284352954e-05,0.0,0.0,collision
982,4.114840507507324,-4.107456684112549,-0.000245574425207451,0.0323333777487278,0.032332953065633774,1.0,-3.0,collision
983,4.114840507507324,-4.107456207275391,-0.0002506869495846331,0.0001604597782716155,1.4901160284352954e-05,0.0,0.0,collision
984,4.114840507507324,-4.107456207275391,-0.0002503054274711758,1.1922565136046614e-05,0.0,0.0,0.0,collision
985,4.114840507507324,-4.107456207275391,-0.0002497972163837403,1.5881596482358873e-05,0.0,0.0,-3.0,collision
986,4.114840984344482,-4.107456207275391,-0.000249384727794677,1.9702882127603516e-05,1.4901160284352954e-05,0.0,-3.0,collision
987,4.114840507507324,-4.107456207275391,-0.00024906493490561843,1.7941993064596318e-05,1.4901160284352954e-05,0.0,3.0,collision
988,4.114840507507324,-4.107456207275391,-0.00024879418197087944,8.461029210593551e-06,0.0,0.0,0.0,collision
989,4.114926815032959,-4.1064252853393555,-0.0002437031507724896,0.03232940286397934,0.032329011708498,1.0,3.0,collision
990,4.114926815032959,-4.106424808502197,-0.000249169155722484,0.00017146138998214155,1.4901160284352954e-05,0.0,0.0,collision
991,4.115011215209961,-4.105393409729004,-0.0002442000259179622,0.03233931586146355,0.032338947057724,1.0,-3.0,collision
992,4.115013122558594,-4.105372428894043,-0.00024948528152890503,0.000678756448905915,0.0006583547801710665,0.0,-3.0,collision
993,4.1150126457214355,-4.105372428894043,-0.0002494465734343976,1.4950177501305006e-05,1.4901160284352954e-05,0.0,3.0,collision
994,4.115100860595703,-4.104320526123047,-0.00024413228675257415,0.03298776596784592,0.03298734873533249,1.0,0.0,collision
995,4.115189075469971,-4.103268146514893,-0.0002446317521389574,0.03300220146775246,0.03300220146775246,1.0,0.0,collision
996,4.115189552307129,-4.103267669677734,-0.00025022204499691725,0.00017596306861378253,2.1073423340567388e-05,0.0,0.0,collision
997,4.115189552307129,-4.103267669677734,-0.00024994282284751534,8.725692168809474e-06,0.0,0.0,-3.0,collision
998,4.115279197692871,-4.102236747741699,-0.00024462665896862745,0.03233831003308296,0.03233787789940834,1.0,-3.0,collision
999,4.1152777671813965,-4.102215766906738,-0.00024982920149341226,0.0006769850733689964,0.000657173281069845,0.0,3.0,collision
1000,4.115278244018555,-4.102215766906738,-0.00024970396771095693,1.540650919196196e-05,1.4901160284352954e-05,0.0,0.0,collision
1001,4.115278720855713,-4.102215766906738,-0.00024932011729106307,1.9129360225633718e-05,1.4901160284352954e-05,0.0,-3.0,collision
1002,4.115371227264404,-4.1011643409729,-0.0002440265816403553,0.03298439830541611,0.03298398479819298,1.0,0.0,collision
1003,4.115464210510254,-4.100111961364746,-0.000244546914473176,0.03301498293876648,0.03301497921347618,1.0,0.0,collision
1004,4.1154656410217285,-4.100090980529785,-0.0002500633127056062,0.0006794072105549276,0.000657173281069845,0.0,3.0,collision
1005,4.11546516418457,-4.100090980529785,-0.0002499119145795703,1.5634217561455444e-05,1.4901160284352954e-05,0.0,3.0,collision
1006,4.115551471710205,-4.09906005859375,-0.0002446071885060519,0.032329436391592026,0.032329011708498,1.0,3.0,collision
1007,4.11555290222168,-4.099039077758789,-0.0002497901732567698,0.0006768385646864772,0.000657173281069845,0.0,-3.0,collision
1008,4.115553379058838,-4.099039077758789,-0.00024967885110527277,1.5301855455618352e-05,1.4901160284352954e-05,0.0,-3.0,collision
1009,4.115643501281738,-4.097987174987793,-0.0002443277044221759,0.032992806285619736,0.03299238532781601,1.0,0.0,collision
1010,4.1157331466674805,-4.096934795379639,-0.0002447937149554491,0.0330059640109539,0.033005960285663605,1.0,3.0,collision
1011,4.115821361541748,-4.095882415771484,-0.0002453619381412864,0.03300220146775246,0.03300220146775246,1.0,-3.0,collision
1012,4.115911960601807,-4.094830513000488,-0.00024583638878539205,0.03299366310238838,0.032993659377098083,1.0,-3.0,collision
1013,4.116004467010498,-4.093778610229492,-0.00024622707860544324,0.03299883008003235,0.03299882635474205,1.0,3.0,collision
1014,4.1160054206848145,-4.093757152557373,-0.00025141233345493674,0.0006904962938278913,0.0006712141912430525,0.0,3.0,collision
1015,4.116093158721924,-4.092705249786377,-0.00024600530741736293,0.03298654034733772,0.0329861082136631,1.0,0.0,collision
1016,4.116180896759033,-4.091652870178223,-0.00024614427820779383,0.03300095722079277,0.03300095722079277,1.0,0.0,collision
1017,4.116268634796143,-4.090600490570068,-0.00024645321536809206,0.03300096094608307,0.03300095722079277,1.0,0.0,collision
1018,4.11635684967041,-4.089548110961914,-0.0002467053127475083,0.03300220146775246,0.03300220146775246,1.0,-3.0,collision
1019,4.1164469718933105,-4.08849573135376,-0.0002469165774527937,0.03300723060965538,0.03300723060965538,1.0,0.0,collision
1020,4.116448879241943,-4.088474750518799,-0.0002519578847568482,0.0006769417668692768,0.0006583547801710665,0.0,-3.0,collision
1021,4.116540431976318,-4.087444305419922,-0.00024654401931911707,0.03232869878411293,0.03232825547456741,1.0,-3.0,collision
1022,4.116635322570801,-4.086392402648926,-0.0002464928838890046,0.03300543874502182,0.03300543874502182,1.0,3.0,collision
1023,4.116635799407959,-4.086391925811768,-0.00025170104345306754,0.00016411358956247568,2.1073423340567388e-05,0.0,0.0,collision
1024,4.116635799407959,-4.086392402648926,-0.000251125282375142,2.3361846615443937e-05,1.4901160284352954e-05,0.0,-3.0,collision
1025,4.116636276245117,-4.086391925811768,-0.00025046273367479444,2.954270712507423e-05,2.1073423340567388e-05,0.0,0.0,collision
1026,4.116636276245117,-4.086391925811768,-0.00024991814279928803,1.7018464859575033e-05,0.0,0.0,0.0,collision
1027,4.116636276245117,-4.086391925811768,-0.00024948184727691114,1.3634234164783265e-05,0.0,0.0,0.0,collision
1028,4.116636276245117,-4.086391925811768,-0.00024913286324590445,1.090575005946448e-05,0.0,0.0,0.0,collision
1029,4.116636276245117,-4.086391925811768,-0.0002488537866156548,8.721144695300609e-06,0.0,0.0,0.0,collision
1030,4.116636276245117,-4.086391925811768,-0.00024863058933988214,6.974914413149236e-06,0.0,0.0,0.0,collision
1031,4.116636276245117,-4.086391925811768,-0.00024844714789651334,5.732544650527416e-06,0.0,0.0,-3.0,collision
1032,4.116733551025391,-4.085340976715088,-0.00024332734756171703,0.03298293054103851,0.032982539385557175,1.0,0.0,collision
1033,4.116831302642822,-4.08428955078125,-0.00024398276582360268,0.032998763024806976,0.03299875557422638,1.0,-3.0,collision
1034,4.116829872131348,-4.084268569946289,-0.00024961790768429637,0.0006803582073189318,0.000657173281069845,0.0,3.0,collision
1035,4.116925239562988,-4.083238124847412,-0.00024467037292197347,0.032339394092559814,0.03233902528882027,1.0,3.0,collision
1036,4.117020130157471,-4.082186222076416,-0.0002449731982778758,0.03300544247031212,0.03300543874502182,1.0,-3.0,collision
1037,4.117116928100586,-4.081134796142578,-0.00024551647948101163,0.03299601003527641,0.032996006309986115,1.0,0.0,collision
1038,4.1171183586120605,-4.081113338470459,-0.0002508491452317685,0.0006923940381966531,0.0006720406818203628,0.0,3.0,collision
1039,4.117118835449219,-4.081113815307617,-0.00025053121498785913,2.32980619330192e-05,2.1073423340567388e-05,0.0,-3.0,collision
1040,4.117215156555176,-4.080062389373779,-0.00024501007283106446,0.03299509361386299,0.03299464285373688,1.0,0.0,collision
1041,4.117216110229492,-4.08004093170166,-0.000250222539762035,0.0006906964117661119,0.0006712141912430525,0.0,3.0,collision
1042,4.117311954498291,-4.079010486602783,-0.0002451325999572873,0.032340794801712036,0.0323403999209404,1.0,-3.0,collision
1043,4.117314338684082,-4.078989505767822,-0.0002502361894585192,0.00067887082695961,0.0006598707986995578,0.0,-3.0,collision
1044,4.117412567138672,-4.0779595375061035,-0.00024515207041986287,0.03233294188976288,0.03233255445957184,1.0,-3.0,collision
1045,4.117514133453369,-4.076908111572266,-0.0002453738998156041,0.033010002225637436,0.033010002225637436,1.0,0.0,collision
1046,4.117514610290527,-4.076908111572266,-0.0002508121251594275,0.0001705965696601197,1.4901160284352954e-05,0.0,0.0,collision
1047,4.11761474609375,-4.075878143310547,-0.0002455405774526298,0.03233868256211281,0.03233826532959938,1.0,3.0,collision
1048,4.117713451385498,-4.074826717376709,-0.0002456701477058232,0.033001527190208435,0.033001527190208435,1.0,0.0,collision
1049,4.117715358734131,-4.074805736541748,-0.00025094603188335896,0.0006786852027289569,0.0006583547801710665,0.0,-3.0,collision
1050,4.117715358734131,-4.07480525970459,-0.0002506234450265765,1.7990772903431207e-05,1.4901160284352954e-05,0.0,0.0,collision
1051,4.117815017700195,-4.073775291442871,-0.0002451825712341815,0.03233727067708969,0.032336827367544174,1.0,3.0,collision
1052,4.117914199829102,-4.072724342346191,-0.00024536839919164777,0.032988086342811584,0.032988086342811584,1.0,-3.0,collision
1053,4.118015289306641,-4.0716729164123535,-0.00024583173217251897,0.033008575439453125,0.03300857171416283,1.0,0.0,collision
1054,4.11811637878418,-4.070621967315674,-0.0002462184347677976,0.03299374133348465,0.03299374133348465,1.0,3.0,collision
1055,4.118117332458496,-4.070600509643555,-0.00025140526122413576,0.0006905078189447522,0.0006712141912430525,0.0,3.0,collision
1056,4.118116855621338,-4.070600509643555,-0.0002509857004042715,1.984817754419055e-05,1.4901160284352954e-05,0.0,3.0,collision
1057,4.118211269378662,-4.069549083709717,-0.0002453640045132488,0.032989729195833206,0.0329892598092556,1.0,0.0,collision
1058,4.118305206298828,-4.068497180938721,-0.00024562200997024775,0.03300277516245842,0.03300277516245842,1.0,3.0,collision
1059,4.11830472946167,-4.068497180938721,-0.00025100811035372317,0.00016897395835258067,1.4901160284352954e-05,0.0,0.0,collision
1060,4.1183953285217285,-4.0674662590026855,-0.0002456862130202353,0.03234090283513069,0.03234047815203667,1.0,-3.0,collision
1061,4.118490219116211,-4.0664143562316895,-0.0002457973314449191,0.03300543874502182,0.03300543874502182,1.0,0.0,collision
1062,4.118492126464844,-4.0663933753967285,-0.000251048244535923,0.0006784960860386491,0.0006583547801710665,0.0,-3.0,collision
1063,4.118587970733643,-4.065362930297852,-0.0002458153758198023,0.03234081342816353,0.0323403999209404,1.0,-3.0,collision
1064,4.118688106536865,-4.064311504364014,-0.00024590009707026184,0.0330057367682457,0.0330057367682457,1.0,-3.0,collision
1065,4.118688583374023,-4.064311504364014,-0.000251236924668774,0.00016744023014325649,1.4901160284352954e-05,0.0,0.0,collision
1066,4.1187896728515625,-4.063281536102295,-0.00024586994550190866,0.032341595739126205,0.032341159880161285,1.0,-3.0,collision
1067,4.118788242340088,-4.063260555267334,-0.0002508339239284396,0.0006752334884367883,0.000657173281069845,0.0,3.0,collision
1068,4.118788719177246,-4.063260555267334,-0.0002505076408851892,1.8055747204925865e-05,1.4901160284352954e-05,0.0,0.0,collision
1069,4.118889331817627,-4.062230587005615,-0.00024507773923687637,0.0323401540517807,0.032339710742235184,1.0,-3.0,collision
1070,4.118889808654785,-4.062230587005615,-0.0002502795250620693,0.00016323734598699957,1.4901160284352954e-05,0.0,0.0,collision
1071,4.118993282318115,-4.0612006187438965,-0.00024508926435373724,0.03234893083572388,0.032348524779081345,1.0,-3.0,collision
1072,4.119101047515869,-4.060150146484375,-0.0002453146444167942,0.03299954533576965,0.03299954533576965,1.0,-3.0,collision
1073,4.119210720062256,-4.059100151062012,-0.0002457897935528308,0.03299086540937424,0.03299086168408394,1.0,0.0,collision
1074,4.119212627410889,-4.059078693389893,-0.00025106739485636353,0.0006931040552444756,0.0006731961038894951,0.0,3.0,collision
1075,4.119213104248047,-4.059079170227051,-0.0002507150638848543,2.3776392481522635e-05,2.1073423340567388e-05,0.0,3.0,collision
1076,4.119319438934326,-4.058049201965332,-0.0002452376065775752,0.032358039170503616,0.032357580959796906,1.0,-3.0,collision
1077,4.119426727294922,-4.0569987297058105,-0.00024542934261262417,0.03299802541732788,0.03299802541732788,1.0,0.0,collision
1078,4.119533538818359,-4.055948257446289,-0.0002458817616570741,0.0329965204000473,0.032996516674757004,1.0,3.0,collision
1079,4.119534969329834,-4.055927276611328,-0.0002511352358851582,0.0006773690693080425,0.000657173281069845,0.0,3.0,collision
1080,4.119535446166992,-4.055927276611328,-0.0002507597382646054,1.896676985779777e-05,1.4901160284352954e-05,0.0,-3.0,collision
1081,4.11953592300415,-4.055927276611328,-0.0002501692797522992,2.3717388103250414e-05,1.4901160284352954e-05,0.0,-3.0,collision
1082,4.119536399841309,-4.055927276611328,-0.00024968278012238443,2.1288005882524885e-05,1.4901160284352954e-05,0.0,-3.0,collision
1083,4.119536876678467,-4.055927276611328,-0.00024929296341724694,1.9246821466367692e-05,1.4901160284352954e-05,0.0,-3.0,collision
1084,4.119645595550537,-4.054898262023926,-0.00024410683545283973,0.03233608976006508,0.032335683703422546,1.0,3.0,collision
1085,4.119645595550537,-4.054897785186768,-0.0002494921791367233,0.00016895039880182594,1.4901160284352954e-05,0.0,0.0,collision
1086,4.119752407073975,-4.053868770599365,-0.00024445843882858753,0.03232985734939575,0.03232947736978531,1.0,-3.0,collision
1087,4.119750499725342,-4.053847789764404,-0.00024970530648715794,0.0006784655270166695,0.0006583547801710665,0.0,3.0,collision
1088,4.119750499725342,-4.053847312927246,-0.0002496098750270903,1.5196654203464277e-05,1.4901160284352954e-05,0.0,3.0,collision
1089,4.119858741760254,-4.0528178215026855,-0.00024435235536657274,0.0323493555188179,0.032348938286304474,1.0,-3.0,collision
1090,4.119967460632324,-4.051767826080322,-0.00024472654331475496,0.03298777714371681,0.03298777714371681,1.0,3.0,collision
1091,4.119967460632324,-4.051767349243164,-0.00025028848904184997,0.00017444837430957705,1.4901160284352954e-05,0.0,0.0,collision
1092,4.119967460632324,-4.051767349243164,-0.0002500004484318197,9.00126906344667e-06,0.0,0.0,0.0,collision
1093,4.120071887969971,-4.0507378578186035,-0.000244679773459211,0.032337117940187454,0.03233669325709343,1.0,3.0,collision
1094,4.120175838470459,-4.049686908721924,-0.000244971044594422,0.033002421259880066,0.033002421259880066,1.0,0.0,collision
1095,4.120177745819092,-4.049665927886963,-0.00025038656895048916,0.0006797584937885404,0.0006583547801710665,0.0,-3.0,collision
1096,4.120177745819092,-4.049665927886963,-0.00025017070583999157,6.745721748302458e-06,0.0,0.0,-3.0,collision
1097,4.1202850341796875,-4.048636436462402,-0.00024481318541802466,0.03234626725316048,0.032345838844776154,1.0,-3.0,collision
1098,4.120283126831055,-4.048615455627441,-0.00024997920263558626,0.0006778593524359167,0.0006583547801710665,0.0,3.0,collision
1099,4.120394229888916,-4.047586441040039,-0.00024493192904628813,0.03234397992491722,0.03234359622001648,1.0,-3.0,collision
1100,4.120392322540283,-4.047565460205078,-0.00025008906959556043,0.0006777933449484408,0.0006583547801710665,0.0,3.0,collision
1101,4.120392322540283,-4.047565460205078,-0.00024991686223074794,5.3814796956430655e-06,0.0,0.0,3.0,collision
1102,4.120392322540283,-4.047565460205078,-0.00024949456565082073,1.3196767213230487e-05,0.0,0.0,3.0,collision
1103,4.120494842529297,-4.046535491943359,-0.00024425843730568886,0.0323459729552269,0.03234555944800377,1.0,3.0,collision
1104,4.120495796203613,-4.046514511108398,-0.0002495218359399587,0.0006766243604943156,0.0006563279894180596,0.0,3.0,collision
1105,4.120495319366455,-4.046514511108398,-0.00024946389021351933,1.5010782590252347e-05,1.4901160284352954e-05,0.0,3.0,collision
1106,4.120494842529297,-4.046514511108398,-0.0002491325722075999,1.814506686059758e-05,1.4901160284352954e-05,0.0,3.0,collision
1107,4.1205878257751465,-4.045483589172363,-0.00024396901426371187,0.032347485423088074,0.03234708309173584,1.0,3.0,collision
1108,4.12067985534668,-4.044431686401367,-0.0002444070705678314,0.032997529953718185,0.03299752622842789,1.0,3.0,collision
1109,4.120680332183838,-4.044410228729248,-0.00024994186242111027,0.0006926602800376713,0.0006707177381031215,0.0,3.0,collision
1110,4.12067985534668,-4.044410228729248,-0.00024980949820019305,1.546461135149002e-05,1.4901160284352954e-05,0.0,0.0,collision
1111,4.120765209197998,-4.043378829956055,-0.000244531111093238,0.03234180808067322,0.03234139084815979,1.0,3.0,collision
1112,4.120850086212158,-4.0423264503479,-0.0002448523882776499,0.03299365192651749,0.03299365192651749,1.0,0.0,collision
1113,4.120851039886475,-4.0423054695129395,-0.00025029160315170884,0.000677980890031904,0.0006563279894180596,0.0,-3.0,collision
1114,4.120851039886475,-4.042304992675781,-0.00025009995442815125,1.60596700879978e-05,1.4901160284352954e-05,0.0,0.0,collision
1115,4.120850563049316,-4.042304992675781,-0.0002496429078746587,2.064074215013534e-05,1.4901160284352954e-05,0.0,0.0,collision
1116,4.120937347412109,-4.041274070739746,-0.0002443719713483006,0.032330676913261414,0.03233025595545769,1.0,-3.0,collision
1117,4.12102746963501,-4.040221691131592,-0.00024472997756674886,0.03300723060965538,0.03300723060965538,1.0,-3.0,collision
1118,4.121029853820801,-4.040200710296631,-0.0002501985873095691,0.0006816408131271601,0.0006598707986995578,0.0,-3.0,collision
1119,4.121123790740967,-4.039170265197754,-0.00024513594689778984,0.032335322350263596,0.032334934920072556,1.0,-3.0,collision
1120,4.121122360229492,-4.039149284362793,-0.00025025129434652627,0.0006763358833268285,0.000657173281069845,0.0,3.0,collision
1121,4.12112283706665,-4.039149284362793,-0.0002500376431271434,1.6328549463651143e-05,1.4901160284352954e-05,0.0,-3.0,collision
1122,4.121123313903809,-4.039149284362793,-0.0002495911903679371,2.0413061065482907e-05,1.4901160284352954e-05,0.0,-3.0,collision
1123,4.12122106552124,-4.038119316101074,-0.00024434615625068545,0.03233155608177185,0.03233114257454872,1.0,3.0,collision
1124,4.1213178634643555,-4.037067413330078,-0.0002447039005346596,0.03301084786653519,0.03301084786653519,1.0,0.0,collision
1125,4.121318817138672,-4.037046432495117,-0.000250184559263289,0.0006783067947253585,0.0006563279894180596,0.0,3.0,collision
1126,4.12131929397583,-4.037046432495117,-0.00024999890592880547,1.5990744941518642e-05,1.4901160284352954e-05,0.0,-3.0,collision
1127,4.12131929397583,-4.037046432495117,-0.00024956578272394836,1.3535099242290016e-05,0.0,0.0,0.0,collision
1128,4.121413707733154,-4.03601598739624,-0.00024432167992927134,0.03233670815825462,0.032336290925741196,1.0,3.0,collision
1129,4.12150764465332,-4.034964084625244,-0.00024468416813760996,0.03300277516245842,0.03300277516245842,1.0,0.0,collision
1130,4.12150764465332,-4.034963607788086,-0.00025025950162671506,0.00017486522847320884,1.4901160284352954e-05,0.0,0.0,collision
1131,4.1215996742248535,-4.033933162689209,-0.0002450986939948052,0.0323299802839756,0.03232957795262337,1.0,3.0,collision
1132,4.121690273284912,-4.032880783081055,-0.00024532212410122156,0.033008504658937454,0.033008504658937454,1.0,3.0,collision
1133,4.121689796447754,-4.0328803062438965,-0.0002507645695004612,0.00017137700342573225,2.1073423340567388e-05,0.0,0.0,collision
1134,4.121777057647705,-4.031849384307861,-0.0002455027133692056,0.032331932336091995,0.03233151137828827,1.0,3.0,collision
1135,4.12186336517334,-4.030797004699707,-0.0002456399379298091,0.03299727290868759,0.03299727290868759,1.0,0.0,collision
1136,4.121949195861816,-4.029744625091553,-0.0002460507967043668,0.03299605846405029,0.03299605846405029,1.0,3.0,collision
1137,4.122033596038818,-4.02869176864624,-0.000246377574512735,0.033007312566041946,0.03300730884075165,1.0,-3.0,collision
1138,4.122035026550293,-4.028670787811279,-0.0002515302039682865,0.0006766121950931847,0.000657173281069845,0.0,-3.0,collision
1139,4.122124195098877,-4.027618885040283,-0.00024611063417978585,0.032990287989377975,0.032989852130413055,1.0,0.0,collision
1140,4.122125625610352,-4.027597427368164,-0.00025110557908192277,0.0006899300497025251,0.0006720406818203628,0.0,-3.0,collision
1141,4.122125625610352,-4.027597904205322,-0.00025073601864278316,1.885254641820211e-05,1.4901160284352954e-05,0.0,-3.0,collision
1142,4.122125148773193,-4.027597904205322,-0.00025016063591465354,2.3352740754489787e-05,1.4901160284352954e-05,0.0,3.0,collision
1143,4.122218608856201,-4.026566982269287,-0.000244780007051304,0.032348863780498505,0.032348424196243286,1.0,-3.0,collision
1144,4.122217178344727,-4.026546001434326,-0.0002499519905541092,0.0006767563754692674,0.000657173281069845,0.0,3.0,collision
1145,4.122217178344727,-4.026545524597168,-0.0002498021931387484,1.5619152691215277e-05,1.4901160284352954e-05,0.0,0.0,collision
1146,4.122217178344727,-4.026545524597168,-0.000249408622039482,1.2299095942580607e-05,0.0,0.0,3.0,collision
1147,4.122308731079102,-4.025514602661133,-0.00024417819804511964,0.032343510538339615,0.032343100756406784,1.0,-3.0,collision
1148,4.122400760650635,-4.024462699890137,-0.0002445809368509799,0.032997529953718185,0.03299752622842789,1.0,0.0,collision
1149,4.122492790222168,-4.023410797119141,-0.0002452033804729581,0.032997533679008484,0.03299752622842789,1.0,3.0,collision
1150,4.12258243560791,-4.022358417510986,-0.00024570507230237126,0.0330059640109539,0.033005960285663605,1.0,0.0,collision
1151,4.1226725578308105,-4.021306037902832,-0.0002461122930981219,0.03300723060965538,0.03300723060965538,1.0,0.0,collision
1152,4.1227617263793945,-4.020254135131836,-0.00024644340737722814,0.032989855855703354,0.032989852130413055,1.0,3.0,collision
1153,4.122848987579346,-4.019201755523682,-0.00024670272250659764,0.03299972414970398,0.03299972042441368,1.0,3.0,collision
1154,4.122934341430664,-4.018148899078369,-0.00024689952260814607,0.03300970420241356,0.03300970420241356,1.0,-3.0,collision
1155,4.122932434082031,-4.018127918243408,-0.0002519603294786066,0.0006770838517695665,0.0006583547801710665,0.0,3.0,collision
1156,4.123019218444824,-4.017096519470215,-0.0002465338329784572,0.03234555199742317,0.032345108687877655,1.0,-3.0,collision
1157,4.123106956481934,-4.0160441398620605,-0.0002464800199959427,0.03300095722079277,0.03300095722079277,1.0,0.0,collision
1158,4.123106956481934,-4.016043663024902,-0.00025169632863253355,0.0001636892993701622,1.4901160284352954e-05,0.0,0.0,collision
1159,4.123194694519043,-4.014991760253906,-0.00024614573339931667,0.032986562699079514,0.0329861082136631,1.0,0.0,collision
1160,4.123195648193359,-4.014970779418945,-0.0002511406200937927,0.000674633716698736,0.0006563279894180596,0.0,3.0,collision
1161,4.1232805252075195,-4.013918399810791,-0.0002457773080095649,0.03299407660961151,0.03299365192651749,1.0,0.0,collision
1162,4.123282432556152,-4.01389741897583,-0.00025083814398385584,0.0006770840263925493,0.0006583547801710665,0.0,-3.0,collision
1163,4.1232829093933105,-4.01389741897583,-0.00025052225100807846,1.7874399418360554e-05,1.4901160284352954e-05,0.0,-3.0,collision
1164,4.123372554779053,-4.012845516204834,-0.0002450027968734503,0.03299156576395035,0.032991115003824234,1.0,0.0,collision
1165,4.123373508453369,-4.012824058532715,-0.0002502166898921132,0.0006907068891450763,0.0006712141912430525,0.0,3.0,collision
1166,4.123373985290527,-4.012824535369873,-0.0002500140981283039,2.2003878257237375e-05,2.1073423340567388e-05,0.0,-3.0,collision
1167,4.123461723327637,-4.01179313659668,-0.00024469837080687284,0.03234804794192314,0.03234761953353882,1.0,3.0,collision
1168,4.1235480308532715,-4.010740756988525,-0.00024499150458723307,0.03299727290868759,0.03299727290868759,1.0,3.0,collision
1169,4.12354850769043,-4.0107197761535645,-0.00025040897889994085,0.0006773193599656224,0.0006558204186148942,0.0,3.0,collision
1170,4.123632431030273,-4.009687900543213,-0.0002452922926750034,0.032352980226278305,0.03235258534550667,1.0,-3.0,collision
1171,4.123632431030273,-4.009687900543213,-0.0002504661388229579,0.00016168267757166177,0.0,0.0,0.0,collision
1172,4.123632431030273,-4.009687423706055,-0.00025012908736243844,1.8247894331580028e-05,1.4901160284352954e-05,0.0,0.0,collision
1173,4.123631954193115,-4.009687423706055,-0.0002496663946658373,2.0763225620612502e-05,1.4901160284352954e-05,0.0,3.0,collision
1174,4.123631954193115,-4.009687423706055,-0.00024927553022280335,1.2214512935315724e-05,0.0,0.0,0.0,collision
1175,4.123632431030273,-4.009687900543213,-0.0002489627222530544,2.3230251827044412e-05,2.1073423340567388e-05,0.0,-3.0,collision
1176,4.123716354370117,-4.0086565017700195,-0.0002438310912111774,0.032338131219148636,0.0323377326130867,1.0,-3.0,collision
1177,4.123803615570068,-4.007603645324707,-0.00024430264602415264,0.03301457688212395,0.03301457315683365,1.0,0.0,collision
1178,4.123805046081543,-4.007582664489746,-0.0002498640969861299,0.0006797658279538155,0.000657173281069845,0.0,3.0,collision
1179,4.123889923095703,-4.006530284881592,-0.0002447660081088543,0.03299403563141823,0.03299365192651749,1.0,0.0,collision
1180,4.1238908767700195,-4.006509304046631,-0.0002500415430404246,0.0006767167360521853,0.0006563279894180596,0.0,3.0,collision
1181,4.123971462249756,-4.005477428436279,-0.0002450004976708442,0.03234468400478363,0.03234429657459259,1.0,3.0,collision
1182,4.123971462249756,-4.005477428436279,-0.00025022082263603806,0.00016313514788635075,0.0,0.0,0.0,collision
1183,4.124051094055176,-4.004424571990967,-0.0002449509047437459,0.032996147871017456,0.03299573436379433,1.0,0.0,collision
1184,4.124052047729492,-4.004403591156006,-0.00025018490850925446,0.0006764017161913216,0.0006563279894180596,0.0,3.0,collision
1185,4.124129295349121,-4.003350257873535,-0.00024501269217580557,0.03300545737147331,0.033005062490701675,1.0,0.0,collision
1186,4.124206066131592,-4.002297401428223,-0.0002453551860526204,0.03298911452293396,0.03298911452293396,1.0,3.0,collision
1187,4.12428092956543,-4.001244068145752,-0.00024581162142567337,0.03299970179796219,0.03299969807267189,1.0,-3.0,collision
1188,4.124358177185059,-4.000190734863281,-0.00024620111798867583,0.033005062490701675,0.033005062490701675,1.0,0.0,collision
1189,4.124358654022217,-4.000190258026123,-0.0002514879743102938,0.000166552810696885,2.1073423340567388e-05,0.0,0.0,collision
1190,4.124358654022217,-4.000190258026123,-0.00025096075842157006,1.6475496522616595e-05,0.0,0.0,0.0,collision
1191,4.124358654022217,-4.000190258026123,-0.0002503221039660275,1.9957949916715734e-05,0.0,0.0,-3.0,collision
1192,4.1244378089904785,-3.9991586208343506,-0.0002449192979838699,0.0323338583111763,0.03233341500163078,1.0,-3.0,collision
1193,4.124520301818848,-3.998106002807617,-0.0002451679320074618,0.03299517184495926,0.03299517184495926,1.0,-3.0,collision
1194,4.124605178833008,-3.997053384780884,-0.0002456670918036252,0.03300108015537262,0.03300107643008232,1.0,-3.0,collision
1195,4.124604225158691,-3.997032403945923,-0.00025097449542954564,0.0006769599276594818,0.0006563279894180596,0.0,3.0,collision
1196,4.124690532684326,-3.9960010051727295,-0.0002457453520037234,0.0323442742228508,0.03234386071562767,1.0,-3.0,collision
1197,4.124777317047119,-3.994948387145996,-0.00024585440405644476,0.03300591930747032,0.03300591930747032,1.0,3.0,collision
1198,4.124861240386963,-3.9938957691192627,-0.000246216804953292,0.032998695969581604,0.032998692244291306,1.0,3.0,collision
1199,4.124862194061279,-3.9938747882843018,-0.00025140290381386876,0.0006760411779396236,0.0006563279894180596,0.0,3.0,collision
1200,4.124940395355225,-3.99284291267395,-0.0002461000403854996,0.032339002937078476,0.03233858197927475,1.0,3.0,collision
1201,4.125017166137695,-3.9917895793914795,-0.0002461214317008853,0.033003974705934525,0.033003974705934525,1.0,0.0,collision
1202,4.125093936920166,-3.990736246109009,-0.00024643054348416626,0.033003974705934525,0.033003974705934525,1.0,0.0,collision
1203,4.125170707702637,-3.989682912826538,-0.00024669195408932865,0.033003974705934525,0.033003974705934525,1.0,0.0,collision
1204,4.125172138214111,-3.989661931991577,-0.00025177784846164286,0.0006761188851669431,0.000657173281069845,0.0,-3.0,collision
1205,4.125172138214111,-3.989661931991577,-0.0002512842766009271,1.542412064736709e-05,0.0,0.0,-3.0,collision
1206,4.125254154205322,-3.9886093139648438,-0.0002456130168866366,0.03299448639154434,0.03299400955438614,1.0,0.0,collision
1207,4.125335693359375,-3.9875564575195312,-0.00024582160403952,0.03300028666853905,0.03300028666853905,1.0,3.0,collision
1208,4.125336647033691,-3.9875354766845703,-0.0002510654157958925,0.0006764758727513254,0.0006563279894180596,0.0,-3.0,collision
1209,4.1254167556762695,-3.986503839492798,-0.00024584060884080827,0.032336123287677765,0.032335709780454636,1.0,3.0,collision
1210,4.1254167556762695,-3.9865033626556396,-0.000250893528573215,0.00015860528219491243,1.4901160284352954e-05,0.0,0.0,collision
1211,4.125494956970215,-3.985471725463867,-0.0002455803914926946,0.03233157470822334,0.03233115002512932,1.0,-3.0,collision
1212,4.125494956970215,-3.985471248626709,-0.0002506909950170666,0.0001604000135557726,1.4901160284352954e-05,0.0,0.0,collision
1213,4.125495433807373,-3.985471487045288,-0.00025030365213751793,2.0593051885953173e-05,1.6660003893775865e-05,0.0,-3.0,collision
1214,4.125577926635742,-3.9844398498535156,-0.00024492605007253587,0.03234200179576874,0.03234156593680382,1.0,3.0,collision
1215,4.125577926635742,-3.9844396114349365,-0.00025014745187945664,0.00016333881649188697,7.450580142176477e-06,0.0,0.0,collision
1216,4.1256585121154785,-3.983407974243164,-0.00024498277343809605,0.03233727067708969,0.03233686834573746,1.0,-3.0,collision
1217,4.125660419464111,-3.983386993408203,-0.00025011092657223344,0.0006775785004720092,0.0006583547801710665,0.0,-3.0,collision
1218,4.1256608963012695,-3.983386993408203,-0.0002499365946277976,1.58658094733255e-05,1.4901160284352954e-05,0.0,-3.0,collision
1219,4.1256608963012695,-3.983386993408203,-0.0002495156950317323,1.3153111467545386e-05,0.0,0.0,0.0,collision
1220,4.125749588012695,-3.982334852218628,-0.0002441791002638638,0.03299644589424133,0.03299602121114731,1.0,0.0,collision
1221,4.125750541687012,-3.982313632965088,-0.0002495573426131159,0.0006847185431979597,0.0006637710030190647,0.0,3.0,collision
1222,4.12583589553833,-3.9812824726104736,-0.00024461233988404274,0.032334331423044205,0.03233396261930466,1.0,3.0,collision
1223,4.125919818878174,-3.980229616165161,-0.00024493111413903534,0.03300612047314644,0.03300612047314644,1.0,0.0,collision
1224,4.125919342041016,-3.980229377746582,-0.00025045766960829496,0.0001735065452521667,1.6660003893775865e-05,0.0,0.0,collision
1225,4.125918865203857,-3.980229377746582,-0.0002501412818673998,1.7882941392599605e-05,1.4901160284352954e-05,0.0,3.0,collision
1226,4.126000881195068,-3.9791767597198486,-0.00024468451738357544,0.03299444913864136,0.03299400955438614,1.0,0.0,collision
1227,4.126082897186279,-3.978123903274536,-0.00024506813497282565,0.03300143778324127,0.03300143778324127,1.0,-3.0,collision
1228,4.126166343688965,-3.9770712852478027,-0.00024560122983530164,0.03299751505255699,0.03299751132726669,1.0,3.0,collision
1229,4.126166343688965,-3.9770710468292236,-0.0002510024351067841,0.0001689520140644163,7.450580142176477e-06,0.0,0.0,collision
1230,4.126166343688965,-3.9770710468292236,-0.00025057216407731175,1.344596876151627e-05,0.0,0.0,0.0,collision
1231,4.126166820526123,-3.9770710468292236,-0.0002500112459529191,2.3006512492429465e-05,1.4901160284352954e-05,0.0,-3.0,collision
1232,4.126166820526123,-3.9770710468292236,-0.00024956100969575346,1.4069882126932498e-05,0.0,0.0,0.0,collision
1233,4.126250743865967,-3.9760186672210693,-0.00024421457783319056,0.0329916886985302,0.03299126774072647,1.0,0.0,collision
1234,4.126334190368652,-3.974966049194336,-0.0002447022416163236,0.03299751505255699,0.03299751132726669,1.0,3.0,collision
1235,4.126416206359863,-3.9739131927490234,-0.0002452887420076877,0.03300144150853157,0.03300143778324127,1.0,-3.0,collision
1236,4.126416206359863,-3.9739129543304443,-0.0002507618337403983,0.00017119631229434162,7.450580142176477e-06,0.0,0.0,collision
1237,4.126500129699707,-3.972860336303711,-0.0002453989291097969,0.03299911692738533,0.032998692244291306,1.0,0.0,collision
1238,4.126584529876709,-3.9718077182769775,-0.0002456555375829339,0.032999880611896515,0.032999880611896515,1.0,0.0,collision
1239,4.1266679763793945,-3.970755100250244,-0.00024606732768006623,0.03299751505255699,0.03299751132726669,1.0,3.0,collision
1240,4.126669406890869,-3.970734119415283,-0.0002512726350687444,0.0006770058535039425,0.000657173281069845,0.0,-3.0,collision
1241,4.126669883728027,-3.970734119415283,-0.0002508798788767308,1.930509097292088e-05,1.4901160284352954e-05,0.0,-3.0,collision
1242,4.126669406890869,-3.970734119415283,-0.0002502762363292277,2.403931284788996e-05,1.4901160284352954e-05,0.0,3.0,collision
1243,4.126668930053711,-3.970734119415283,-0.00024976374697871506,2.1875424863537773e-05,1.4901160284352954e-05,0.0,0.0,collision
1244,4.1267523765563965,-3.96970272064209,-0.0002444677520543337,0.03233695030212402,0.03233652561903,1.0,-3.0,collision
1245,4.126750946044922,-3.96968150138855,-0.000249701231950894,0.0006844337331131101,0.0006646068068221211,0.0,3.0,collision
1246,4.126750946044922,-3.96968150138855,-0.000249606731813401,2.9531290692830225e-06,0.0,0.0,3.0,collision
1247,4.126834392547607,-3.9686498641967773,-0.00024435060913674533,0.03234437108039856,0.03234395384788513,1.0,-3.0,collision
1248,4.126833438873291,-3.9686288833618164,-0.00024960882728919387,0.000676585070323199,0.0006563279894180596,0.0,3.0,collision
1249,4.126914024353027,-3.967597246170044,-0.0002446487487759441,0.0323372408747673,0.03233686834573746,1.0,3.0,collision
1250,4.126914024353027,-3.9675967693328857,-0.000249939359491691,0.00016600172966718674,1.4901160284352954e-05,0.0,0.0,collision
1251,4.126992225646973,-3.9665651321411133,-0.0002448282903060317,0.032331544905900955,0.03233115002512932,1.0,3.0,collision
1252,4.127068996429443,-3.9655117988586426,-0.00024509979994036257,0.033003974705934525,0.033003974705934525,1.0,0.0,collision
1253,4.127068996429443,-3.9655113220214844,-0.0002505923039279878,0.0001722863526083529,1.4901160284352954e-05,0.0,0.0,collision
1254,4.127068042755127,-3.9655113220214844,-0.0002502489951439202,3.167454633512534e-05,2.980232056870591e-05,0.0,3.0,collision
1255,4.127142906188965,-3.9644582271575928,-0.00024477069382555783,0.032992709428071976,0.03299226611852646,1.0,0.0,collision
1256,4.127142906188965,-3.964437246322632,-0.0002500307164154947,0.000675942050293088,0.000655651034321636,0.0,3.0,collision
1257,4.127142429351807,-3.964437246322632,-0.00024987515644170344,1.5674066162318923e-05,1.4901160284352954e-05,0.0,3.0,collision
1258,4.127211093902588,-3.963404655456543,-0.00024457735707983375,0.0323401540517807,0.03233972564339638,1.0,3.0,collision
1259,4.127278804779053,-3.962350845336914,-0.00024488396593369544,0.03299947455525398,0.03299947455525398,1.0,-3.0,collision
1260,4.127348899841309,-3.961297035217285,-0.00024543917970731854,0.033004339784383774,0.033004336059093475,1.0,-3.0,collision
1261,4.1274213790893555,-3.9602437019348145,-0.00024589852546341717,0.032994501292705536,0.03299449756741524,1.0,-3.0,collision
1262,4.127495765686035,-3.9591901302337646,-0.00024627670063637197,0.03300607576966286,0.03300607576966286,1.0,3.0,collision
1263,4.12749719619751,-3.9591691493988037,-0.00025144097162410617,0.000676698808092624,0.000657173281069845,0.0,-3.0,collision
1264,4.12749719619751,-3.9591691493988037,-0.00025102519430220127,1.2993040400033351e-05,0.0,0.0,3.0,collision
1265,4.12749719619751,-3.9591691493988037,-0.00025037743034772575,2.024262175837066e-05,0.0,0.0,0.0,collision
1266,4.12749719619751,-3.9591691493988037,-0.0002498496905900538,1.6491867427248508e-05,0.0,0.0,0.0,collision
1267,4.127497673034668,-3.9591691493988037,-0.0002494222135283053,2.0012454115203582e-05,1.4901160284352954e-05,0.0,-3.0,collision
1268,4.127572059631348,-3.958116054534912,-0.000244107490289025,0.03299162909388542,0.032991208136081696,1.0,0.0,collision
1269,4.127572059631348,-3.958115577697754,-0.0002495911030564457,0.00017200956062879413,1.4901160284352954e-05,0.0,0.0,collision
1270,4.1276469230651855,-3.9570624828338623,-0.0002444507263135165,0.0329926535487175,0.03299226611852646,1.0,0.0,collision
1271,4.127721309661865,-3.9560091495513916,-0.00024489665520377457,0.032998643815517426,0.03299864009022713,1.0,0.0,collision
1272,4.127722263336182,-3.9559879302978516,-0.0002503434370737523,0.0006852474180050194,0.0006637710030190647,0.0,3.0,collision
1273,4.127722263336182,-3.9559881687164307,-0.0002501262351870537,1.007879382086685e-05,7.450580142176477e-06,0.0,-3.0,collision
1274,4.127795219421387,-3.954955816268921,-0.00024478870909661055,0.03234190121293068,0.03234146907925606,1.0,3.0,collision
1275,4.127867221832275,-3.953902244567871,-0.0002450535539537668,0.03300091251730919,0.03300091251730919,1.0,-3.0,collision
1276,4.127941608428955,-3.9528489112854004,-0.00024557486176490784,0.032998643815517426,0.03299864009022713,1.0,-3.0,collision
1277,4.12794303894043,-3.9528279304504395,-0.0002508886100258678,0.0006778280367143452,0.000657173281069845,0.0,-3.0,collision
1278,4.127943515777588,-3.9528279304504395,-0.0002505785087123513,1.7775084415916353e-05,1.4901160284352954e-05,0.0,0.0,collision
1279,4.128020763397217,-3.951795816421509,-0.00024514662800356746,0.03234421834349632,0.03234377130866051,1.0,3.0,collision
1280,4.1280975341796875,-3.950742721557617,-0.00024533967371098697,0.03299654275178909,0.03299654275178909,1.0,-3.0,collision
1281,4.128176689147949,-3.9496896266937256,-0.00024580376339145005,0.03300204873085022,0.03300204500555992,1.0,-3.0,collision
1282,4.128178119659424,-3.9496686458587646,-0.0002510716731194407,0.0006774785579182208,0.000657173281069845,0.0,-3.0,collision
1283,4.128260135650635,-3.948637008666992,-0.00024584634229540825,0.032340794801712036,0.03234037756919861,1.0,3.0,collision
1284,4.128261089324951,-3.948615789413452,-0.00025080711930058897,0.0006816336535848677,0.0006637710030190647,0.0,3.0,collision
1285,4.1283392906188965,-3.9475629329681396,-0.00024550632224418223,0.032992810010910034,0.032992396503686905,1.0,0.0,collision
1286,4.1283392906188965,-3.9475626945495605,-0.00025072350399568677,0.00016320706345140934,7.450580142176477e-06,0.0,0.0,collision
1287,4.128339767456055,-3.9475626945495605,-0.0002503338037058711,1.9244520444772206e-05,1.4901160284352954e-05,0.0,-3.0,collision
1288,4.128419399261475,-3.946531057357788,-0.00024493891396559775,0.03233499825000763,0.03233456239104271,1.0,-3.0,collision
1289,4.12850284576416,-3.9454782009124756,-0.0002451891195960343,0.033004943281412125,0.033004939556121826,1.0,0.0,collision
1290,4.128586292266846,-3.944425582885742,-0.0002456798974890262,0.03299751505255699,0.03299751132726669,1.0,-3.0,collision
1291,4.128586769104004,-3.944425344467163,-0.0002510746126063168,0.00016940603381954134,1.6660003893775865e-05,0.0,0.0,collision
1292,4.128587245941162,-3.944425344467163,-0.0002506303135305643,2.0367122488096356e-05,1.4901160284352954e-05,0.0,0.0,collision
1293,4.12858772277832,-3.944425344467163,-0.0002500580158084631,2.3278591470443644e-05,1.4901160284352954e-05,0.0,-3.0,collision
1294,4.128587245941162,-3.944425344467163,-0.000249603675911203,2.0582305296557024e-05,1.4901160284352954e-05,0.0,3.0,collision
1295,4.128671169281006,-3.9433939456939697,-0.0002443454577587545,0.03233814984560013,0.0323377326130867,1.0,3.0,collision
1296,4.128754615783691,-3.9423413276672363,-0.00024469790514558554,0.03299751505255699,0.03299751132726669,1.0,-3.0,collision
1297,4.128754615783691,-3.9423410892486572,-0.000250274664722383,0.00017443292017560452,7.450580142176477e-06,0.0,0.0,collision
1298,4.128754615783691,-3.9423410892486572,-0.0002499897964298725,8.902134140953422e-06,0.0,0.0,0.0,collision
1299,4.128754615783691,-3.9423410892486572,-0.00024955562548711896,1.3567841051553842e-05,0.0,0.0,3.0,collision
1300,4.128839015960693,-3.9413094520568848,-0.0002442958648316562,0.03234678506851196,0.032346371561288834,1.0,-3.0,collision
1301,4.128839015960693,-3.9413092136383057,-0.00024965431657619774,0.00016761728329584002,7.450580142176477e-06,0.0,0.0,collision
1302,4.12892484664917,-3.9402568340301514,-0.0002444974088575691,0.03299645334482193,0.03299605846405029,1.0,0.0,collision
1303,4.129010200500488,-3.939204216003418,-0.00024493379169143736,0.033002279698848724,0.033002275973558426,1.0,0.0,collision
1304,4.129095554351807,-3.9381518363952637,-0.0002454900532029569,0.03299485519528389,0.03299485146999359,1.0,3.0,collision
1305,4.129096984863281,-3.9381306171417236,-0.0002508112520445138,0.0006850939826108515,0.0006646068068221211,0.0,-3.0,collision
1306,4.129096984863281,-3.9381308555603027,-0.0002505109878256917,1.1981512216152623e-05,7.450580142176477e-06,0.0,-3.0,collision
1307,4.129096508026123,-3.9381308555603027,-0.0002499811816960573,2.2274654838838615e-05,1.4901160284352954e-05,0.0,3.0,collision
1308,4.129096984863281,-3.9381308555603027,-0.00024952294188551605,2.0666562704718672e-05,1.4901160284352954e-05,0.0,-3.0,collision
1309,4.129183769226074,-3.9370996952056885,-0.00024427915923297405,0.03233809769153595,0.03233768418431282,1.0,-3.0,collision
1310,4.129273891448975,-3.9360475540161133,-0.0002446661237627268,0.032999809831380844,0.032999806106090546,1.0,3.0,collision
1311,4.129274845123291,-3.9360263347625732,-0.0002501491107977927,0.0006855293759144843,0.0006637710030190647,0.0,3.0,collision
1312,4.129274845123291,-3.9360263347625732,-0.00024997518630698323,5.435139883047668e-06,0.0,0.0,0.0,collision
1313,4.129274845123291,-3.9360263347625732,-0.0002495426160749048,1.351781884295633e-05,0.0,0.0,0.0,collision
1314,4.129358768463135,-3.93499493598938,-0.0002443029952701181,0.03233814612030983,0.0323377326130867,1.0,3.0,collision
1315,4.129441261291504,-3.9339420795440674,-0.0002446743892505765,0.03300260007381439,0.03300260007381439,1.0,3.0,collision
1316,4.129440784454346,-3.9339418411254883,-0.0002502462302800268,0.0001749152288539335,1.6660003893775865e-05,0.0,0.0,collision
1317,4.129440784454346,-3.933941602706909,-0.0002499666006769985,1.1483519301691558e-05,7.450580142176477e-06,0.0,0.0,collision
1318,4.129520416259766,-3.9329099655151367,-0.00024464147281832993,0.032334987074136734,0.03233456239104271,1.0,-3.0,collision
1319,4.129603862762451,-3.9318573474884033,-0.00024495102115906775,0.03299751505255699,0.03299751132726669,1.0,0.0,collision
1320,4.129687309265137,-3.930804491043091,-0.00024548935471102595,0.03300494700670242,0.033004939556121826,1.0,-3.0,collision
1321,4.129772663116455,-3.9297521114349365,-0.0002459486131556332,0.03299485519528389,0.03299485146999359,1.0,3.0,collision
1322,4.1297736167907715,-3.9297308921813965,-0.0002511896309442818,0.0006836786051280797,0.0006637710030190647,0.0,3.0,collision
1323,4.129854679107666,-3.928678274154663,-0.0002458271337673068,0.032992132008075714,0.03299170732498169,1.0,0.0,collision
1324,4.129935264587402,-3.9276251792907715,-0.00024600178585387766,0.033005423843860626,0.033005423843860626,1.0,0.0,collision
1325,4.130016326904297,-3.926572322845459,-0.0002463392447680235,0.03299913927912712,0.03299913555383682,1.0,0.0,collision
1326,4.130096912384033,-3.9255194664001465,-0.0002466191363055259,0.03299799934029579,0.03299799934029579,1.0,0.0,collision
1327,4.130177974700928,-3.924466609954834,-0.0002468385500833392,0.03299913555383682,0.03299913555383682,1.0,-3.0,collision
1328,4.130260944366455,-3.9234137535095215,-0.0002470283361617476,0.03300376608967781,0.03300376608967781,1.0,3.0,collision
1329,4.13034200668335,-3.922360897064209,-0.00024716058396734297,0.03299913555383682,0.03299913555383682,1.0,-3.0,collision
1330,4.130425453186035,-3.9213082790374756,-0.00024728046264499426,0.03299751132726669,0.03299751132726669,1.0,0.0,collision
1331,4.130508899688721,-3.920255661010742,-0.00024736771592870355,0.03299751132726669,0.03299751132726669,1.0,-3.0,collision
1332,4.1305108070373535,-3.920234441757202,-0.0002523224102333188,0.0006835422827862203,0.0006657750927843153,0.0,-3.0,collision
1333,4.130599021911621,-3.919182300567627,-0.0002467446611262858,0.032995231449604034,0.032994773238897324,1.0,0.0,collision
1334,4.130687236785889,-3.9181301593780518,-0.0002467360463924706,0.032994773238897324,0.032994773238897324,1.0,0.0,collision
1335,4.130687236785889,-3.9181296825408936,-0.00025190485757775605,0.0001622112322365865,1.4901160284352954e-05,0.0,0.0,collision
1336,4.130687713623047,-3.9181299209594727,-0.00025128875859081745,2.546050563978497e-05,1.6660003893775865e-05,0.0,-3.0,collision
1337,4.130776882171631,-3.9170989990234375,-0.0002457036171108484,0.032337065786123276,0.03233659267425537,1.0,-3.0,collision
1338,4.130777359008789,-3.9170987606048584,-0.0002507797325961292,0.00015950106899254024,1.6660003893775865e-05,0.0,0.0,collision
1339,4.130870342254639,-3.9160470962524414,-0.00024539785226807,0.032993145287036896,0.03299271687865257,1.0,0.0,collision
1340,4.130871295928955,-3.9160258769989014,-0.0002505419834051281,0.0006829596823081374,0.0006637710030190647,0.0,3.0,collision
1341,4.130871772766113,-3.9160258769989014,-0.0002502794668544084,1.7010124793159775e-05,1.4901160284352954e-05,0.0,0.0,collision
1342,4.1308722496032715,-3.9160261154174805,-0.0002497805980965495,2.2816504497313872e-05,1.6660003893775865e-05,0.0,-3.0,collision
1343,4.130964279174805,-3.9149742126464844,-0.00024439499247819185,0.03299795463681221,0.03299752622842789,1.0,0.0,collision
1344,4.130964756011963,-3.9149739742279053,-0.00024982093600556254,0.0001703772140899673,1.6660003893775865e-05,0.0,0.0,collision
1345,4.13105583190918,-3.913943290710449,-0.00024472601944580674,0.03233475610613823,0.03233436122536659,1.0,-3.0,collision
1346,4.131150722503662,-3.9128916263580322,-0.0002450341416988522,0.032998017966747284,0.032998014241456985,1.0,3.0,collision
1347,4.131150722503662,-3.912891149520874,-0.00025053476565517485,0.0001725391484797001,1.4901160284352954e-05,0.0,0.0,collision
1348,4.131150722503662,-3.912891387939453,-0.0002502025745343417,1.2777938536601141e-05,7.450580142176477e-06,0.0,3.0,collision
1349,4.1312408447265625,-3.911839485168457,-0.0002447334991302341,0.032992828637361526,0.03299238532781601,1.0,0.0,collision
1350,4.1312408447265625,-3.911839008331299,-0.0002500916307326406,0.00016810334636829793,1.4901160284352954e-05,0.0,0.0,collision
1351,4.131329536437988,-3.9108080863952637,-0.00024495369871146977,0.032335709780454636,0.0323353111743927,1.0,3.0,collision
1352,4.131330966949463,-3.9107871055603027,-0.0002500774571672082,0.0006763980491086841,0.000657173281069845,0.0,-3.0,collision
1353,4.131330490112305,-3.9107871055603027,-0.0002499197726137936,1.5694782632635906e-05,1.4901160284352954e-05,0.0,3.0,collision
1354,4.131418228149414,-3.9097349643707275,-0.000244510913034901,0.03299396485090256,0.03299352899193764,1.0,0.0,collision
1355,4.131506443023682,-3.9086825847625732,-0.00024492948432452977,0.03300220146775246,0.03300220146775246,1.0,-3.0,collision
1356,4.131597518920898,-3.907630443572998,-0.00024548012879677117,0.03300236538052559,0.03300236165523529,1.0,-3.0,collision
1357,4.13169002532959,-3.906578540802002,-0.0002459415700286627,0.03299883008003235,0.03299882635474205,1.0,3.0,collision
1358,4.131690979003906,-3.906557559967041,-0.0002511839848011732,0.0006764652207493782,0.0006563279894180596,0.0,3.0,collision
1359,4.131690979003906,-3.906557559967041,-0.00025080860359594226,1.1730661753972527e-05,0.0,0.0,3.0,collision
1360,4.131690502166748,-3.906557559967041,-0.00025020871544256806,2.394735929556191e-05,1.4901160284352954e-05,0.0,3.0,collision
1361,4.131773948669434,-3.9055049419403076,-0.00024472762015648186,0.03299795836210251,0.03299751132726669,1.0,0.0,collision
1362,4.131857395172119,-3.904452323913574,-0.0002451021282467991,0.03299751505255699,0.03299751132726669,1.0,-3.0,collision
1363,4.131859302520752,-3.9044313430786133,-0.00025049992837011814,0.0006796207744628191,0.0006583547801710665,0.0,-3.0,collision
1364,4.131946563720703,-3.903400182723999,-0.00024537721765227616,0.03233933076262474,0.032338935881853104,1.0,-3.0,collision
1365,4.131948947906494,-3.903378963470459,-0.0002504316798876971,0.0006857140106149018,0.0006672742310911417,0.0,-3.0,collision
1366,4.132040500640869,-3.902348279953003,-0.00024531965027563274,0.032336071133613586,0.03233567625284195,1.0,3.0,collision
1367,4.1321306228637695,-3.9012961387634277,-0.00024550213129259646,0.032999806106090546,0.032999806106090546,1.0,3.0,collision
1368,4.132131576538086,-3.9012749195098877,-0.0002508177421987057,0.0006842407747171819,0.0006637710030190647,0.0,3.0,collision
1369,4.132218837738037,-3.9002437591552734,-0.0002456193324178457,0.032339341938495636,0.032338935881853104,1.0,-3.0,collision
1370,4.132220268249512,-3.9002225399017334,-0.0002506254240870476,0.0006827706820331514,0.0006646068068221211,0.0,-3.0,collision
1371,4.132310390472412,-3.8991916179656982,-0.0002454634814057499,0.03233957290649414,0.032339174300432205,1.0,-3.0,collision
1372,4.132312297821045,-3.8991706371307373,-0.00025049984105862677,0.0006769057945348322,0.0006583547801710665,0.0,-3.0,collision
1373,4.132406711578369,-3.8981399536132812,-0.00024537419085390866,0.03234410658478737,0.03234371170401573,1.0,3.0,collision
1374,4.132500171661377,-3.8970882892608643,-0.00024553597904741764,0.03299402818083763,0.03299402818083763,1.0,-3.0,collision
1375,4.132596015930176,-3.896036386489868,-0.00024596654111519456,0.03300813212990761,0.03300812840461731,1.0,0.0,collision
1376,4.132691383361816,-3.894984722137451,-0.0002463261771481484,0.03299936279654503,0.03299935907125473,1.0,3.0,collision
1377,4.132692337036133,-3.8949637413024902,-0.0002514913503546268,0.0006758847739547491,0.0006563279894180596,0.0,3.0,collision
1378,4.132781505584717,-3.893932580947876,-0.00024617085000500083,0.03234444186091423,0.032344017177820206,1.0,3.0,collision
1379,4.132781982421875,-3.893911361694336,-0.0002510661433916539,0.0006806820747442544,0.0006632690201513469,0.0,3.0,collision
1380,4.132869243621826,-3.8928802013397217,-0.0002458040544297546,0.03233935311436653,0.032338935881853104,1.0,-3.0,collision
1381,4.132957458496094,-3.8918278217315674,-0.0002459009410813451,0.03300220146775246,0.03300220146775246,1.0,3.0,collision
1382,4.1329569816589355,-3.891827344894409,-0.0002512279315851629,0.00016779699944891036,2.1073423340567388e-05,0.0,0.0,collision
1383,4.1329569816589355,-3.891827344894409,-0.00025075182202272117,1.4878422916808631e-05,0.0,0.0,0.0,collision
1384,4.132956504821777,-3.891827344894409,-0.0002501651761122048,2.3624814275535755e-05,1.4901160284352954e-05,0.0,3.0,collision
1385,4.1329569816589355,-3.891827344894409,-0.00024966965429484844,2.1490266590262763e-05,1.4901160284352954e-05,0.0,-3.0,collision
1386,4.133041858673096,-3.890796184539795,-0.0002443964476697147,0.03233315795660019,0.03233273699879646,1.0,-3.0,collision
1387,4.133041858673096,-3.890795946121216,-0.00024973423569463193,0.0001669721823418513,7.450580142176477e-06,0.0,0.0,collision
1388,4.1331305503845215,-3.8897438049316406,-0.00024456134997308254,0.032996416091918945,0.03299602121114731,1.0,0.0,collision
1389,4.133132457733154,-3.8897228240966797,-0.00024986217613331974,0.0006788749597035348,0.0006583547801710665,0.0,-3.0,collision
1390,4.133222579956055,-3.8886919021606445,-0.0002448564628139138,0.03233955428004265,0.032339174300432205,1.0,-3.0,collision
1391,4.133316993713379,-3.8876399993896484,-0.0002451327454764396,0.03300410509109497,0.03300410136580467,1.0,-3.0,collision
1392,4.133315563201904,-3.8876190185546875,-0.00025053383433260024,0.0006785019068047404,0.000657173281069845,0.0,3.0,collision
1393,4.13340950012207,-3.8865673542022705,-0.0002453008492011577,0.03299575671553612,0.032995354384183884,1.0,0.0,collision
1394,4.133502960205078,-3.8855154514312744,-0.00024558082805015147,0.033001452684402466,0.03300144895911217,1.0,0.0,collision
1395,4.133504867553711,-3.8854944705963135,-0.00025087938411161304,0.0006788576720282435,0.0006583547801710665,0.0,-3.0,collision
1396,4.133505344390869,-3.8854944705963135,-0.00025056549930013716,1.783981679182034e-05,1.4901160284352954e-05,0.0,-3.0,collision
1397,4.133505344390869,-3.8854944705963135,-0.0002500246628187597,1.6901140043046325e-05,0.0,0.0,3.0,collision
1398,4.133505344390869,-3.8854944705963135,-0.00024956249399110675,1.4442774954659399e-05,0.0,0.0,0.0,collision
1399,4.133601188659668,-3.8844430446624756,-0.0002442153636366129,0.03299371153116226,0.032993290573358536,1.0,0.0,collision
1400,4.133602619171143,-3.8844220638275146,-0.000249586213612929,0.0006782673881389201,0.000657173281069845,0.0,3.0,collision
1401,4.133603096008301,-3.8844220638275146,-0.000249509874265641,1.5090914530446753e-05,1.4901160284352954e-05,0.0,-3.0,collision
1402,4.133698463439941,-3.8833706378936768,-0.00024419231340289116,0.03299235925078392,0.03299194201827049,1.0,0.0,collision
1403,4.133793830871582,-3.8823189735412598,-0.00024468533229082823,0.03299936279654503,0.03299935907125473,1.0,3.0,collision
1404,4.133794784545898,-3.8822977542877197,-0.00025016849394887686,0.0006855307728983462,0.0006637710030190647,0.0,3.0,collision
1405,4.13379430770874,-3.8822977542877197,-0.0002499959955457598,1.5846226233406924e-05,1.4901160284352954e-05,0.0,3.0,collision
1406,4.133884429931641,-3.8812665939331055,-0.00024466257309541106,0.032347023487091064,0.03234659507870674,1.0,-3.0,collision
1407,4.133882999420166,-3.8812456130981445,-0.00024985865456983447,0.0006769365863874555,0.000657173281069845,0.0,3.0,collision
1408,4.133883476257324,-3.8812456130981445,-0.00024972300161607563,1.5492418242502026e-05,1.4901160284352954e-05,0.0,-3.0,collision
1409,4.133882999420166,-3.8812456130981445,-0.0002493496285751462,1.892576619866304e-05,1.4901160284352954e-05,0.0,3.0,collision
1410,4.133973598480225,-3.8802144527435303,-0.00024413125356659293,0.032348308712244034,0.0323478989303112,1.0,-3.0,collision
1411,4.134064197540283,-3.879162311553955,-0.0002445485151838511,0.03300108760595322,0.03300108388066292,1.0,3.0,collision
1412,4.134153842926025,-3.87811017036438,-0.0002451621403452009,0.03299854323267937,0.03299853950738907,1.0,-3.0,collision
1413,4.134153842926025,-3.878109931945801,-0.0002506605233065784,0.00017198592831846327,7.450580142176477e-06,0.0,0.0,collision
1414,4.134243488311768,-3.8770790100097656,-0.0002454202913213521,0.03233829513192177,0.03233787789940834,1.0,3.0,collision
1415,4.134331703186035,-3.8760266304016113,-0.00024557908182032406,0.03300220146775246,0.03300220146775246,1.0,3.0,collision
1416,4.134331226348877,-3.876026153564453,-0.00025096992612816393,0.00016977681661956012,2.1073423340567388e-05,0.0,0.0,collision
1417,4.134330749511719,-3.876026153564453,-0.00025055077276192605,1.9839768356177956e-05,1.4901160284352954e-05,0.0,3.0,collision
1418,4.134330749511719,-3.876026153564453,-0.0002499936381354928,1.7410457076039165e-05,0.0,0.0,0.0,collision
1419,4.134413719177246,-3.8749947547912598,-0.00024465215392410755,0.032335761934518814,0.03233532980084419,1.0,-3.0,collision
1420,4.134500503540039,-3.8739423751831055,-0.00024495404795743525,0.03299849480390549,0.03299849480390549,1.0,-3.0,collision
1421,4.134589672088623,-3.872889995574951,-0.00024550597299821675,0.03300470486283302,0.033004701137542725,1.0,3.0,collision
1422,4.134590148925781,-3.8728690147399902,-0.000250835029873997,0.0006766340229660273,0.0006558204186148942,0.0,3.0,collision
1423,4.134674549102783,-3.871816396713257,-0.00024554337142035365,0.033000294119119644,0.032999880611896515,1.0,0.0,collision
1424,4.1346755027771,-3.871795415878296,-0.0002506630262359977,0.00067554647102952,0.0006563279894180596,0.0,3.0,collision
1425,4.134675025939941,-3.871795415878296,-0.0002503816212993115,1.730252552079037e-05,1.4901160284352954e-05,0.0,3.0,collision
1426,4.134754180908203,-3.8707425594329834,-0.00024488012422807515,0.032995063811540604,0.03299461305141449,1.0,0.0,collision
1427,4.134833812713623,-3.869689464569092,-0.00024522480089217424,0.03300316631793976,0.03300316259264946,1.0,-3.0,collision
1428,4.134915351867676,-3.8686366081237793,-0.0002457264927215874,0.03300028666853905,0.03300028666853905,1.0,3.0,collision
1429,4.134994983673096,-3.8675835132598877,-0.0002461237891111523,0.03300316631793976,0.03300316259264946,1.0,0.0,collision
1430,4.13499641418457,-3.8675625324249268,-0.0002513235667720437,0.0006769643514417112,0.000657173281069845,0.0,-3.0,collision
1431,4.135076522827148,-3.8665308952331543,-0.00024604788632132113,0.03233613073825836,0.032335709780454636,1.0,3.0,collision
1432,4.135077476501465,-3.8665096759796143,-0.00025095706223510206,0.0006812687497586012,0.0006637710030190647,0.0,-3.0,collision
1433,4.135159492492676,-3.865457057952881,-0.0002456369693391025,0.032994430512189865,0.03299400955438614,1.0,0.0,collision
1434,4.135159969329834,-3.86543607711792,-0.00025073770666494966,0.0006749134045094252,0.0006558204186148942,0.0,3.0,collision
1435,4.135237693786621,-3.8644039630889893,-0.000245557603193447,0.03234529495239258,0.03234488517045975,1.0,3.0,collision
1436,4.135314464569092,-3.8633508682250977,-0.00024568208027631044,0.03299654275178909,0.03299654275178909,1.0,-3.0,collision
1437,4.1353936195373535,-3.862297773361206,-0.00024607815430499613,0.03300204873085022,0.03300204500555992,1.0,-3.0,collision
1438,4.135395526885986,-3.862276792526245,-0.00025129091227427125,0.0006782086566090584,0.0006583547801710665,0.0,-3.0,collision
1439,4.135395526885986,-3.862276792526245,-0.0002509002515580505,1.2208146472403314e-05,0.0,0.0,0.0,collision
1440,4.1353960037231445,-3.862276792526245,-0.0002502781862858683,2.4493676392012276e-05,1.4901160284352954e-05,0.0,-3.0,collision
1441,4.135482311248779,-3.861224412918091,-0.0002447931910865009,0.03299771621823311,0.03299727290868759,1.0,0.0,collision
1442,4.135483741760254,-3.86120343208313,-0.00025003711925819516,0.0006772968336008489,0.000657173281069845,0.0,-3.0,collision
1443,4.135483741760254,-3.86120343208313,-0.00024988598306663334,4.723005986306816e-06,0.0,0.0,0.0,collision
1444,4.135571479797363,-3.8601722717285156,-0.0002445809659548104,0.03234061971306801,0.032340191304683685,1.0,-3.0,collision
1445,4.135573387145996,-3.8601512908935547,-0.0002497801906429231,0.0006781072006560862,0.0006583547801710665,0.0,-3.0,collision
1446,4.135667324066162,-3.8590996265411377,-0.00024469519848935306,0.03299573436379433,0.032995354384183884,1.0,0.0,collision
1447,4.135761260986328,-3.8580477237701416,-0.00024509630748070776,0.03300277516245842,0.03300277516245842,1.0,0.0,collision
1448,4.1357622146606445,-3.8580267429351807,-0.0002505031879991293,0.0006777283269912004,0.0006563279894180596,0.0,3.0,collision
1449,4.135853290557861,-3.8569748401641846,-0.00024527753703296185,0.03299534693360329,0.032994940876960754,1.0,0.0,collision
1450,4.135944843292236,-3.8559226989746094,-0.00024556225980632007,0.03300365433096886,0.03300365060567856,1.0,0.0,collision
1451,4.136035919189453,-3.8548707962036133,-0.00024598283926025033,0.03299494460225105,0.032994940876960754,1.0,-3.0,collision
1452,4.136129379272461,-3.853818893432617,-0.0002463434648234397,0.033001452684402466,0.03300144895911217,1.0,3.0,collision
1453,4.1362199783325195,-3.852766752243042,-0.0002466227160766721,0.03300108388066292,0.03300108388066292,1.0,3.0,collision
1454,4.1363091468811035,-3.851714611053467,-0.00024683569790795445,0.03299727663397789,0.03299727663397789,1.0,-3.0,collision
1455,4.1364006996154785,-3.8506624698638916,-0.0002470155304763466,0.03300365060567856,0.03300365060567856,1.0,-3.0,collision
1456,4.1364946365356445,-3.8496108055114746,-0.0002471599727869034,0.032995354384183884,0.032995354384183884,1.0,-3.0,collision
1457,4.136495113372803,-3.8496105670928955,-0.000252258701948449,0.00016020388284232467,1.6660003893775865e-05,0.0,0.0,collision
1458,4.136590957641602,-3.8485591411590576,-0.0002465966681484133,0.03299376368522644,0.032993290573358536,1.0,0.0,collision
1459,4.136591911315918,-3.8485379219055176,-0.00025150104193016887,0.0006812349893152714,0.0006637710030190647,0.0,3.0,collision
1460,4.136592864990234,-3.8485381603240967,-0.000251041870797053,3.390554411453195e-05,3.0719529604539275e-05,0.0,-3.0,collision
1461,4.136686325073242,-3.8475074768066406,-0.0002455206122249365,0.03234146162867546,0.03234100341796875,1.0,3.0,collision
1462,4.136687278747559,-3.8474864959716797,-0.00025053200079128146,0.0006747532170265913,0.0006563279894180596,0.0,3.0,collision
1463,4.136777400970459,-3.8464343547821045,-0.0002452854241710156,0.03300021216273308,0.032999806106090546,1.0,0.0,collision
1464,4.136778354644775,-3.8464133739471436,-0.00025045612710528076,0.0006759260431863368,0.0006563279894180596,0.0,3.0,collision
1465,4.136778831481934,-3.8464133739471436,-0.0002502062707208097,1.6822888937895186e-05,1.4901160284352954e-05,0.0,-3.0,collision
1466,4.136867046356201,-3.8453824520111084,-0.0002448521845508367,0.03233446925878525,0.032334037125110626,1.0,3.0,collision
1467,4.1369547843933105,-3.844330072402954,-0.0002451043401379138,0.03300096094608307,0.03300095722079277,1.0,-3.0,collision
1468,4.1370439529418945,-3.8432776927948,-0.00024562590988352895,0.03300470486283302,0.033004701137542725,1.0,3.0,collision
1469,4.137045383453369,-3.843256711959839,-0.00025091986753977835,0.000677676813211292,0.000657173281069845,0.0,-3.0,collision
1470,4.137133598327637,-3.8422255516052246,-0.00024572465918026865,0.03234186768531799,0.03234146162867546,1.0,3.0,collision
1471,4.137135028839111,-3.8422045707702637,-0.0002506986784283072,0.000675305665936321,0.000657173281069845,0.0,-3.0,collision
1472,4.1372246742248535,-3.8411524295806885,-0.0002454301866237074,0.0329989455640316,0.03299853950738907,1.0,0.0,collision
1473,4.137226104736328,-3.8411314487457275,-0.0002505608426872641,0.0006764490972273052,0.000657173281069845,0.0,-3.0,collision
1474,4.137316703796387,-3.8401005268096924,-0.0002454270434100181,0.032340873032808304,0.03234047815203667,1.0,3.0,collision
1475,4.137318134307861,-3.8400795459747314,-0.00025046023074537516,0.0006757336086593568,0.000657173281069845,0.0,-3.0,collision
1476,4.137409210205078,-3.8390486240386963,-0.0002453304477967322,0.032342180609703064,0.03234178200364113,1.0,-3.0,collision
1477,4.1375041007995605,-3.8379969596862793,-0.0002455217472743243,0.032998014241456985,0.032998014241456985,1.0,3.0,collision
1478,4.13759708404541,-3.836945056915283,-0.000245941017055884,0.03300014138221741,0.03300013765692711,1.0,-3.0,collision
1479,4.137595176696777,-3.836923837661743,-0.0002511936181690544,0.0006857110420241952,0.0006657750927843153,0.0,3.0,collision
1480,4.137686252593994,-3.835893154144287,-0.00024593190755695105,0.03233477845788002,0.03233436122536659,1.0,3.0,collision
1481,4.137775421142578,-3.834840774536133,-0.00024599212338216603,0.033004701137542725,0.033004701137542725,1.0,3.0,collision
1482,4.137863636016846,-3.8337883949279785,-0.0002463165728840977,0.03300220146775246,0.03300220146775246,1.0,-3.0,collision
1483,4.137861728668213,-3.8337674140930176,-0.0002514936786610633,0.0006779420073144138,0.0006583547801710665,0.0,3.0,collision
1484,4.137950897216797,-3.832736015319824,-0.0002461603144183755,0.032351866364479065,0.03235143795609474,1.0,-3.0,collision
1485,4.137950897216797,-3.832735776901245,-0.00025116026517935097,0.00015642598737031221,7.450580142176477e-06,0.0,0.0,collision
1486,4.137950897216797,-3.832735776901245,-0.00025068933609873056,1.471653285989305e-05,0.0,0.0,3.0,collision
1487,4.137950897216797,-3.832735776901245,-0.00025010370882228017,1.8300852389074862e-05,0.0,0.0,0.0,collision
1488,4.137950897216797,-3.832735776901245,-0.000249635661020875,1.462649288441753e-05,0.0,0.0,3.0,collision
1489,4.138034820556641,-3.8317043781280518,-0.0002443709527142346,0.03233815357089043,0.0323377326130867,1.0,3.0,collision
1490,4.138118267059326,-3.8306517601013184,-0.0002447182487230748,0.03299751505255699,0.03299751132726669,1.0,-3.0,collision
1491,4.1382036209106445,-3.829599142074585,-0.0002453117922414094,0.033002279698848724,0.033002275973558426,1.0,0.0,collision
1492,4.138288974761963,-3.8285465240478516,-0.0002457974769640714,0.033002279698848724,0.033002275973558426,1.0,0.0,collision
1493,4.138289928436279,-3.8285253047943115,-0.0002510742633603513,0.0006839471752755344,0.0006637710030190647,0.0,3.0,collision
1494,4.138372898101807,-3.8274729251861572,-0.0002457350492477417,0.03298933058977127,0.032988909631967545,1.0,0.0,collision
1495,4.138455390930176,-3.8264200687408447,-0.0002459281822666526,0.03300260007381439,0.03300260007381439,1.0,0.0,collision
1496,4.138456344604492,-3.8263988494873047,-0.0002511681814212352,0.0006836709799245,0.0006637710030190647,0.0,3.0,collision
1497,4.138535022735596,-3.8253672122955322,-0.0002459120296407491,0.03233269974589348,0.03233227878808975,1.0,3.0,collision
1498,4.138612747192383,-3.8243138790130615,-0.00024597099400125444,0.033006154000759125,0.033006154000759125,1.0,0.0,collision
1499,4.13869047164917,-3.82326078414917,-0.00024631022824905813,0.03299872577190399,0.03299872204661369,1.0,0.0,collision
1500,4.138690948486328,-3.82323956489563,-0.00025148349232040346,0.0006826867465861142,0.0006632690201513469,0.0,3.0,collision
1501,4.13876485824585,-3.822207450866699,-0.0002461649419274181,0.032336581498384476,0.03233615309000015,1.0,3.0,collision
1502,4.138836860656738,-3.8211538791656494,-0.0002461785916239023,0.03300091251730919,0.03300091251730919,1.0,3.0,collision
1503,4.138907432556152,-3.8201003074645996,-0.00024646558449603617,0.032997891306877136,0.032997891306877136,1.0,-3.0,collision
1504,4.138906002044678,-3.8200790882110596,-0.0002516123349778354,0.0006837911787442863,0.0006646068068221211,0.0,3.0,collision
1505,4.138974666595459,-3.81904673576355,-0.00024626776576042175,0.03233272582292557,0.032332293689250946,1.0,3.0,collision
1506,4.138975143432617,-3.8190255165100098,-0.00025114347226917744,0.0006805447628721595,0.0006632690201513469,0.0,3.0,collision
1507,4.138974666595459,-3.8190255165100098,-0.0002507618337403983,1.9086091924691573e-05,1.4901160284352954e-05,0.0,3.0,collision
1508,4.138973712921143,-3.8190255165100098,-0.0002501708222553134,3.506117718643509e-05,2.980232056870591e-05,0.0,3.0,collision
1509,4.138973712921143,-3.8190252780914307,-0.00024967893841676414,1.7081865735235624e-05,7.450580142176477e-06,0.0,0.0,collision
1510,4.138973712921143,-3.8190252780914307,-0.0002492903149686754,1.2144481843279209e-05,0.0,0.0,0.0,collision
1511,4.139034271240234,-3.8179712295532227,-0.00024399776884820312,0.03299374878406525,0.03299333527684212,1.0,0.0,collision
1512,4.139095306396484,-3.8169169425964355,-0.00024451862554997206,0.03300163149833679,0.033001627773046494,1.0,-3.0,collision
1513,4.139094352722168,-3.8168959617614746,-0.00025004532653838396,0.0006786715239286423,0.0006563279894180596,0.0,3.0,collision
1514,4.139094829559326,-3.8168959617614746,-0.00024988772929646075,1.569392770761624e-05,1.4901160284352954e-05,0.0,-3.0,collision
1515,4.139094829559326,-3.8168959617614746,-0.0002494768996257335,1.2838426300731953e-05,0.0,0.0,0.0,collision
1516,4.139094829559326,-3.8168959617614746,-0.00024913507513701916,1.068201436282834e-05,0.0,0.0,3.0,collision
1517,4.139094829559326,-3.8168959617614746,-0.0002488500904291868,8.905772119760513e-06,0.0,0.0,0.0,collision
1518,4.139153957366943,-3.8158628940582275,-0.0002437479270156473,0.03233659267425537,0.032336197793483734,1.0,3.0,collision
1519,4.139212131500244,-3.8148083686828613,-0.00024422514252364635,0.0330040268599987,0.033004023134708405,1.0,0.0,collision
1520,4.139269828796387,-3.813753843307495,-0.0002449133316986263,0.03300321102142334,0.03300320357084274,1.0,0.0,collision
1521,4.139327526092529,-3.812699556350708,-0.00024548391229473054,0.03299577161669731,0.032995764166116714,1.0,3.0,collision
1522,4.139327526092529,-3.812678337097168,-0.00025081809144467115,0.0006837326800450683,0.0006631016149185598,0.0,3.0,collision
1523,4.139327049255371,-3.812678337097168,-0.0002505163138266653,1.7634622054174542e-05,1.4901160284352954e-05,0.0,3.0,collision
1524,4.139378547668457,-3.8116447925567627,-0.00024507968919351697,0.03233878314495087,0.03233833238482475,1.0,-3.0,collision
1525,4.139377593994141,-3.8116235733032227,-0.00025019043823704123,0.0006827148608863354,0.0006637710030190647,0.0,3.0,collision
1526,4.139377593994141,-3.8116235733032227,-0.000249993841862306,6.143636255728779e-06,0.0,0.0,0.0,collision
1527,4.139430046081543,-3.8105900287628174,-0.00024466635659337044,0.03234025835990906,0.032339829951524734,1.0,-3.0,collision
1528,4.139430046081543,-3.8105897903442383,-0.00024995076819323003,0.000165305842529051,7.450580142176477e-06,0.0,0.0,collision
1529,4.139430522918701,-3.8105897903442383,-0.00024971613311208785,1.6607464203843847e-05,1.4901160284352954e-05,0.0,0.0,collision
1530,4.1394829750061035,-3.809556245803833,-0.00024445162853226066,0.03234024718403816,0.032339829951524734,1.0,3.0,collision
1531,4.139533996582031,-3.8085014820098877,-0.0002447883889544755,0.032999906688928604,0.032999906688928604,1.0,0.0,collision
1532,4.139585018157959,-3.8074467182159424,-0.0002453637425787747,0.0329999104142189,0.032999906688928604,1.0,0.0,collision
1533,4.139584064483643,-3.8074254989624023,-0.00025072702555917203,0.000684603990521282,0.0006637710030190647,0.0,3.0,collision
1534,4.139632701873779,-3.806370735168457,-0.00024545707856304944,0.03299679979681969,0.032996393740177155,1.0,0.0,collision
1535,4.139631748199463,-3.806349754333496,-0.00025059416657313704,0.0006756756920367479,0.0006563279894180596,0.0,3.0,collision
1536,4.139678478240967,-3.8053159713745117,-0.00024543164181523025,0.032339103519916534,0.0323387049138546,1.0,-3.0,collision
1537,4.139679431915283,-3.8052947521209717,-0.00025047402596101165,0.0006822182331234217,0.0006637710030190647,0.0,-3.0,collision
1538,4.139730930328369,-3.8042402267456055,-0.0002452510816510767,0.03299359232187271,0.03299318999052048,1.0,0.0,collision
1539,4.139729976654053,-3.8042190074920654,-0.00025042923516593874,0.0006832106737419963,0.0006637710030190647,0.0,3.0,collision
1540,4.139729976654053,-3.8042190074920654,-0.0002501894487068057,7.493326393159805e-06,0.0,0.0,0.0,collision
1541,4.139730453491211,-3.8042190074920654,-0.00024970859521999955,2.1162359189474955e-05,1.4901160284352954e-05,0.0,-3.0,collision
1542,4.139781475067139,-3.80318546295166,-0.00024442875292152166,0.032338015735149384,0.03233759477734566,1.0,-3.0,collision
1543,4.139782428741455,-3.803164482116699,-0.00024965775082819164,0.0006763638230040669,0.0006563279894180596,0.0,-3.0,collision
1544,4.139838695526123,-3.802110195159912,-0.00024459726409986615,0.032993730157613754,0.03299335390329361,1.0,0.0,collision
1545,4.139894962310791,-3.801055669784546,-0.00024501318694092333,0.033000797033309937,0.03300079330801964,1.0,-3.0,collision
1546,4.13995361328125,-3.8000011444091797,-0.00024555285926908255,0.03300485014915466,0.033004842698574066,1.0,0.0,collision
1547,4.140012264251709,-3.7989468574523926,-0.000245985749643296,0.032997410744428635,0.032997407019138336,1.0,-3.0,collision
1548,4.140072345733643,-3.7978925704956055,-0.0002463462296873331,0.0329999215900898,0.0329999215900898,1.0,3.0,collision
1549,4.140072822570801,-3.7978713512420654,-0.000251507357461378,0.0006825970485806465,0.0006632690201513469,0.0,3.0,collision
1550,4.140073299407959,-3.7978713512420654,-0.0002510621852707118,2.038573074969463e-05,1.4901160284352954e-05,0.0,0.0,collision
1551,4.140073776245117,-3.7978713512420654,-0.0002504071453586221,2.5319266569567844e-05,1.4901160284352954e-05,0.0,-3.0,collision
1552,4.140073776245117,-3.7978713512420654,-0.0002498778630979359,1.6540070646442473e-05,0.0,0.0,0.0,collision
1553,4.140132427215576,-3.7968382835388184,-0.00024455931270495057,0.03233577683568001,0.03233535215258598,1.0,-3.0,collision
1554,4.14013147354126,-3.7968170642852783,-0.0002497740206308663,0.0006834820960648358,0.0006637710030190647,0.0,3.0,collision
1555,4.14013147354126,-3.7968170642852783,-0.00024966546334326267,3.392415010239347e-06,0.0,0.0,3.0,collision
1556,4.1401872634887695,-3.795762777328491,-0.0002443068369757384,0.03299298882484436,0.032992564141750336,1.0,0.0,collision
1557,4.140243053436279,-3.794708251953125,-0.0002447713050059974,0.03300000727176666,0.033000003546476364,1.0,0.0,collision
1558,4.140299320220947,-3.793653726577759,-0.0002453495981171727,0.033000800758600235,0.03300079330801964,1.0,-3.0,collision
1559,4.14035701751709,-3.7925992012023926,-0.0002458319067955017,0.03300320729613304,0.03300320357084274,1.0,0.0,collision
1560,4.140357494354248,-3.7925989627838135,-0.0002511928614694625,0.00016835615679156035,1.6660003893775865e-05,0.0,0.0,collision
1561,4.140416622161865,-3.7915658950805664,-0.00024583490449003875,0.032336629927158356,0.032336197793483734,1.0,-3.0,collision
1562,4.140477180480957,-3.7905116081237793,-0.00024591656983830035,0.033000774681568146,0.033000774681568146,1.0,0.0,collision
1563,4.140478610992432,-3.7904903888702393,-0.00025114358868449926,0.0006843855371698737,0.0006646068068221211,0.0,-3.0,collision
1564,4.1405415534973145,-3.7894365787506104,-0.0002458006201777607,0.032990675419569016,0.03299025073647499,1.0,0.0,collision
1565,4.140604496002197,-3.7883822917938232,-0.0002459860988892615,0.03300512954592705,0.03300512954592705,1.0,3.0,collision
1566,4.140664577484131,-3.7873282432556152,-0.0002463262644596398,0.03299248218536377,0.03299248218536377,1.0,3.0,collision
1567,4.140665531158447,-3.787307024002075,-0.0002514793013688177,0.000683025224134326,0.0006637710030190647,0.0,-3.0,collision
1568,4.140665054321289,-3.787307024002075,-0.0002510504564270377,2.0041014067828655e-05,1.4901160284352954e-05,0.0,0.0,collision
1569,4.140665054321289,-3.787307024002075,-0.0002504030999261886,2.022988883254584e-05,0.0,0.0,0.0,collision
1570,4.140726566314697,-3.786273956298828,-0.00024497995036654174,0.03234098479151726,0.03234054148197174,1.0,-3.0,collision
1571,4.1407904624938965,-3.78521990776062,-0.0002452214830555022,0.03299948200583458,0.03299948200583458,1.0,0.0,collision
1572,4.140789031982422,-3.78519868850708,-0.00025059899780899286,0.0006855232059024274,0.0006646068068221211,0.0,3.0,collision
1573,4.14078950881958,-3.78519868850708,-0.0002503348223399371,1.703518682916183e-05,1.4901160284352954e-05,0.0,0.0,collision
1574,4.140789031982422,-3.78519868850708,-0.0002498353715054691,2.1578905943897553e-05,1.4901160284352954e-05,0.0,3.0,collision
1575,4.140847682952881,-3.784144401550293,-0.00024442916037514806,0.032997842878103256,0.032997407019138336,1.0,0.0,collision
1576,4.1408467292785645,-3.784123420715332,-0.0002497571986168623,0.0006771182524971664,0.0006563279894180596,0.0,3.0,collision
1577,4.140846252441406,-3.784123420715332,-0.0002496561501175165,1.5232074474624824e-05,1.4901160284352954e-05,0.0,3.0,collision
1578,4.140846252441406,-3.784123420715332,-0.0002492864732630551,1.1552400792425033e-05,0.0,0.0,3.0,collision
1579,4.140896797180176,-3.7830898761749268,-0.00024409218167420477,0.03233727067708969,0.03233686462044716,1.0,3.0,collision
1580,4.140945911407471,-3.7820351123809814,-0.0002444952551741153,0.03299708291888237,0.03299707919359207,1.0,-3.0,collision
1581,4.1409454345703125,-3.7820138931274414,-0.00025002213078550994,0.0006853876984678209,0.0006632690201513469,0.0,3.0,collision
1582,4.1409454345703125,-3.7820138931274414,-0.0002498739049769938,4.6320565161295235e-06,0.0,0.0,0.0,collision
1583,4.1409454345703125,-3.7820136547088623,-0.00024946164921857417,1.4882292816764675e-05,7.450580142176477e-06,0.0,0.0,collision
1584,4.140944957733154,-3.7820136547088623,-0.0002491227351129055,1.8281554730492644e-05,1.4901160284352954e-05,0.0,3.0,collision
1585,4.140990734100342,-3.780980110168457,-0.00024396074877586216,0.03233033046126366,0.03232992812991142,1.0,3.0,collision
1586,4.141035079956055,-3.7799248695373535,-0.0002443901030346751,0.033005379140377045,0.033005375415086746,1.0,-3.0,collision
1587,4.1410813331604,-3.778869867324829,-0.0002450442698318511,0.03300049528479576,0.033000487834215164,1.0,-3.0,collision
1588,4.1411309242248535,-3.777815103530884,-0.00024558271979913116,0.03299778327345848,0.03299777954816818,1.0,-3.0,collision
1589,4.141130447387695,-3.7777938842773438,-0.00025090714916586876,0.0006838208646513522,0.0006632690201513469,0.0,3.0,collision
1590,4.1411309242248535,-3.7777938842773438,-0.0002505778684280813,1.8108812582795508e-05,1.4901160284352954e-05,0.0,-3.0,collision
1591,4.141181945800781,-3.7767393589019775,-0.0002450474421493709,0.03299291804432869,0.03299246355891228,1.0,0.0,collision
1592,4.141180992126465,-3.7767181396484375,-0.0002502524293959141,0.0006834097439423203,0.0006637710030190647,0.0,3.0,collision
1593,4.141228675842285,-3.7756845951080322,-0.0002451683394610882,0.03233301267027855,0.03233261778950691,1.0,3.0,collision
1594,4.141274452209473,-3.774629592895508,-0.0002453707857057452,0.03299983963370323,0.03299983963370323,1.0,-3.0,collision
1595,4.141322135925293,-3.7735745906829834,-0.000245834409724921,0.03300247713923454,0.03300247713923454,1.0,0.0,collision
1596,4.14137077331543,-3.772519588470459,-0.00024621051852591336,0.03300383687019348,0.03300383314490318,1.0,-3.0,collision
1597,4.141420364379883,-3.7714648246765137,-0.0002465260913595557,0.03299777954816818,0.03299777954816818,1.0,3.0,collision
1598,4.141421318054199,-3.7714436054229736,-0.0002516401873435825,0.000682739308103919,0.0006637710030190647,0.0,-3.0,collision
1599,4.141421318054199,-3.7714436054229736,-0.00025117924087680876,1.4404576177184936e-05,0.0,0.0,0.0,collision
1600,4.141470909118652,-3.7704100608825684,-0.0002456274232827127,0.03233588486909866,0.032335422933101654,1.0,3.0,collision
1601,4.1415181159973145,-3.769355058670044,-0.00024573420523665845,0.03300180658698082,0.03300180658698082,1.0,3.0,collision
1602,4.141563415527344,-3.7683000564575195,-0.0002461095282342285,0.0329991951584816,0.0329991951584816,1.0,-3.0,collision
1603,4.141611576080322,-3.767245292663574,-0.0002464338904246688,0.03299570828676224,0.03299570828676224,1.0,-3.0,collision
1604,4.141661643981934,-3.76619029045105,-0.00024669969570823014,0.03300592675805092,0.03300592303276062,1.0,0.0,collision
1605,4.141711711883545,-3.7651355266571045,-0.0002469132887199521,0.03299847990274429,0.03299847990274429,1.0,3.0,collision
1606,4.141759872436523,-3.76408052444458,-0.00024706838303245604,0.033003147691488266,0.033003147691488266,1.0,-3.0,collision
1607,4.141810417175293,-3.7630257606506348,-0.0002472016785759479,0.0329991914331913,0.0329991914331913,1.0,-3.0,collision
1608,4.141810417175293,-3.7630255222320557,-0.0002522919967304915,0.00015924683248158544,7.450580142176477e-06,0.0,0.0,collision
1609,4.141863822937012,-3.7619919776916504,-0.0002467146550770849,0.03234182670712471,0.032341353595256805,1.0,-3.0,collision
1610,4.141919136047363,-3.760937452316284,-0.0002466200676281005,0.03299921751022339,0.03299921751022339,1.0,0.0,collision
1611,4.141973972320557,-3.759882926940918,-0.0002468345337547362,0.03299844264984131,0.03299844264984131,1.0,3.0,collision
1612,4.142026424407959,-3.7588281631469727,-0.0002470094768796116,0.0330020971596241,0.0330020971596241,1.0,0.0,collision
1613,4.142025947570801,-3.7588069438934326,-0.0002520430425647646,0.0006816661916673183,0.0006632690201513469,0.0,3.0,collision
1614,4.1420769691467285,-3.7577733993530273,-0.00024660135386511683,0.03233804181218147,0.03233759477734566,1.0,-3.0,collision
1615,4.142076015472412,-3.7577524185180664,-0.00025142141385003924,0.0006733906338922679,0.0006563279894180596,0.0,3.0,collision
1616,4.14207649230957,-3.7577524185180664,-0.0002509743208065629,2.0426741684786975e-05,1.4901160284352954e-05,0.0,-3.0,collision
1617,4.14207649230957,-3.7577524185180664,-0.00025035045109689236,1.9495926608215086e-05,0.0,0.0,3.0,collision
1618,4.142126560211182,-3.7566978931427,-0.0002448414161335677,0.03299148753285408,0.032991036772727966,1.0,0.0,collision
1619,4.142126083374023,-3.75667667388916,-0.00025008662487380207,0.0006832226645201445,0.0006632690201513469,0.0,3.0,collision
1620,4.142125606536865,-3.75667667388916,-0.00024991968530230224,1.5787976735737175e-05,1.4901160284352954e-05,0.0,3.0,collision
1621,4.1421709060668945,-3.755621910095215,-0.00024451047647744417,0.03299218416213989,0.03299175202846527,1.0,0.0,collision
1622,4.142216205596924,-3.7545666694641113,-0.00024493414093740284,0.03300664201378822,0.033006638288497925,1.0,0.0,collision
1623,4.142216682434082,-3.7545664310455322,-0.0002504637523088604,0.00017360159836243838,1.6660003893775865e-05,0.0,0.0,collision
1624,4.1422624588012695,-3.753532648086548,-0.00024525102344341576,0.03233778104186058,0.03233737498521805,1.0,-3.0,collision
1625,4.142262935638428,-3.7535324096679688,-0.00025042862398549914,0.00016265545855276287,1.6660003893775865e-05,0.0,0.0,collision
1626,4.142262935638428,-3.7535324096679688,-0.0002501038834452629,1.0148140972887632e-05,0.0,0.0,3.0,collision
1627,4.142307758331299,-3.7524986267089844,-0.0002447562001179904,0.03233649954199791,0.03233606740832329,1.0,3.0,collision
1628,4.142350673675537,-3.751443386077881,-0.0002450316969770938,0.03300352767109871,0.03300352767109871,1.0,0.0,collision
1629,4.142351150512695,-3.75142240524292,-0.00025043493951670825,0.0006772083579562604,0.0006558204186148942,0.0,-3.0,collision
1630,4.142350673675537,-3.75142240524292,-0.00025022015324793756,1.634308682696428e-05,1.4901160284352954e-05,0.0,3.0,collision
1631,4.142393589019775,-3.7503883838653564,-0.0002448544546496123,0.03234142065048218,0.03234098106622696,1.0,3.0,collision
1632,4.142393112182617,-3.7503881454467773,-0.00025008994271047413,0.00016445503570139408,1.6660003893775865e-05,0.0,0.0,collision
1633,4.142393112182617,-3.7503881454467773,-0.00024982693139463663,8.219103619921952e-06,0.0,0.0,0.0,collision
1634,4.142434120178223,-3.749354124069214,-0.00024452898651361465,0.03233899176120758,0.032338567078113556,1.0,-3.0,collision
1635,4.142477989196777,-3.7482991218566895,-0.00024485602625645697,0.032997310161590576,0.03299730643630028,1.0,-3.0,collision
1636,4.142478942871094,-3.7482779026031494,-0.00025029925745911896,0.0006852198857814074,0.0006637710030190647,0.0,-3.0,collision
1637,4.142527103424072,-3.747244119644165,-0.0002452166809234768,0.03234114125370979,0.03234075382351875,1.0,-3.0,collision
1638,4.142577648162842,-3.7461893558502197,-0.0002454312634654343,0.0329991914331913,0.0329991914331913,1.0,3.0,collision
1639,4.14262580871582,-3.7451345920562744,-0.0002458785311318934,0.032995712012052536,0.03299570828676224,1.0,3.0,collision
1640,4.142672061920166,-3.74407958984375,-0.0002462398842908442,0.033000487834215164,0.033000487834215164,1.0,-3.0,collision
1641,4.142671585083008,-3.74405837059021,-0.0002514321240596473,0.000682827434502542,0.0006632690201513469,0.0,3.0,collision
1642,4.142716407775879,-3.7430245876312256,-0.0002461237891111523,0.03233649209141731,0.03233606740832329,1.0,3.0,collision
1643,4.142716407775879,-3.7430033683776855,-0.00025102822110056877,0.0006805831799283624,0.0006631016149185598,0.0,3.0,collision
1644,4.142716407775879,-3.7430033683776855,-0.00025066439411602914,1.1369592357368674e-05,0.0,0.0,0.0,collision
1645,4.142716407775879,-3.7430033683776855,-0.00025008810916915536,1.8008904589805752e-05,0.0,0.0,-3.0,collision
1646,4.142758846282959,-3.741969347000122,-0.00024474383099004626,0.03234080225229263,0.03234036639332771,1.0,3.0,collision
1647,4.142758846282959,-3.741948366165161,-0.0002498989342711866,0.0006751522305421531,0.000655651034321636,0.0,-3.0,collision
1648,4.142759323120117,-3.741948366165161,-0.00024976584245450795,1.547071042296011e-05,1.4901160284352954e-05,0.0,-3.0,collision
1649,4.142759323120117,-3.741948366165161,-0.0002493738429620862,1.2249983228684869e-05,0.0,0.0,-3.0,collision
1650,4.142805576324463,-3.7409145832061768,-0.0002441725227981806,0.03233844414353371,0.032338034361600876,1.0,3.0,collision
1651,4.142849922180176,-3.7398593425750732,-0.0002445703430566937,0.033005375415086746,0.033005375415086746,1.0,3.0,collision
1652,4.142891883850098,-3.7388041019439697,-0.0002451893233228475,0.0330023355782032,0.0330023318529129,1.0,3.0,collision
1653,4.1428914070129395,-3.7388038635253906,-0.00025067260139621794,0.0001721604203339666,1.6660003893775865e-05,0.0,0.0,collision
1654,4.1428914070129395,-3.7388038635253906,-0.0002503030700609088,1.1547853318916168e-05,0.0,0.0,-3.0,collision
1655,4.1429338455200195,-3.7377700805664062,-0.00024491469957865775,0.032333362847566605,0.032332923263311386,1.0,-3.0,collision
1656,4.142934322357178,-3.737748861312866,-0.00025004640338011086,0.0006823803414590657,0.0006632690201513469,0.0,-3.0,collision
1657,4.142934322357178,-3.737748861312866,-0.0002498895628377795,4.901266493106959e-06,0.0,0.0,0.0,collision
1658,4.142934322357178,-3.737748622894287,-0.00024947390193119645,1.4974502846598625e-05,7.450580142176477e-06,0.0,0.0,collision
1659,4.1429338455200195,-3.737748861312866,-0.0002491325431037694,1.9782579329330474e-05,1.6660003893775865e-05,0.0,3.0,collision
1660,4.142933368682861,-3.737748861312866,-0.00024885317543521523,1.7270253010792658e-05,1.4901160284352954e-05,0.0,3.0,collision
1661,4.142932891845703,-3.737748861312866,-0.00024862942518666387,1.646011514822021e-05,1.4901160284352954e-05,0.0,3.0,collision
1662,4.142932891845703,-3.737748861312866,-0.00024845049483701587,5.591572971752612e-06,0.0,0.0,3.0,collision
1663,4.142971038818359,-3.7367146015167236,-0.00024342263350263238,0.032342977821826935,0.03234259411692619,1.0,3.0,collision
1664,4.143007278442383,-3.73565936088562,-0.00024395975924562663,0.032995712012052536,0.03299570828676224,1.0,-3.0,collision
1665,4.143007755279541,-3.73563814163208,-0.0002495821681804955,0.0006861460860818624,0.0006632690201513469,0.0,-3.0,collision
1666,4.143049240112305,-3.7346041202545166,-0.00024464275338687,0.03233953192830086,0.03233915939927101,1.0,-3.0,collision
1667,4.143093109130859,-3.733549118041992,-0.0002449622261337936,0.032997310161590576,0.03299730643630028,1.0,-3.0,collision
1668,4.143093585968018,-3.733548641204834,-0.00025048726820386946,0.00017393883899785578,2.1073423340567388e-05,0.0,0.0,collision
1669,4.143138885498047,-3.7325148582458496,-0.0002452810003887862,0.03233712539076805,0.03233671560883522,1.0,3.0,collision
1670,4.143181800842285,-3.731459856033325,-0.00024546743952669203,0.032996080815792084,0.032996080815792084,1.0,3.0,collision
1671,4.143181800842285,-3.731459617614746,-0.0002508806937839836,0.00016932818107306957,7.450580142176477e-06,0.0,0.0,collision
1672,4.143221855163574,-3.7304255962371826,-0.0002455955545883626,0.032337822020053864,0.03233739733695984,1.0,3.0,collision
1673,4.143260478973389,-3.7293701171875,-0.00024570905952714384,0.033005792647600174,0.033005792647600174,1.0,-3.0,collision
1674,4.143260955810547,-3.729349136352539,-0.0002509809273760766,0.0006761963595636189,0.0006558204186148942,0.0,-3.0,collision
1675,4.143304347991943,-3.7283151149749756,-0.00024576185387559235,0.03234201669692993,0.0323416031897068,1.0,-3.0,collision
1676,4.143303394317627,-3.7282941341400146,-0.0002507504541426897,0.0006745882565155625,0.0006563279894180596,0.0,3.0,collision
1677,4.143303394317627,-3.7282941341400146,-0.00025044745416380465,9.468749340157956e-06,0.0,0.0,3.0,collision
1678,4.143345355987549,-3.727260112762451,-0.00024502412998117507,0.03234020620584488,0.032339759171009064,1.0,-3.0,collision
1679,4.1433892250061035,-3.7262048721313477,-0.00024525716435164213,0.0330047532916069,0.0330047532916069,1.0,0.0,collision
1680,4.143433094024658,-3.7251498699188232,-0.00024573435075581074,0.032997310161590576,0.03299730643630028,1.0,-3.0,collision
1681,4.143479347229004,-3.7240946292877197,-0.0002461393887642771,0.03300793468952179,0.03300793096423149,1.0,0.0,collision
1682,4.1434807777404785,-3.724073648452759,-0.00025133657618425786,0.000676944968290627,0.000657173281069845,0.0,-3.0,collision
1683,4.143528461456299,-3.7230398654937744,-0.00024605836370028555,0.032340485602617264,0.03234006091952324,1.0,3.0,collision
1684,4.143528461456299,-3.7230396270751953,-0.0002510674821678549,0.00015671215078327805,7.450580142176477e-06,0.0,0.0,collision
1685,4.143574237823486,-3.72198486328125,-0.0002456283546052873,0.032992832362651825,0.032992396503686905,1.0,0.0,collision
1686,4.143574237823486,-3.721984386444092,-0.00025081721832975745,0.0001628352329134941,1.4901160284352954e-05,0.0,0.0,collision
1687,4.143619060516357,-3.7209506034851074,-0.00024553484399802983,0.032336488366127014,0.03233606740832329,1.0,3.0,collision
1688,4.143661975860596,-3.719895601272583,-0.0002456649672240019,0.032996080815792084,0.032996080815792084,1.0,0.0,collision
1689,4.143705368041992,-3.7188403606414795,-0.00024606016813777387,0.03300413861870766,0.03300413489341736,1.0,-3.0,collision
1690,4.1437506675720215,-3.717785358428955,-0.00024640519404783845,0.0329991951584816,0.0329991951584816,1.0,3.0,collision
1691,4.143751621246338,-3.717764377593994,-0.00025154341710731387,0.0006756840739399195,0.0006563279894180596,0.0,-3.0,collision
1692,4.143796920776367,-3.7167305946350098,-0.0002462121774442494,0.03233714401721954,0.03233671560883522,1.0,-3.0,collision
1693,4.143845558166504,-3.7156755924224854,-0.00024621718330308795,0.03300383314490318,0.03300383314490318,1.0,-3.0,collision
1694,4.143845081329346,-3.7156546115875244,-0.0002513997023925185,0.0006755215581506491,0.0006558204186148942,0.0,3.0,collision
1695,4.143845558166504,-3.7156546115875244,-0.00025097100296989083,2.0037972717545927e-05,1.4901160284352954e-05,0.0,-3.0,collision
1696,4.143895149230957,-3.714621067047119,-0.00024546452914364636,0.032335881143808365,0.032335422933101654,1.0,3.0,collision
1697,4.143942832946777,-3.7135660648345947,-0.00024560396559536457,0.03300247713923454,0.03300247713923454,1.0,3.0,collision
1698,4.1439433097839355,-3.7135448455810547,-0.00025088703841902316,0.000683507532812655,0.0006632690201513469,0.0,-3.0,collision
1699,4.143990993499756,-3.7124900817871094,-0.00024559497251175344,0.032995447516441345,0.032995034009218216,1.0,0.0,collision
1700,4.143991947174072,-3.7124691009521484,-0.0002506932069081813,0.0006753882043994963,0.0006563279894180596,0.0,-3.0,collision
1701,4.144041061401367,-3.711435317993164,-0.00024553315597586334,0.03234255686402321,0.032342154532670975,1.0,3.0,collision
1702,4.144041061401367,-3.711435079574585,-0.0002506471937522292,0.00015998724848031998,7.450580142176477e-06,0.0,0.0,collision
1703,4.144040107727051,-3.711435079574585,-0.0002502787101548165,3.19495884468779e-05,2.980232056870591e-05,0.0,3.0,collision
1704,4.144040584564209,-3.711435079574585,-0.00024977041175588965,2.177972419303842e-05,1.4901160284352954e-05,0.0,-3.0,collision
1705,4.144088268280029,-3.7103803157806396,-0.00024438637774437666,0.03299546241760254,0.032995034009218216,1.0,0.0,collision
1706,4.144088268280029,-3.7103800773620605,-0.0002498140383977443,0.00016977795166894794,7.450580142176477e-06,0.0,0.0,collision
1707,4.144136905670166,-3.709346294403076,-0.0002447203150950372,0.032341841608285904,0.032341450452804565,1.0,-3.0,collision
1708,4.144186973571777,-3.708291530609131,-0.0002450297470204532,0.03299847990274429,0.03299847990274429,1.0,3.0,collision
1709,4.144235610961914,-3.7072365283966064,-0.0002455522771924734,0.03300383687019348,0.03300383314490318,1.0,0.0,collision
1710,4.144236087799072,-3.7072155475616455,-0.0002508658799342811,0.0006765153375454247,0.0006558204186148942,0.0,-3.0,collision
1711,4.144235610961914,-3.7072155475616455,-0.0002505655284039676,1.7610829672776163e-05,1.4901160284352954e-05,0.0,3.0,collision
1712,4.144284248352051,-3.7061607837677,-0.00024502832093276083,0.03299684450030327,0.032996393740177155,1.0,0.0,collision
1713,4.144333362579346,-3.705106019973755,-0.0002453433407936245,0.03299708291888237,0.03299707919359207,1.0,-3.0,collision
1714,4.144384384155273,-3.7040512561798096,-0.0002458111266605556,0.0329999104142189,0.032999906688928604,1.0,-3.0,collision
1715,4.144384860992432,-3.7040510177612305,-0.00025117991026490927,0.00016859962488524616,1.6660003893775865e-05,0.0,0.0,collision
1716,4.14443826675415,-3.7029964923858643,-0.00024573347764089704,0.03299659118056297,0.032996147871017456,1.0,0.0,collision
1717,4.144437313079834,-3.702975273132324,-0.0002508111938368529,0.0006824741140007973,0.0006637710030190647,0.0,3.0,collision
1718,4.144437789916992,-3.702975273132324,-0.00025049466057680547,1.788545705494471e-05,1.4901160284352954e-05,0.0,0.0,collision
1719,4.144487380981445,-3.701941728591919,-0.00024507855414412916,0.03233586251735687,0.032335422933101654,1.0,3.0,collision
1720,4.144535541534424,-3.7008867263793945,-0.00024528996436856687,0.033003147691488266,0.033003147691488266,1.0,0.0,collision
1721,4.144583225250244,-3.699831962585449,-0.0002457700902596116,0.032995037734508514,0.032995034009218216,1.0,3.0,collision
1722,4.144582748413086,-3.699810743331909,-0.00025104606174863875,0.0006834539817646146,0.0006632690201513469,0.0,3.0,collision
1723,4.144625663757324,-3.6987557411193848,-0.00024571234825998545,0.03299650177359581,0.032996080815792084,1.0,0.0,collision
1724,4.144624710083008,-3.698734760284424,-0.00025079824263229966,0.0006752974004484713,0.0006563279894180596,0.0,3.0,collision
1725,4.144625186920166,-3.698734760284424,-0.00025047987583093345,1.7917209333973005e-05,1.4901160284352954e-05,0.0,-3.0,collision
1726,4.144667148590088,-3.6977007389068604,-0.00024507121997885406,0.03234020248055458,0.032339759171009064,1.0,3.0,collision
1727,4.144667625427246,-3.6976795196533203,-0.00025016136351041496,0.0006820763228461146,0.0006632690201513469,0.0,-3.0,collision
1728,4.144710540771484,-3.696645736694336,-0.00024509080685675144,0.03233392909169197,0.03233353793621063,1.0,-3.0,collision
1729,4.1447553634643555,-3.6955907344818115,-0.0002453299530316144,0.03299856185913086,0.03299855813384056,1.0,3.0,collision
1730,4.144798278808594,-3.694535493850708,-0.0002457977388985455,0.03300353139638901,0.03300352767109871,1.0,3.0,collision
1731,4.144798755645752,-3.694514274597168,-0.000251056655542925,0.0006833255756646395,0.0006632690201513469,0.0,-3.0,collision
1732,4.14484167098999,-3.6934804916381836,-0.00024582253536209464,0.03233395516872406,0.03233353793621063,1.0,-3.0,collision
1733,4.144887924194336,-3.692425489425659,-0.0002459106035530567,0.033000487834215164,0.033000487834215164,1.0,0.0,collision
1734,4.144887924194336,-3.692425012588501,-0.00025124114472419024,0.00016724455053918064,1.4901160284352954e-05,0.0,0.0,collision
1735,4.144888401031494,-3.69242525100708,-0.00025075770099647343,2.248990313091781e-05,1.6660003893775865e-05,0.0,-3.0,collision
1736,4.144936561584473,-3.6913704872131348,-0.0002451873733662069,0.03299616649746895,0.03299570828676224,1.0,0.0,collision
1737,4.144936561584473,-3.6913702487945557,-0.0002504548756405711,0.000164777971804142,7.450580142176477e-06,0.0,0.0,collision
1738,4.144985675811768,-3.6903364658355713,-0.00024523312458768487,0.032342564314603806,0.032342154532670975,1.0,-3.0,collision
1739,4.145036697387695,-3.689281702041626,-0.00024543461040593684,0.032999906688928604,0.032999906688928604,1.0,0.0,collision
1740,4.145036697387695,-3.689281463623047,-0.00025086040841415524,0.00016971980221569538,7.450580142176477e-06,0.0,0.0,collision
1741,4.1450371742248535,-3.689281463623047,-0.00025045324582606554,1.959439759957604e-05,1.4901160284352954e-05,0.0,-3.0,collision
1742,4.145089626312256,-3.6882479190826416,-0.0002450464235153049,0.03234027326107025,0.032339829951524734,1.0,3.0,collision
1743,4.145139694213867,-3.6871931552886963,-0.0002452694461680949,0.03299847990274429,0.03299847990274429,1.0,3.0,collision
1744,4.145140171051025,-3.6871721744537354,-0.00025061960332095623,0.0006767965969629586,0.0006558204186148942,0.0,-3.0,collision
1745,4.145139694213867,-3.6871719360351562,-0.0002503621217329055,1.8501315935282037e-05,1.6660003893775865e-05,0.0,0.0,collision
1746,4.145139694213867,-3.6871719360351562,-0.000249852571869269,1.5923433238640428e-05,0.0,0.0,0.0,collision
1747,4.145191192626953,-3.686138391494751,-0.0002445396385155618,0.032338760793209076,0.03233833238482475,1.0,-3.0,collision
1748,4.145244598388672,-3.6850838661193848,-0.00024486923939548433,0.032996147871017456,0.032996147871017456,1.0,0.0,collision
1749,4.145244598388672,-3.6850833892822266,-0.0002504079311620444,0.00017372435831930488,1.4901160284352954e-05,0.0,0.0,collision
1750,4.145244598388672,-3.6850833892822266,-0.0002500961709301919,9.742506335896906e-06,0.0,0.0,0.0,collision
1751,4.145298004150391,-3.6840291023254395,-0.00024465390015393496,0.032989151775836945,0.03298870846629143,1.0,0.0,collision
1752,4.145297050476074,-3.6840078830718994,-0.0002499375259503722,0.0006839988054707646,0.0006637710030190647,0.0,3.0,collision
1753,4.145297050476074,-3.6840078830718994,-0.00024980041780509055,4.284629540052265e-06,0.0,0.0,3.0,collision
1754,4.145297527313232,-3.6840081214904785,-0.0002493920037522912,2.0986861272831447e-05,1.6660003893775865e-05,0.0,-3.0,collision
1755,4.145297527313232,-3.6840078830718994,-0.0002490657498128712,1.2627670002984814e-05,7.450580142176477e-06,0.0,0.0,collision
1756,4.145348072052002,-3.682953357696533,-0.00024381832918152213,0.032992154359817505,0.03299174830317497,1.0,0.0,collision
1757,4.1453471183776855,-3.6829323768615723,-0.00024926906917244196,0.0006780712865293026,0.0006563279894180596,0.0,3.0,collision
1758,4.1453471183776855,-3.682932138442993,-0.00024926086189225316,7.45499346521683e-06,7.450580142176477e-06,0.0,0.0,collision
1759,4.1453471183776855,-3.682932138442993,-0.0002489759644959122,8.903043635655195e-06,0.0,0.0,3.0,collision
1760,4.1453471183776855,-3.682932138442993,-0.00024872354697436094,7.888047548476607e-06,0.0,0.0,0.0,collision
1761,4.1453938484191895,-3.681898355484009,-0.00024363544071093202,0.03233909606933594,0.0323387049138546,1.0,-3.0,collision
1762,4.1453938484191895,-3.6818981170654297,-0.00024912584922276437,0.0001717369450489059,7.450580142176477e-06,0.0,0.0,collision
1763,4.1453938484191895,-3.6818981170654297,-0.0002490614424459636,2.01271177502349e-06,0.0,0.0,3.0,collision
1764,4.145441055297852,-3.6808645725250244,-0.0002439112722640857,0.03233233839273453,0.03233193978667259,1.0,-3.0,collision
1765,4.145442485809326,-3.6808433532714844,-0.000249244476435706,0.0006851850776001811,0.0006646068068221211,0.0,-3.0,collision
1766,4.145442485809326,-3.6808433532714844,-0.00024925346951931715,2.810338628478348e-07,0.0,0.0,3.0,collision
1767,4.145442485809326,-3.6808433532714844,-0.0002489645266905427,9.029463399201632e-06,0.0,0.0,3.0,collision
1768,4.145442962646484,-3.6808433532714844,-0.00024870948982425034,1.6898637113627046e-05,1.4901160284352954e-05,0.0,-3.0,collision
1769,4.145492076873779,-3.679788827896118,-0.0002435370988678187,0.03299003466963768,0.032989636063575745,1.0,0.0,collision
1770,4.145493030548096,-3.679767608642578,-0.0002490329497959465,0.0006856299587525427,0.0006637710030190647,0.0,-3.0,collision
1771,4.1454925537109375,-3.679767608642578,-0.0002490883052814752,1.5001232895883732e-05,1.4901160284352954e-05,0.0,3.0,collision
1772,4.1454925537109375,-3.679767608642578,-0.0002488328027538955,7.984453986864537e-06,0.0,0.0,3.0,collision
1773,4.145538806915283,-3.6787338256835938,-0.00024372916959691793,0.03233842924237251,0.032338034361600876,1.0,3.0,collision
1774,4.145538806915283,-3.6787335872650146,-0.00024918964481912553,0.0001708024210529402,7.450580142176477e-06,0.0,0.0,collision
1775,4.145583629608154,-3.6776998043060303,-0.00024421641137450933,0.03233644366264343,0.03233606740832329,1.0,-3.0,collision
1776,4.145630836486816,-3.676644802093506,-0.00024462121655233204,0.03300180658698082,0.03300180658698082,1.0,0.0,collision
1777,4.145630359649658,-3.676623582839966,-0.0002501194248907268,0.0006851624348200858,0.0006632690201513469,0.0,3.0,collision
1778,4.145630836486816,-3.676623582839966,-0.0002499468973837793,1.5846535461605527e-05,1.4901160284352954e-05,0.0,-3.0,collision
1779,4.145630836486816,-3.676623582839966,-0.00024951918749138713,1.3365933227760252e-05,0.0,0.0,-3.0,collision
1780,4.145678997039795,-3.6755900382995605,-0.0002442887634970248,0.032333724200725555,0.032333310693502426,1.0,3.0,collision
1781,4.145725727081299,-3.674535036087036,-0.00024465302703902125,0.033001143485307693,0.033001139760017395,1.0,-3.0,collision
1782,4.145775318145752,-3.6734800338745117,-0.00024525460321456194,0.03300522267818451,0.03300521895289421,1.0,-3.0,collision
1783,4.145775318145752,-3.6734797954559326,-0.00025073482538573444,0.00017141892749350518,7.450580142176477e-06,0.0,0.0,collision
1784,4.145827293395996,-3.6724462509155273,-0.0002454687491990626,0.03233949840068817,0.032339081168174744,1.0,-3.0,collision
1785,4.145881652832031,-3.671391725540161,-0.0002456188958603889,0.03299767151474953,0.03299767151474953,1.0,-3.0,collision
1786,4.145881175994873,-3.671370506286621,-0.00025092120631597936,0.0006836529937572777,0.0006632690201513469,0.0,3.0,collision
1787,4.145881652832031,-3.671370506286621,-0.0002505927986931056,1.8093323888024315e-05,1.4901160284352954e-05,0.0,0.0,collision
1788,4.145935535430908,-3.670315980911255,-0.00024505509645678103,0.032997362315654755,0.03299690783023834,1.0,0.0,collision
1789,4.145936012268066,-3.670315742492676,-0.0002503491414245218,0.00016627562581561506,1.6660003893775865e-05,0.0,0.0,collision
1790,4.145936489105225,-3.670315742492676,-0.000250033859629184,1.7863858374767005e-05,1.4901160284352954e-05,0.0,-3.0,collision
1791,4.145936965942383,-3.670315980911255,-0.00024958440917544067,2.179052353312727e-05,1.6660003893775865e-05,0.0,-3.0,collision
1792,4.145993709564209,-3.6692826747894287,-0.0002443406265228987,0.032339878380298615,0.032339464873075485,1.0,3.0,collision
1793,4.145994663238525,-3.6692614555358887,-0.00024957681307569146,0.0006836424581706524,0.0006637710030190647,0.0,-3.0,collision
1794,4.145994186401367,-3.6692614555358887,-0.00024951889645308256,1.5010672541393433e-05,1.4901160284352954e-05,0.0,3.0,collision
1795,4.145994663238525,-3.6692616939544678,-0.0002491671475581825,1.995953789446503e-05,1.6660003893775865e-05,0.0,-3.0,collision
1796,4.146050930023193,-3.6682283878326416,-0.00024400667462032288,0.032339055091142654,0.03233865275979042,1.0,3.0,collision
1797,4.146050930023193,-3.6682279109954834,-0.00024941202718764544,0.0001695732498774305,1.4901160284352954e-05,0.0,0.0,collision
1798,4.146105766296387,-3.6671736240386963,-0.0002443030825816095,0.03299138695001602,0.03299100324511528,1.0,0.0,collision
1799,4.14610481262207,-3.6671524047851562,-0.00024966729688458145,0.0006846111500635743,0.0006637710030190647,0.0,3.0,collision
1800,4.146158218383789,-3.666118860244751,-0.0002446896396577358,0.03234172984957695,0.032341353595256805,1.0,-3.0,collision
1801,4.146157264709473,-3.66609787940979,-0.0002498927933629602,0.0006761691765859723,0.0006563279894180596,0.0,3.0,collision
1802,4.146157741546631,-3.66609787940979,-0.0002497517562005669,1.5539300875389017e-05,1.4901160284352954e-05,0.0,-3.0,collision
1803,4.146213054656982,-3.665064573287964,-0.0002444770361762494,0.03233746811747551,0.03233704715967178,1.0,-3.0,collision
1804,4.146271228790283,-3.6640100479125977,-0.0002448150480631739,0.033004023134708405,0.033004023134708405,1.0,-3.0,collision
1805,4.146331310272217,-3.6629557609558105,-0.00024538979050703347,0.032999925315380096,0.0329999215900898,1.0,0.0,collision
1806,4.146331787109375,-3.6629555225372314,-0.000250838726060465,0.00017109228065237403,1.6660003893775865e-05,0.0,0.0,collision
1807,4.146331787109375,-3.6629555225372314,-0.0002504464646335691,1.2258168681000825e-05,0.0,0.0,3.0,collision
1808,4.146390438079834,-3.6619222164154053,-0.0002450200845487416,0.03234323486685753,0.03234279155731201,1.0,-3.0,collision
1809,4.146389961242676,-3.6619012355804443,-0.00025014267885126173,0.0006750750471837819,0.0006558204186148942,0.0,3.0,collision
1810,4.146446704864502,-3.660867929458618,-0.0002450762549415231,0.032339856028556824,0.032339464873075485,1.0,3.0,collision
1811,4.14644718170166,-3.660846710205078,-0.000250189914368093,0.0006822480936534703,0.0006632690201513469,0.0,3.0,collision
1812,4.146500587463379,-3.659813404083252,-0.00024510384537279606,0.032334305346012115,0.03233391419053078,1.0,-3.0,collision
1813,4.146501064300537,-3.6598129272460938,-0.0002503142459318042,0.00016418304585386068,2.1073423340567388e-05,0.0,0.0,collision
1814,4.146501064300537,-3.6598129272460938,-0.0002500075497664511,9.584254257788416e-06,0.0,0.0,0.0,collision
1815,4.146557331085205,-3.6587796211242676,-0.0002446735743433237,0.03233908489346504,0.03233865275979042,1.0,-3.0,collision
1816,4.146615505218506,-3.6577250957489014,-0.0002449721796438098,0.033004023134708405,0.033004023134708405,1.0,-3.0,collision
1817,4.146615028381348,-3.6577041149139404,-0.00025040379841811955,0.0006774300127290189,0.0006558204186148942,0.0,3.0,collision
1818,4.14667272567749,-3.6566498279571533,-0.00024519761791452765,0.03299616649746895,0.032995764166116714,1.0,0.0,collision
1819,4.146674156188965,-3.6566288471221924,-0.00025037542218342423,0.0006767997983843088,0.000657173281069845,0.0,-3.0,collision
1820,4.146733283996582,-3.655595541000366,-0.0002452787011861801,0.0323440283536911,0.03234363719820976,1.0,3.0,collision
1821,4.146734237670898,-3.6555745601654053,-0.00025034163263626397,0.0006751288310624659,0.0006563279894180596,0.0,-3.0,collision
1822,4.146793842315674,-3.654541492462158,-0.00024523597676306963,0.03233744576573372,0.03233705461025238,1.0,-3.0,collision
1823,4.146856307983398,-3.653487205505371,-0.0002454408095218241,0.033004242926836014,0.033004242926836014,1.0,0.0,collision
1824,4.146857738494873,-3.653465986251831,-0.00025076346355490386,0.0006851049838587642,0.0006646068068221211,0.0,-3.0,collision
1825,4.146857261657715,-3.653465986251831,-0.00025048284442164004,1.729005634842906e-05,1.4901160284352954e-05,0.0,3.0,collision
1826,4.146921157836914,-3.652433156967163,-0.0002450533793307841,0.032338064163923264,0.03233762085437775,1.0,-3.0,collision
1827,4.146986484527588,-3.651379108428955,-0.00024528600624762475,0.03300221264362335,0.03300221264362335,1.0,3.0,collision
1828,4.146986961364746,-3.651358127593994,-0.00025064454530365765,0.0006768613238818944,0.0006558204186148942,0.0,3.0,collision
1829,4.146986961364746,-3.651357889175415,-0.0002503714058548212,1.1329949302307796e-05,7.450580142176477e-06,0.0,0.0,collision
1830,4.146986961364746,-3.651357889175415,-0.0002498594985809177,1.5997102309484035e-05,0.0,0.0,0.0,collision
1831,4.146986961364746,-3.651357889175415,-0.0002494357177056372,1.3243151443020906e-05,0.0,0.0,0.0,collision
1832,4.146986961364746,-3.651357889175415,-0.0002490960469003767,1.0614711754897144e-05,0.0,0.0,0.0,collision
1833,4.147048473358154,-3.650324821472168,-0.00024393344938289374,0.032340943813323975,0.03234054148197174,1.0,-3.0,collision
1834,4.147047519683838,-3.650303602218628,-0.00024927384220063686,0.0006844291929155588,0.0006637710030190647,0.0,3.0,collision
1835,4.147109031677246,-3.649270534515381,-0.0002443701960146427,0.03234090656042099,0.03234054148197174,1.0,-3.0,collision
1836,4.147171974182129,-3.648216485977173,-0.00024475352256558836,0.03299769386649132,0.03299769386649132,1.0,3.0,collision
1837,4.147232532501221,-3.6471621990203857,-0.00024533158284612,0.033000778406858444,0.033000774681568146,1.0,0.0,collision
1838,4.147231578826904,-3.6471409797668457,-0.0002507012104615569,0.0006846525357104838,0.0006637710030190647,0.0,3.0,collision
1839,4.1472320556640625,-3.6471409797668457,-0.0002504126459825784,1.741730193316471e-05,1.4901160284352954e-05,0.0,-3.0,collision
1840,4.147232532501221,-3.647141218185425,-0.00024989168741740286,2.3293618141906336e-05,1.6660003893775865e-05,0.0,-3.0,collision
1841,4.147233009338379,-3.647141218185425,-0.00024946077610366046,2.008425144595094e-05,1.4901160284352954e-05,0.0,-3.0,collision
1842,4.14729642868042,-3.646108388900757,-0.00024424123694188893,0.032337114214897156,0.032336704432964325,1.0,3.0,collision
1843,4.14729642868042,-3.6461079120635986,-0.0002495995140634477,0.00016810788656584918,1.4901160284352954e-05,0.0,0.0,collision
1844,4.14729642868042,-3.6461081504821777,-0.0002494296641089022,9.147895980277099e-06,7.450580142176477e-06,0.0,-3.0,collision
1845,4.147295951843262,-3.6461079120635986,-0.000249111297307536,1.9404576960369013e-05,1.6660003893775865e-05,0.0,3.0,collision
1846,4.147359371185303,-3.6450750827789307,-0.00024394100182689726,0.03233710303902626,0.032336704432964325,1.0,-3.0,collision
1847,4.147424221038818,-3.6440210342407227,-0.0002443905104883015,0.03300129994750023,0.03300129622220993,1.0,0.0,collision
1848,4.147423267364502,-3.6439998149871826,-0.0002499347901903093,0.0006860106368549168,0.0006637710030190647,0.0,3.0,collision
1849,4.147485733032227,-3.6429457664489746,-0.00024482220760546625,0.032997194677591324,0.032996803522109985,1.0,0.0,collision
1850,4.147485733032227,-3.6429455280303955,-0.00025017737061716616,0.00016751460498198867,7.450580142176477e-06,0.0,0.0,collision
1851,4.147486209869385,-3.6429457664489746,-0.0002498971007298678,1.8821952835423872e-05,1.6660003893775865e-05,0.0,-3.0,collision
1852,4.147485733032227,-3.6429457664489746,-0.0002494853106327355,1.968860851775389e-05,1.4901160284352954e-05,0.0,3.0,collision
1853,4.147485733032227,-3.6429457664489746,-0.0002491359191481024,1.0918482985289302e-05,0.0,0.0,3.0,collision
1854,4.147485733032227,-3.6429457664489746,-0.00024884575395844877,9.067662176676095e-06,0.0,0.0,-3.0,collision
1855,4.147486209869385,-3.6429457664489746,-0.0002486281155142933,1.6379894077545032e-05,1.4901160284352954e-05,0.0,0.0,collision
1856,4.147486209869385,-3.6429457664489746,-0.00024844540166668594,5.709807282983093e-06,0.0,0.0,-3.0,collision
1857,4.147550582885742,-3.6419129371643066,-0.0002434173075016588,0.03233892470598221,0.03233854100108147,1.0,-3.0,collision
1858,4.147549629211426,-3.6418917179107666,-0.0002488612080924213,0.0006852251244708896,0.0006637710030190647,0.0,3.0,collision
1859,4.147614479064941,-3.6408379077911377,-0.00024394868523813784,0.03299421817064285,0.0329938605427742,1.0,0.0,collision
1860,4.147679328918457,-3.639784097671509,-0.0002444939746055752,0.0329938642680645,0.0329938605427742,1.0,-3.0,collision
1861,4.147678852081299,-3.6397628784179688,-0.0002500264090485871,0.0006854314706288278,0.0006632690201513469,0.0,3.0,collision
1862,4.147679328918457,-3.6397628784179688,-0.00024987265351228416,1.5656667528674006e-05,1.4901160284352954e-05,0.0,-3.0,collision
1863,4.147679328918457,-3.6397628784179688,-0.00024947006022557616,1.2581039300130215e-05,0.0,0.0,3.0,collision
1864,4.147679328918457,-3.6397628784179688,-0.00024911892251111567,1.0973052667395677e-05,0.0,0.0,0.0,collision
1865,4.147679328918457,-3.6397628784179688,-0.0002488475583959371,8.480128599330783e-06,0.0,0.0,3.0,collision
1866,4.147742748260498,-3.638730049133301,-0.00024372924235649407,0.03233709558844566,0.032336704432964325,1.0,-3.0,collision
1867,4.147807598114014,-3.6376757621765137,-0.0002442212135065347,0.03300873562693596,0.03300873190164566,1.0,0.0,collision
1868,4.147871971130371,-3.6366219520568848,-0.0002449156891088933,0.032992955297231674,0.03299294784665108,1.0,3.0,collision
1869,4.147872447967529,-3.6366007328033447,-0.0002503629948478192,0.0006847652839496732,0.0006632690201513469,0.0,3.0,collision
1870,4.147871971130371,-3.6366007328033447,-0.00025015202118083835,1.62945161719108e-05,1.4901160284352954e-05,0.0,3.0,collision
1871,4.147872447967529,-3.6366007328033447,-0.00024967381614260375,2.110367131535895e-05,1.4901160284352954e-05,0.0,-3.0,collision
1872,4.1478729248046875,-3.6366007328033447,-0.00024928603670559824,1.9206589058740065e-05,1.4901160284352954e-05,0.0,-3.0,collision
1873,4.147933483123779,-3.6355676651000977,-0.0002441014803480357,0.0323391892015934,0.03233878314495087,1.0,3.0,collision
1874,4.147993087768555,-3.6345133781433105,-0.00024450322962366045,0.032999079674482346,0.032999079674482346,1.0,-3.0,collision
1875,4.148055553436279,-3.6334593296051025,-0.00024513478274457157,0.03299681097269058,0.032996803522109985,1.0,-3.0,collision
1876,4.148055553436279,-3.6334588527679443,-0.00025063904467970133,0.0001726524205878377,1.4901160284352954e-05,0.0,0.0,collision
1877,4.14811897277832,-3.6324260234832764,-0.00024540317826904356,0.032337114214897156,0.032336704432964325,1.0,3.0,collision
1878,4.1481804847717285,-3.6313717365264893,-0.00024556025164201856,0.033002495765686035,0.033002495765686035,1.0,0.0,collision
1879,4.148242473602295,-3.6303176879882812,-0.00024597658193670213,0.032995931804180145,0.03299592807888985,1.0,-3.0,collision
1880,4.148306846618652,-3.6292636394500732,-0.0002463280688971281,0.033000387251377106,0.03300038352608681,1.0,-3.0,collision
1881,4.148308277130127,-3.629242420196533,-0.0002514915249776095,0.0006839141715317965,0.0006646068068221211,0.0,-3.0,collision
1882,4.148376941680908,-3.6281888484954834,-0.0002460798714309931,0.03299439698457718,0.03299396485090256,1.0,0.0,collision
1883,4.148446083068848,-3.6271352767944336,-0.00024619963369332254,0.03299493342638016,0.03299493342638016,1.0,-3.0,collision
1884,4.14851713180542,-3.6260814666748047,-0.0002465016732458025,0.03300632908940315,0.033006325364112854,1.0,0.0,collision
1885,4.14858865737915,-3.625027894973755,-0.00024674925953149796,0.03299989923834801,0.03299989551305771,1.0,0.0,collision
1886,4.148590087890625,-3.625006914138794,-0.0002518238907214254,0.0006760362884961069,0.000657173281069845,0.0,-3.0,collision
1887,4.148590087890625,-3.625006914138794,-0.00025133159942924976,1.538410288048908e-05,0.0,0.0,3.0,collision
1888,4.148589611053467,-3.625006914138794,-0.0002506273740436882,2.6577328753774054e-05,1.4901160284352954e-05,0.0,3.0,collision
1889,4.148590087890625,-3.625006914138794,-0.00025004404596984386,2.3544449504697695e-05,1.4901160284352954e-05,0.0,0.0,collision
1890,4.148590087890625,-3.625006914138794,-0.00024957742425613105,1.4581927644030657e-05,0.0,0.0,-3.0,collision
1891,4.148590564727783,-3.625006914138794,-0.00024920847499743104,1.8840853954316117e-05,1.4901160284352954e-05,0.0,-3.0,collision
1892,4.148590564727783,-3.625006914138794,-0.00024892392684705555,8.89212969923392e-06,0.0,0.0,3.0,collision
1893,4.1486616134643555,-3.6239535808563232,-0.00024369933817069978,0.032991863787174225,0.03299146145582199,1.0,0.0,collision
1894,4.148660182952881,-3.623932361602783,-0.00024917410337366164,0.0006862745503894985,0.0006646068068221211,0.0,3.0,collision
1895,4.148660182952881,-3.623932361602783,-0.00024918955750763416,4.829416866414249e-07,0.0,0.0,3.0,collision
1896,4.148726463317871,-3.6228787899017334,-0.0002439263043925166,0.032989613711833954,0.032989200204610825,1.0,0.0,collision
1897,4.148727893829346,-3.6228575706481934,-0.00024934436078183353,0.000685834907926619,0.0006646068068221211,0.0,-3.0,collision
1898,4.148727893829346,-3.6228578090667725,-0.0002493268984835595,7.4705376391648315e-06,7.450580142176477e-06,0.0,-3.0,collision
1899,4.14879846572876,-3.6218252182006836,-0.0002441377000650391,0.03234414383769035,0.03234373778104782,1.0,-3.0,collision
1900,4.1488728523254395,-3.620771884918213,-0.00024454365484416485,0.032998643815517426,0.03299864009022713,1.0,-3.0,collision
1901,4.148948669433594,-3.619718551635742,-0.0002451777982059866,0.03300182893872261,0.033001821488142014,1.0,3.0,collision
1902,4.14894962310791,-3.6196975708007812,-0.0002505726588424295,0.0006776347290724516,0.0006563279894180596,0.0,3.0,collision
1903,4.148949146270752,-3.6196975708007812,-0.0002503196010366082,1.6869555111043155e-05,1.4901160284352954e-05,0.0,3.0,collision
1904,4.149019718170166,-3.6186649799346924,-0.0002449221210554242,0.03234417736530304,0.03234373778104782,1.0,-3.0,collision
1905,4.1490912437438965,-3.6176111698150635,-0.00024517602287232876,0.03300733119249344,0.03300733119249344,1.0,0.0,collision
1906,4.149162292480469,-3.6165575981140137,-0.00024567931541241705,0.03299889713525772,0.03299889340996742,1.0,3.0,collision
1907,4.149162292480469,-3.6165573596954346,-0.00025106442626565695,0.000168449550983496,7.450580142176477e-06,0.0,0.0,collision
1908,4.149162769317627,-3.6165573596954346,-0.0002506167802494019,2.0438565115910023e-05,1.4901160284352954e-05,0.0,-3.0,collision
1909,4.149162292480469,-3.6165573596954346,-0.000250061450060457,2.2873746274854057e-05,1.4901160284352954e-05,0.0,3.0,collision
1910,4.149231433868408,-3.6155037879943848,-0.0002446100697852671,0.032995373010635376,0.03299493342638016,1.0,0.0,collision
1911,4.149301052093506,-3.614450216293335,-0.00024500812287442386,0.03299591690301895,0.03299591317772865,1.0,-3.0,collision
1912,4.149299621582031,-3.614428997039795,-0.00025043677305802703,0.0006859166896902025,0.0006646068068221211,0.0,3.0,collision
1913,4.149367332458496,-3.613396406173706,-0.00024532637326046824,0.032338161021471024,0.03233776241540909,1.0,3.0,collision
1914,4.149433612823486,-3.612342596054077,-0.00024550771922804415,0.032996635884046555,0.032996635884046555,1.0,3.0,collision
1915,4.149433135986328,-3.612342119216919,-0.00025091308634728193,0.00017022714018821716,2.1073423340567388e-05,0.0,0.0,collision
1916,4.149433135986328,-3.612342357635498,-0.00025049486430361867,1.5043980965856463e-05,7.450580142176477e-06,0.0,-3.0,collision
1917,4.149497985839844,-3.61130952835083,-0.00024507983471266925,0.0323399156332016,0.03233947232365608,1.0,3.0,collision
1918,4.149561405181885,-3.610255241394043,-0.0002452911576256156,0.03300601989030838,0.03300601989030838,1.0,0.0,collision
1919,4.149562358856201,-3.610234260559082,-0.0002506423043087125,0.0006772961933165789,0.0006563279894180596,0.0,-3.0,collision
1920,4.149628162384033,-3.609201431274414,-0.00024549043155275285,0.03234175220131874,0.032341353595256805,1.0,-3.0,collision
1921,4.149628162384033,-3.609201192855835,-0.000250624114414677,0.0001606004952918738,7.450580142176477e-06,0.0,0.0,collision
1922,4.14969539642334,-3.608168601989746,-0.0002453766646794975,0.03233720734715462,0.03233679011464119,1.0,3.0,collision
1923,4.14969539642334,-3.608168363571167,-0.00025051747797988355,0.0001608230813872069,7.450580142176477e-06,0.0,0.0,collision
1924,4.14976167678833,-3.607114553451538,-0.00024518807185813785,0.03299706056714058,0.032996635884046555,1.0,0.0,collision
1925,4.14982795715332,-3.60606050491333,-0.0002454860950820148,0.033004071563482285,0.033004071563482285,1.0,0.0,collision
1926,4.149826526641846,-3.606039524078369,-0.00025081512285396457,0.000677945208735764,0.000657173281069845,0.0,3.0,collision
1927,4.149826526641846,-3.606039524078369,-0.00025050787371583283,9.601534657122102e-06,0.0,0.0,0.0,collision
1928,4.14988899230957,-3.605006456375122,-0.00024508978822268546,0.03234276920557022,0.032342325896024704,1.0,3.0,collision
1929,4.149949550628662,-3.603952407836914,-0.0002453042834531516,0.03299333527684212,0.03299333527684212,1.0,3.0,collision
1930,4.150008201599121,-3.602897882461548,-0.00024577078875154257,0.033004846423864365,0.033004842698574066,1.0,0.0,collision
1931,4.1500091552734375,-3.602876901626587,-0.00025104032829403877,0.0006766711012460291,0.0006563279894180596,0.0,-3.0,collision
1932,4.1500701904296875,-3.601822853088379,-0.0002457185182720423,0.03299460932612419,0.032994192093610764,1.0,0.0,collision
1933,4.1500701904296875,-3.6018223762512207,-0.00025089437258429825,0.00016243038407992572,1.4901160284352954e-05,0.0,0.0,collision
1934,4.1500701904296875,-3.6018226146698,-0.0002504703588783741,1.520147816336248e-05,7.450580142176477e-06,0.0,-3.0,collision
1935,4.1500701904296875,-3.6018226146698,-0.0002499332185834646,1.6785634215921164e-05,0.0,0.0,-3.0,collision
1936,4.150136470794678,-3.600768804550171,-0.0002445170539431274,0.032997071743011475,0.032996635884046555,1.0,0.0,collision
1937,4.150135040283203,-3.60074782371521,-0.0002498281537555158,0.0006778077804483473,0.000657173281069845,0.0,3.0,collision
1938,4.150134563446045,-3.60074782371521,-0.00024971284437924623,1.5330662790802307e-05,1.4901160284352954e-05,0.0,3.0,collision
1939,4.150134563446045,-3.600747585296631,-0.0002493267529644072,1.4180407561070751e-05,7.450580142176477e-06,0.0,0.0,collision
1940,4.150134086608887,-3.60074782371521,-0.00024901461438275874,1.9305509340483695e-05,1.6660003893775865e-05,0.0,3.0,collision
1941,4.1501336097717285,-3.60074782371521,-0.00024875884992070496,1.690937097009737e-05,1.4901160284352954e-05,0.0,3.0,collision
1942,4.1501336097717285,-3.600747585296631,-0.00024854892399162054,9.92709283309523e-06,7.450580142176477e-06,0.0,0.0,collision
1943,4.1501336097717285,-3.600747585296631,-0.0002483917633071542,4.911270934826462e-06,0.0,0.0,3.0,collision
1944,4.15013313293457,-3.60074782371521,-0.00024826067965477705,1.7156220565084368e-05,1.6660003893775865e-05,0.0,3.0,collision
1945,4.15013313293457,-3.600747585296631,-0.00024815055076032877,8.207024620787706e-06,7.450580142176477e-06,0.0,0.0,collision
1946,4.1501336097717285,-3.600747585296631,-0.00024806297733448446,1.5150378203543369e-05,1.4901160284352954e-05,0.0,-3.0,collision
1947,4.150187969207764,-3.5996932983398438,-0.00024301998200826347,0.03299060836434364,0.0329902321100235,1.0,0.0,collision
1948,4.15018892288208,-3.599672317504883,-0.0002486195298843086,0.0006792543572373688,0.0006563279894180596,0.0,-3.0,collision
1949,4.15024471282959,-3.5986390113830566,-0.000243873248109594,0.032338183373212814,0.03233784809708595,1.0,3.0,collision
1950,4.150299072265625,-3.5975842475891113,-0.0002443405974190682,0.033005114644765854,0.033005110919475555,1.0,0.0,collision
1951,4.150298118591309,-3.5975630283355713,-0.0002498951507732272,0.0006860917201265693,0.0006637710030190647,0.0,3.0,collision
1952,4.150298118591309,-3.5975630283355713,-0.0002497672685422003,3.996319719590247e-06,0.0,0.0,-3.0,collision
1953,4.150352478027344,-3.596508741378784,-0.00024439874687232077,0.03299065679311752,0.0329902321100235,1.0,0.0,collision
1954,4.15035343170166,-3.596487522125244,-0.0002497223613318056,0.0006843015435151756,0.0006637710030190647,0.0,-3.0,collision
1955,4.150352954864502,-3.596487522125244,-0.0002496397646609694,1.5123057892196812e-05,1.4901160284352954e-05,0.0,3.0,collision
1956,4.150407314300537,-3.595433235168457,-0.00024428704637102783,0.032990653067827225,0.0329902321100235,1.0,0.0,collision
1957,4.1504621505737305,-3.594378709793091,-0.0002447505248710513,0.03299844637513161,0.03299844264984131,1.0,-3.0,collision
1958,4.150519847869873,-3.5933241844177246,-0.00024533705436624587,0.03300321102142334,0.03300320357084274,1.0,-3.0,collision
1959,4.150520324707031,-3.5933239459991455,-0.00025080094928853214,0.0001715575490379706,1.6660003893775865e-05,0.0,0.0,collision
1960,4.150520324707031,-3.5933239459991455,-0.00025041145272552967,1.2171766684332397e-05,0.0,0.0,0.0,collision
1961,4.1505208015441895,-3.5933239459991455,-0.0002498829853720963,2.2243577404879034e-05,1.4901160284352954e-05,0.0,-3.0,collision
1962,4.150521278381348,-3.5933239459991455,-0.00024945352924987674,2.0053788830409758e-05,1.4901160284352954e-05,0.0,-3.0,collision
1963,4.150585174560547,-3.5922701358795166,-0.00024413276696577668,0.03299246355891228,0.03299204632639885,1.0,0.0,collision
1964,4.150648593902588,-3.5912160873413086,-0.0002446369326207787,0.03299858793616295,0.03299858421087265,1.0,3.0,collision
1965,4.150710105895996,-3.5901618003845215,-0.0002452365879435092,0.033002499490976334,0.033002495765686035,1.0,-3.0,collision
1966,4.150773525238037,-3.5891077518463135,-0.0002457465452607721,0.03299858793616295,0.03299858421087265,1.0,3.0,collision
1967,4.150835037231445,-3.5880534648895264,-0.0002461354888509959,0.033002499490976334,0.033002495765686035,1.0,-3.0,collision
1968,4.150898456573486,-3.5869994163513184,-0.0002464659628458321,0.03299858421087265,0.03299858421087265,1.0,3.0,collision
1969,4.1509599685668945,-3.5859453678131104,-0.0002467108133714646,0.032995060086250305,0.03299505636096001,1.0,-3.0,collision
1970,4.151023864746094,-3.5848913192749023,-0.00024691576254554093,0.03299948200583458,0.03299948200583458,1.0,-3.0,collision
1971,4.151090145111084,-3.5838372707366943,-0.00024708511773496866,0.033004071563482285,0.033004071563482285,1.0,0.0,collision
1972,4.151156902313232,-3.5827832221984863,-0.0002472116029821336,0.0330050103366375,0.0330050103366375,1.0,-3.0,collision
1973,4.151158332824707,-3.5827622413635254,-0.00025219767121598125,0.000675392453558743,0.000657173281069845,0.0,-3.0,collision
1974,4.151227951049805,-3.5817298889160156,-0.00024674730957485735,0.03233473375439644,0.03233428671956062,1.0,3.0,collision
1975,4.151227951049805,-3.5817294120788574,-0.0002516182721592486,0.00015294519835151732,1.4901160284352954e-05,0.0,0.0,collision
1976,4.151228427886963,-3.5817296504974365,-0.0002510450722184032,2.4462486180709675e-05,1.6660003893775865e-05,0.0,-3.0,collision
1977,4.1512980461120605,-3.5806970596313477,-0.00024550786474719644,0.03234218433499336,0.032341718673706055,1.0,-3.0,collision
1978,4.151371479034424,-3.579643726348877,-0.0002456391230225563,0.03299655765295029,0.03299655765295029,1.0,-3.0,collision
1979,4.151447296142578,-3.5785903930664062,-0.00024604875943623483,0.03300182521343231,0.033001821488142014,1.0,0.0,collision
1980,4.1514482498168945,-3.578569173812866,-0.0002512744686100632,0.0006835641688667238,0.0006637710030190647,0.0,3.0,collision
1981,4.1514482498168945,-3.578569173812866,-0.00025087606627494097,1.2450072063074913e-05,0.0,0.0,0.0,collision
1982,4.151448726654053,-3.578569173812866,-0.00025026313960552216,2.4267646949738264e-05,1.4901160284352954e-05,0.0,0.0,collision
1983,4.1515212059021,-3.5775158405303955,-0.00024477692204527557,0.032994940876960754,0.03299449756741524,1.0,0.0,collision
1984,4.1515936851501465,-3.576462507247925,-0.00024515186669304967,0.03299449756741524,0.03299449756741524,1.0,3.0,collision
1985,4.151663780212402,-3.575408697128296,-0.00024565838975831866,0.033004339784383774,0.033004336059093475,1.0,3.0,collision
1986,4.151731491088867,-3.574354887008667,-0.00024606887018308043,0.03299947455525398,0.03299947455525398,1.0,0.0,collision
1987,4.151732444763184,-3.574333906173706,-0.00025127941626124084,0.0006762248231098056,0.0006563279894180596,0.0,-3.0,collision
1988,4.151803016662598,-3.5732803344726562,-0.0002459098759572953,0.03299831971526146,0.032997891306877136,1.0,0.0,collision
1989,4.151873588562012,-3.5722267627716064,-0.0002460684336256236,0.032997891306877136,0.032997891306877136,1.0,0.0,collision
1990,4.151874542236328,-3.5722055435180664,-0.00025126890977844596,0.0006833762163296342,0.0006637710030190647,0.0,-3.0,collision
1991,4.151947021484375,-3.5711734294891357,-0.00024599212338216603,0.032333411276340485,0.03233299031853676,1.0,-3.0,collision
1992,4.151947021484375,-3.5711729526519775,-0.00025102519430220127,0.00015798774256836623,1.4901160284352954e-05,0.0,0.0,collision
1993,4.151947021484375,-3.5711731910705566,-0.00025058124447241426,1.574748421262484e-05,7.450580142176477e-06,0.0,3.0,collision
1994,4.151947498321533,-3.5711731910705566,-0.0002500125265214592,2.3192758817458525e-05,1.4901160284352954e-05,0.0,-3.0,collision
1995,4.1520233154296875,-3.570120096206665,-0.00024458012194372714,0.0329948253929615,0.03299438953399658,1.0,0.0,collision
1996,4.152099132537842,-3.5690667629241943,-0.0002449846360832453,0.03300182521343231,0.033001821488142014,1.0,-3.0,collision
1997,4.152177333831787,-3.5680136680603027,-0.00024552925606258214,0.032999828457832336,0.03299982473254204,1.0,0.0,collision
1998,4.1521782875061035,-3.567992687225342,-0.0002508594188839197,0.0006771345506422222,0.0006563279894180596,0.0,3.0,collision
1999,4.152178764343262,-3.567992687225342,-0.0002505395095795393,1.794402123778127e-05,1.4901160284352954e-05,0.0,-3.0,collision
2000,4.152178764343262,-3.567992687225342,-0.0002499982074368745,1.6915691958274692e-05,0.0,0.0,0.0,collision
2001,4.152178764343262,-3.567992687225342,-0.0002495519584044814,1.3945281352789607e-05,0.0,0.0,3.0,collision
2002,4.152255535125732,-3.566960573196411,-0.0002442925760988146,0.03234307840466499,0.032342664897441864,1.0,-3.0,collision
2003,4.152256011962891,-3.566960334777832,-0.00024965149350464344,0.00016829281230457127,1.6660003893775865e-05,0.0,0.0,collision
2004,4.1523332595825195,-3.5659284591674805,-0.00024458669940941036,0.032336730509996414,0.032336343079805374,1.0,-3.0,collision
2005,4.152333736419678,-3.5659279823303223,-0.0002498967805877328,0.00016727278125472367,2.1073423340567388e-05,0.0,0.0,collision
2006,4.1524128913879395,-3.56489634513855,-0.0002447942679282278,0.03233380988240242,0.03233341500163078,1.0,3.0,collision
2007,4.152414321899414,-3.564875364303589,-0.00024994989507831633,0.0006766345468349755,0.000657173281069845,0.0,-3.0,collision
2008,4.152493476867676,-3.5638434886932373,-0.0002449336170684546,0.03234122693538666,0.032340846955776215,1.0,3.0,collision
2009,4.152570724487305,-3.5627903938293457,-0.0002451936015859246,0.032997630536556244,0.032997630536556244,1.0,3.0,collision
2010,4.152571678161621,-3.5627691745758057,-0.00025055970763787627,0.0006846255855634809,0.0006637710030190647,0.0,-3.0,collision
2011,4.152571678161621,-3.5627691745758057,-0.00025030889082700014,7.838025339879096e-06,0.0,0.0,-3.0,collision
2012,4.152571678161621,-3.5627691745758057,-0.000249808857915923,1.562602847116068e-05,0.0,0.0,-3.0,collision
2013,4.152571678161621,-3.5627691745758057,-0.0002493995416443795,1.2791132576239761e-05,0.0,0.0,0.0,collision
2014,4.152653217315674,-3.561737537384033,-0.00024417677195742726,0.032339613884687424,0.03233920410275459,1.0,-3.0,collision
2015,4.152738094329834,-3.5606849193573,-0.0002445841673761606,0.03300107643008232,0.03300107643008232,1.0,3.0,collision
2016,4.152738571166992,-3.560663938522339,-0.0002500836562830955,0.0006779644754715264,0.0006558204186148942,0.0,3.0,collision
2017,4.152817726135254,-3.5596320629119873,-0.0002450438914820552,0.032341230660676956,0.032340846955776215,1.0,3.0,collision
2018,4.152894973754883,-3.5585787296295166,-0.0002452820772305131,0.033005062490701675,0.033005062490701675,1.0,3.0,collision
2019,4.152969837188721,-3.557525396347046,-0.00024575385032221675,0.03299970179796219,0.03299969807267189,1.0,0.0,collision
2020,4.153045177459717,-3.556472063064575,-0.00024615053553134203,0.03300075605511665,0.03300075605511665,1.0,0.0,collision
2021,4.153045654296875,-3.556450843811035,-0.00025135668693110347,0.0006829308695159853,0.0006632690201513469,0.0,3.0,collision
2022,4.153045177459717,-3.556450843811035,-0.0002509420446585864,1.9746979887713678e-05,1.4901160284352954e-05,0.0,0.0,collision
2023,4.153119087219238,-3.5554184913635254,-0.00024542544269934297,0.03234404698014259,0.03234358876943588,1.0,-3.0,collision
2024,4.153117656707764,-3.5553975105285645,-0.0002504676813259721,0.0006757995579391718,0.000657173281069845,0.0,3.0,collision
2025,4.153189182281494,-3.5543651580810547,-0.000245336297666654,0.03233874961733818,0.032338351011276245,1.0,3.0,collision
2026,4.15325927734375,-3.553311347961426,-0.0002455149660818279,0.033004336059093475,0.033004336059093475,1.0,3.0,collision
2027,4.15325927734375,-3.5533111095428467,-0.00025091884890571237,0.00016903561481740326,7.450580142176477e-06,0.0,0.0,collision
2028,4.153258800506592,-3.5533111095428467,-0.0002505045849829912,1.9739221897907555e-05,1.4901160284352954e-05,0.0,0.0,collision
2029,4.153258800506592,-3.5533111095428467,-0.00024996217689476907,1.6950252756942064e-05,0.0,0.0,0.0,collision
2030,4.153326511383057,-3.5522572994232178,-0.00024453591322526336,0.032999906688928604,0.03299947455525398,1.0,0.0,collision
2031,4.153395175933838,-3.551203727722168,-0.00024494892568327487,0.032993968576192856,0.03299396485090256,1.0,-3.0,collision
2032,4.15346622467041,-3.550150156021118,-0.0002454955829307437,0.03299889713525772,0.03299889340996742,1.0,-3.0,collision
2033,4.153539180755615,-3.5490965843200684,-0.00024595396826043725,0.03300296142697334,0.033002957701683044,1.0,3.0,collision
2034,4.153539180755615,-3.5490963459014893,-0.00025128491688519716,0.00016675866208970547,7.450580142176477e-06,0.0,0.0,collision
2035,4.153539657592773,-3.5490963459014893,-0.0002507931785658002,2.1405228835646994e-05,1.4901160284352954e-05,0.0,-3.0,collision
2036,4.15361213684082,-3.5480430126190186,-0.00024521577870473266,0.03299495950341225,0.03299449756741524,1.0,0.0,collision
2037,4.1536126136779785,-3.5480427742004395,-0.00025047757662832737,0.0001652730134082958,1.6660003893775865e-05,0.0,0.0,collision
2038,4.1536126136779785,-3.5480430126190186,-0.0002501363924238831,1.3007286725041922e-05,7.450580142176477e-06,0.0,-3.0,collision
2039,4.153613090515137,-3.5480430126190186,-0.00024966622004285455,2.092666909447871e-05,1.4901160284352954e-05,0.0,-3.0,collision
2040,4.153613567352295,-3.5480430126190186,-0.00024928018683567643,1.917220652103424e-05,1.4901160284352954e-05,0.0,-3.0,collision
2041,4.153692245483398,-3.547011375427246,-0.0002440853277221322,0.03233268857002258,0.03233227878808975,1.0,-3.0,collision
2042,4.153774261474609,-3.5459585189819336,-0.00024451117496937513,0.03300144150853157,0.03300143778324127,1.0,3.0,collision
2043,4.153774261474609,-3.5459580421447754,-0.00025011622346937656,0.00017579045379534364,1.4901160284352954e-05,0.0,0.0,collision
2044,4.153853416442871,-3.544926404953003,-0.00024497261620126665,0.03233381733298302,0.03233341500163078,1.0,-3.0,collision
2045,4.153936386108398,-3.5438735485076904,-0.0002452266635373235,0.03300376608967781,0.03300376608967781,1.0,0.0,collision
2046,4.153937339782715,-3.5438525676727295,-0.00025060330517590046,0.0006774933426640928,0.0006563279894180596,0.0,3.0,collision
2047,4.153936862945557,-3.5438525676727295,-0.0002503435534890741,1.6968622730928473e-05,1.4901160284352954e-05,0.0,3.0,collision
2048,4.153937339782715,-3.5438525676727295,-0.00024982698960229754,2.196881359850522e-05,1.4901160284352954e-05,0.0,-3.0,collision
2049,4.153937816619873,-3.5438525676727295,-0.000249408622039482,1.982356479857117e-05,1.4901160284352954e-05,0.0,-3.0,collision
2050,4.153938293457031,-3.5438525676727295,-0.0002490736951585859,1.8209653717349283e-05,1.4901160284352954e-05,0.0,-3.0,collision
2051,4.154021263122559,-3.542821168899536,-0.0002439314848743379,0.03233572840690613,0.03233532980084419,1.0,3.0,collision
2052,4.154102802276611,-3.5417683124542236,-0.0002443722914904356,0.03300028666853905,0.03300028666853905,1.0,0.0,collision
2053,4.154102802276611,-3.5417678356170654,-0.00025001022731885314,0.00017681450117379427,1.4901160284352954e-05,0.0,0.0,collision
2054,4.154102802276611,-3.5417678356170654,-0.0002497781242709607,7.253219791891752e-06,0.0,0.0,0.0,collision
2055,4.154102802276611,-3.5417678356170654,-0.00024937617126852274,1.256103041669121e-05,0.0,0.0,-3.0,collision
2056,4.1541852951049805,-3.540736436843872,-0.0002441739197820425,0.032334547489881516,0.032334137707948685,1.0,3.0,collision
2057,4.154185771942139,-3.540715217590332,-0.00024945492623373866,0.0006834919331595302,0.0006632690201513469,0.0,3.0,collision
2058,4.154263019561768,-3.5396833419799805,-0.00024452622164972126,0.03233670815825462,0.032336343079805374,1.0,3.0,collision
2059,4.154262542724609,-3.5396828651428223,-0.0002498415415175259,0.00016743518062867224,2.1073423340567388e-05,0.0,0.0,collision
2060,4.154262065887451,-3.5396828651428223,-0.0002496344386599958,1.6245949154836126e-05,1.4901160284352954e-05,0.0,3.0,collision
2061,4.154337406158447,-3.5386507511138916,-0.00024436903186142445,0.03233979642391205,0.03233937919139862,1.0,-3.0,collision
2062,4.154335975646973,-3.5386295318603516,-0.00024962308816611767,0.0006845876341685653,0.0006646068068221211,0.0,3.0,collision
2063,4.154335975646973,-3.5386295318603516,-0.0002495447115506977,2.4492690045008203e-06,0.0,0.0,3.0,collision
2064,4.154409408569336,-3.537597179412842,-0.0002443011908326298,0.03234294056892395,0.03234252333641052,1.0,-3.0,collision
2065,4.154483795166016,-3.536543846130371,-0.0002446847502142191,0.032998643815517426,0.03299864009022713,1.0,3.0,collision
2066,4.1545562744140625,-3.5354902744293213,-0.00024527590721845627,0.03300193324685097,0.03300192952156067,1.0,0.0,collision
2067,4.154628276824951,-3.5344367027282715,-0.00024577355361543596,0.03300091251730919,0.03300091251730919,1.0,3.0,collision
2068,4.154697895050049,-3.5333828926086426,-0.0002461617987137288,0.03300334885716438,0.03300334885716438,1.0,0.0,collision
2069,4.154767990112305,-3.5323293209075928,-0.00024647757527418435,0.032996904104948044,0.032996900379657745,1.0,0.0,collision
2070,4.1548380851745605,-3.531275510787964,-0.00024672524887137115,0.033004336059093475,0.033004336059093475,1.0,-3.0,collision
2071,4.154911041259766,-3.530222177505493,-0.000246927491389215,0.03299552574753761,0.03299552574753761,1.0,-3.0,collision
2072,4.154910087585449,-3.530200958251953,-0.000251982593908906,0.0006823100848123431,0.0006637710030190647,0.0,3.0,collision
2073,4.154982566833496,-3.5291476249694824,-0.00024646136444061995,0.03299494832754135,0.03299449756741524,1.0,0.0,collision
2074,4.155055046081543,-3.5280942916870117,-0.0002465041761752218,0.03299449756741524,0.03299449756741524,1.0,-3.0,collision
2075,4.155129909515381,-3.527040719985962,-0.00024674515589140356,0.03300713002681732,0.03300712630152702,1.0,0.0,collision
2076,4.155130386352539,-3.527040481567383,-0.00025192234897986054,0.0001626427983865142,1.6660003893775865e-05,0.0,0.0,collision
2077,4.155204772949219,-3.526008367538452,-0.00024641858180984855,0.03233768045902252,0.03233722224831581,1.0,-3.0,collision
2078,4.155203819274902,-3.525987386703491,-0.00025127193657681346,0.0006736241630278528,0.0006563279894180596,0.0,3.0,collision
2079,4.155204772949219,-3.525987386703491,-0.0002508541801944375,3.2536263461224735e-05,2.980232056870591e-05,0.0,-3.0,collision
2080,4.155205249786377,-3.5259876251220703,-0.0002502442221157253,2.531569953134749e-05,1.6660003893775865e-05,0.0,-3.0,collision
2081,4.155282974243164,-3.5249555110931396,-0.0002448686573188752,0.03234532102942467,0.03234488517045975,1.0,3.0,collision
2082,4.155359745025635,-3.523902416229248,-0.0002451168838888407,0.03299654647707939,0.03299654275178909,1.0,-3.0,collision
2083,4.15543794631958,-3.5228493213653564,-0.0002456358342897147,0.032999828457832336,0.03299982473254204,1.0,3.0,collision
2084,4.155438423156738,-3.5228281021118164,-0.0002509389305487275,0.0006836589309386909,0.0006632690201513469,0.0,3.0,collision
2085,4.1554388999938965,-3.5228281021118164,-0.00025060278130695224,1.8231636204291135e-05,1.4901160284352954e-05,0.0,-3.0,collision
2086,4.155439376831055,-3.5228283405303955,-0.00025004363851621747,2.4142676920746453e-05,1.6660003893775865e-05,0.0,-3.0,collision
2087,4.155516147613525,-3.521796226501465,-0.00024470832431688905,0.03234309330582619,0.032342664897441864,1.0,3.0,collision
2088,4.155515670776367,-3.5217959880828857,-0.0002499729744158685,0.00016536169277969748,1.6660003893775865e-05,0.0,0.0,collision
2089,4.155590057373047,-3.520763874053955,-0.0002448545128572732,0.03233761712908745,0.03233722224831581,1.0,3.0,collision
2090,4.155589580535889,-3.520763397216797,-0.00025010015815496445,0.00016527539992239326,2.1073423340567388e-05,0.0,0.0,collision
2091,4.155663967132568,-3.519731283187866,-0.0002449448802508414,0.032337624579668045,0.03233722224831581,1.0,-3.0,collision
2092,4.155739784240723,-3.5186777114868164,-0.0002452041662763804,0.033009253442287445,0.033009253442287445,1.0,0.0,collision
2093,4.155815601348877,-3.5176243782043457,-0.0002456973015796393,0.03300182521343231,0.033001821488142014,1.0,0.0,collision
2094,4.155817031860352,-3.5176033973693848,-0.00025098214973695576,0.0006776073714718223,0.000657173281069845,0.0,-3.0,collision
2095,4.155895233154297,-3.5165505409240723,-0.0002456720103509724,0.032992810010910034,0.032992396503686905,1.0,0.0,collision
2096,4.155973434448242,-3.5154974460601807,-0.00024587824009358883,0.03299982473254204,0.03299982473254204,1.0,0.0,collision
2097,4.155974864959717,-3.5154764652252197,-0.00025111695867963135,0.0006772574852220714,0.000657173281069845,0.0,-3.0,collision
2098,4.155974864959717,-3.5154762268066406,-0.00025076037854887545,1.340449398412602e-05,7.450580142176477e-06,0.0,0.0,collision
2099,4.156055927276611,-3.5144236087799072,-0.00024518967256881297,0.0329921655356884,0.03299170732498169,1.0,0.0,collision
2100,4.156136512756348,-3.5133707523345947,-0.00024548277724534273,0.03299799934029579,0.03299799934029579,1.0,3.0,collision
2101,4.156215190887451,-3.512317657470703,-0.00024591299006715417,0.03300093486905098,0.03300093114376068,1.0,-3.0,collision
2102,4.156213760375977,-3.512296676635742,-0.00025117091718129814,0.0006774027715437114,0.000657173281069845,0.0,3.0,collision
2103,4.156213283538818,-3.512296676635742,-0.0002507978060748428,1.8920720322057605e-05,1.4901160284352954e-05,0.0,3.0,collision
2104,4.156213760375977,-3.512296676635742,-0.00025019500753842294,2.4018621843424626e-05,1.4901160284352954e-05,0.0,0.0,collision
2105,4.156213283538818,-3.512296676635742,-0.0002497089735697955,2.1277617634041235e-05,1.4901160284352954e-05,0.0,3.0,collision
2106,4.156213760375977,-3.512296676635742,-0.0002493042848072946,1.9544286260497756e-05,1.4901160284352954e-05,0.0,-3.0,collision
2107,4.156213760375977,-3.512296676635742,-0.00024898973060771823,9.829817827267107e-06,0.0,0.0,-3.0,collision
2108,4.156214237213135,-3.512296676635742,-0.0002487385936547071,1.6841500837472267e-05,1.4901160284352954e-05,0.0,-3.0,collision
2109,4.156294822692871,-3.511244058609009,-0.00024356076028198004,0.032990965992212296,0.03299056366086006,1.0,0.0,collision
2110,4.1562957763671875,-3.5112228393554688,-0.00024906324688345194,0.0006856818799860775,0.0006637710030190647,0.0,3.0,collision
2111,4.156372547149658,-3.510190963745117,-0.00024421708076260984,0.032335586845874786,0.03233523294329643,1.0,3.0,collision
2112,4.156447410583496,-3.5091376304626465,-0.0002446202270220965,0.03299969807267189,0.03299969807267189,1.0,3.0,collision
2113,4.156519889831543,-3.5080840587615967,-0.0002452298649586737,0.03300193324685097,0.03300192952156067,1.0,3.0,collision
2114,4.156519889831543,-3.5080628395080566,-0.00025061427731998265,0.0006841170834377408,0.0006631016149185598,0.0,3.0,collision
2115,4.156519412994385,-3.5080628395080566,-0.00025034809368662536,1.7065685824491084e-05,1.4901160284352954e-05,0.0,0.0,collision
2116,4.156519412994385,-3.5080628395080566,-0.00024983572075143456,1.60116542247124e-05,0.0,0.0,-3.0,collision
2117,4.156589031219482,-3.5070302486419678,-0.0002445419377181679,0.03234214335680008,0.032341718673706055,1.0,3.0,collision
2118,4.1566572189331055,-3.505976438522339,-0.00024485535686835647,0.033000435680150986,0.03300043195486069,1.0,-3.0,collision
2119,4.1567277908325195,-3.504922866821289,-0.00024542142637073994,0.032997895032167435,0.032997891306877136,1.0,0.0,collision
2120,4.156798362731934,-3.50386905670166,-0.0002458851377014071,0.033005330711603165,0.033005326986312866,1.0,0.0,collision
2121,4.1568684577941895,-3.5028154850006104,-0.0002462617994751781,0.032996904104948044,0.032996900379657745,1.0,3.0,collision
2122,4.1568684577941895,-3.5027942657470703,-0.0002514399529900402,0.0006825603195466101,0.0006631016149185598,0.0,3.0,collision
2123,4.156867980957031,-3.5027942657470703,-0.0002510136109776795,1.9988796339021064e-05,1.4901160284352954e-05,0.0,3.0,collision
2124,4.156932830810547,-3.5017614364624023,-0.0002454773348290473,0.03233993798494339,0.03233947232365608,1.0,-3.0,collision
2125,4.156998634338379,-3.5007073879241943,-0.000245625211391598,0.03300314024090767,0.03300314024090767,1.0,3.0,collision
2126,4.157062530517578,-3.4996533393859863,-0.00024602306075394154,0.03299948200583458,0.03299948200583458,1.0,-3.0,collision
2127,4.15712833404541,-3.4985995292663574,-0.00024637527531012893,0.03299570456147194,0.03299570456147194,1.0,3.0,collision
2128,4.157191753387451,-3.4975452423095703,-0.00024664829834364355,0.03300602361559868,0.03300601989030838,1.0,3.0,collision
2129,4.157252788543701,-3.4964911937713623,-0.0002468664024490863,0.032994192093610764,0.032994192093610764,1.0,3.0,collision
2130,4.157253265380859,-3.4964699745178223,-0.000251911609666422,0.0006817502435296774,0.0006632690201513469,0.0,-3.0,collision
2131,4.157253265380859,-3.4964699745178223,-0.00025139079662039876,1.627540768822655e-05,0.0,0.0,-3.0,collision
2132,4.157252788543701,-3.4964699745178223,-0.0002506849414203316,2.66195202129893e-05,1.4901160284352954e-05,0.0,3.0,collision
2133,4.157252311706543,-3.4964699745178223,-0.0002500906412024051,2.3810907805454917e-05,1.4901160284352954e-05,0.0,0.0,collision
2134,4.157251834869385,-3.4964699745178223,-0.00024962492170743644,2.0829204004257917e-05,1.4901160284352954e-05,0.0,3.0,collision
2135,4.157310485839844,-3.495436668395996,-0.0002443625417072326,0.03234320878982544,0.03234279155731201,1.0,3.0,collision
2136,4.157366752624512,-3.49438214302063,-0.00024472171207889915,0.033000797033309937,0.03300079330801964,1.0,3.0,collision
2137,4.15736722946167,-3.494361162185669,-0.0002501817070879042,0.0006776527152396739,0.0006558204186148942,0.0,-3.0,collision
2138,4.157423973083496,-3.4933278560638428,-0.00024512154050171375,0.032339852303266525,0.032339464873075485,1.0,-3.0,collision
2139,4.157483100891113,-3.4922735691070557,-0.0002453553897794336,0.03299823775887489,0.03299823775887489,1.0,3.0,collision
2140,4.157540798187256,-3.4912190437316895,-0.0002458079834468663,0.03300320729613304,0.03300320357084274,1.0,-3.0,collision
2141,4.157540798187256,-3.4912188053131104,-0.00025117676705121994,0.000167939841048792,7.450580142176477e-06,0.0,0.0,collision
2142,4.157601833343506,-3.4901857376098633,-0.0002458220114931464,0.03234009072184563,0.032339658588171005,1.0,-3.0,collision
2143,4.1576008796691895,-3.4901645183563232,-0.00025079489569179714,0.0006817198591306806,0.0006637710030190647,0.0,3.0,collision
2144,4.1576008796691895,-3.4901645183563232,-0.000250482524279505,9.761605724634137e-06,0.0,0.0,3.0,collision
2145,4.157659530639648,-3.489131212234497,-0.00024505192413926125,0.03234323486685753,0.03234279155731201,1.0,-3.0,collision
2146,4.15772008895874,-3.48807692527771,-0.00024527963250875473,0.033000774681568146,0.033000774681568146,1.0,0.0,collision
2147,4.157721519470215,-3.488055944442749,-0.0002506339515093714,0.0006781397387385368,0.000657173281069845,0.0,-3.0,collision
2148,4.157783031463623,-3.487022876739502,-0.0002454953792039305,0.032340940088033676,0.03234054148197174,1.0,3.0,collision
2149,4.157784461975098,-3.487001895904541,-0.0002505153534002602,0.0006756376242265105,0.000657173281069845,0.0,-3.0,collision
2150,4.157846450805664,-3.485968828201294,-0.00024537494755350053,0.03234182670712471,0.03234143182635307,1.0,-3.0,collision
2151,4.15791130065918,-3.484914779663086,-0.00024555716663599014,0.03300129622220993,0.03300129622220993,1.0,3.0,collision
2152,4.15791130065918,-3.484914541244507,-0.00025095310411415994,0.00016878756287042052,7.450580142176477e-06,0.0,0.0,collision
2153,4.15791130065918,-3.484914541244507,-0.00025053200079128146,1.3159477930457797e-05,0.0,0.0,0.0,collision
2154,4.157972812652588,-3.4838814735412598,-0.0002451051550451666,0.03234098479151726,0.03234054148197174,1.0,3.0,collision
2155,4.157972812652588,-3.4838812351226807,-0.00025029043899849057,0.00016221131954807788,7.450580142176477e-06,0.0,0.0,collision
2156,4.158031940460205,-3.4828481674194336,-0.0002451085310894996,0.032336603850126266,0.032336197793483734,1.0,3.0,collision
2157,4.158032417297363,-3.4828269481658936,-0.00025020085740834475,0.0006820922717452049,0.0006632690201513469,0.0,-3.0,collision
2158,4.158031940460205,-3.4828269481658936,-0.0002500185801181942,1.5952769899740815e-05,1.4901160284352954e-05,0.0,3.0,collision
2159,4.158089637756348,-3.4817726612091064,-0.00024458998814225197,0.032996200025081635,0.032995764166116714,1.0,0.0,collision
2160,4.158090591430664,-3.4817516803741455,-0.00024987474898807704,0.0006767869926989079,0.0006563279894180596,0.0,-3.0,collision
2161,4.158149719238281,-3.4807183742523193,-0.00024487750488333404,0.032344017177820206,0.03234363719820976,1.0,3.0,collision
2162,4.1581501960754395,-3.4806973934173584,-0.00025002079200930893,0.0006752286572009325,0.0006558204186148942,0.0,-3.0,collision
2163,4.1581501960754395,-3.4806973934173584,-0.00024986398057080805,4.9003569984051865e-06,0.0,0.0,-3.0,collision
2164,4.158211708068848,-3.4796643257141113,-0.0002445786667522043,0.032340966165065765,0.03234054148197174,1.0,3.0,collision
2165,4.158211708068848,-3.4796431064605713,-0.0002497792011126876,0.0006827265024185181,0.0006631016149185598,0.0,3.0,collision
2166,4.158267974853516,-3.478609800338745,-0.00024478588602505624,0.032339029014110565,0.03233865275979042,1.0,3.0,collision
2167,4.158267974853516,-3.478588581085205,-0.0002499582478776574,0.0006825174787081778,0.0006631016149185598,0.0,3.0,collision
2168,4.158319473266602,-3.4775550365448,-0.0002449299499858171,0.032338716089725494,0.03233833238482475,1.0,3.0,collision
2169,4.158369064331055,-3.4765002727508545,-0.000245184957748279,0.03299777954816818,0.03299777954816818,1.0,0.0,collision
2170,4.15836763381958,-3.4764790534973145,-0.0002505700977053493,0.0006855817046016455,0.0006646068068221211,0.0,3.0,collision
2171,4.15836763381958,-3.4764788150787354,-0.00025031212135218084,1.0977391866617836e-05,7.450580142176477e-06,0.0,0.0,collision
2172,4.15836763381958,-3.4764788150787354,-0.00024980699527077377,1.5785190043970942e-05,0.0,0.0,-3.0,collision
2173,4.15836763381958,-3.4764790534973145,-0.00024939258582890034,1.4940592336643022e-05,7.450580142176477e-06,0.0,-3.0,collision
2174,4.158419609069824,-3.4754245281219482,-0.00024408397439401597,0.032994333654642105,0.032993920147418976,1.0,0.0,collision
2175,4.158418655395508,-3.475403308868408,-0.00024948170175775886,0.00068486831150949,0.0006637710030190647,0.0,3.0,collision
2176,4.158468246459961,-3.474348545074463,-0.0002444493875373155,0.03299815580248833,0.03299777954816818,1.0,0.0,collision
2177,4.158469200134277,-3.474327564239502,-0.00024977652356028557,0.0006771113257855177,0.0006563279894180596,0.0,-3.0,collision
2178,4.158469200134277,-3.474327564239502,-0.00024967320496216416,3.22870596392022e-06,0.0,0.0,-3.0,collision
2179,4.158469200134277,-3.474327564239502,-0.0002493052452336997,1.149874060502043e-05,0.0,0.0,0.0,collision
2180,4.1584696769714355,-3.474327564239502,-0.00024898769333958626,1.7903083062265068e-05,1.4901160284352954e-05,0.0,-3.0,collision
2181,4.158525466918945,-3.473294258117676,-0.00024386261065956205,0.03233824297785759,0.03233784809708595,1.0,3.0,collision
2182,4.158579349517822,-3.4722394943237305,-0.00024432234931737185,0.03300435468554497,0.03300435096025467,1.0,3.0,collision
2183,4.15863037109375,-3.471184730529785,-0.0002449908934067935,0.0329999141395092,0.032999906688928604,1.0,3.0,collision
2184,4.158679485321045,-3.47012996673584,-0.0002455403737258166,0.03299708664417267,0.03299707919359207,1.0,3.0,collision
2185,4.158679008483887,-3.4701087474823,-0.0002508632023818791,0.0006838086992502213,0.0006632690201513469,0.0,3.0,collision
2186,4.15867805480957,-3.4701087474823,-0.00025055266451090574,3.134249345748685e-05,2.980232056870591e-05,0.0,3.0,collision
2187,4.158719539642334,-3.4690747261047363,-0.00024512031814083457,0.03233960643410683,0.03233915939927101,1.0,3.0,collision
2188,4.158719062805176,-3.4690535068511963,-0.0002502116549294442,0.0006820849957875907,0.0006632690201513469,0.0,3.0,collision
2189,4.158755779266357,-3.4680192470550537,-0.00024513210519216955,0.032341368496418,0.03234097361564636,1.0,3.0,collision
2190,4.158790588378906,-3.46696400642395,-0.00024534136173315346,0.03299420326948166,0.03299420326948166,1.0,-3.0,collision
2191,4.158827781677246,-3.4659085273742676,-0.0002458107774145901,0.033004194498062134,0.033004190772771835,1.0,0.0,collision
2192,4.158828258514404,-3.4658873081207275,-0.00025107289548031986,0.0006833496736362576,0.0006632690201513469,0.0,-3.0,collision
2193,4.158867359161377,-3.464853286743164,-0.000245847535552457,0.03233667090535164,0.03233626112341881,1.0,3.0,collision
2194,4.158867359161377,-3.464853048324585,-0.0002508989709895104,0.00015803308633621782,7.450580142176477e-06,0.0,0.0,collision
2195,4.158866882324219,-3.464852809906006,-0.0002504747244529426,2.1291371012921445e-05,1.6660003893775865e-05,0.0,0.0,collision
2196,4.158904075622559,-3.4637978076934814,-0.00024495605612173676,0.032989751547575,0.03298930078744888,1.0,0.0,collision
2197,4.158941268920898,-3.462742328643799,-0.00024529584334231913,0.033004194498062134,0.033004190772771835,1.0,3.0,collision
2198,4.1589765548706055,-3.4616870880126953,-0.00024576339637860656,0.03299470245838165,0.032994698733091354,1.0,-3.0,collision
2199,4.158977031707764,-3.4616658687591553,-0.0002510387566871941,0.0006834493251517415,0.0006632690201513469,0.0,-3.0,collision
2200,4.158977508544922,-3.4616658687591553,-0.0002506934688426554,1.8397660824120976e-05,1.4901160284352954e-05,0.0,-3.0,collision
2201,4.159019470214844,-3.460632085800171,-0.00024523166939616203,0.03233276680111885,0.03233231604099274,1.0,-3.0,collision
2202,4.159019947052002,-3.4606316089630127,-0.0002504026342649013,0.00016296094690915197,2.1073423340567388e-05,0.0,0.0,collision
2203,4.159019470214844,-3.460631847381592,-0.0002500825794413686,1.9431674445513636e-05,1.6660003893775865e-05,0.0,3.0,collision
2204,4.159061431884766,-3.4595978260040283,-0.00024473914527334273,0.032340191304683685,0.032339759171009064,1.0,3.0,collision
2205,4.159061431884766,-3.459597587585449,-0.0002499974216334522,0.00016448996029794216,7.450580142176477e-06,0.0,0.0,collision
2206,4.159060955047607,-3.459597587585449,-0.0002497581881470978,1.6671408957336098e-05,1.4901160284352954e-05,0.0,3.0,collision
2207,4.159098148345947,-3.4585633277893066,-0.0002444797719363123,0.03234192728996277,0.03234151005744934,1.0,3.0,collision
2208,4.1590986251831055,-3.4585423469543457,-0.00024968787329271436,0.0006757136434316635,0.0006558204186148942,0.0,-3.0,collision
2209,4.159098148345947,-3.4585421085357666,-0.00024960230803117156,1.68732203746913e-05,1.6660003893775865e-05,0.0,0.0,collision
2210,4.159134864807129,-3.457508087158203,-0.00024436507374048233,0.032333943992853165,0.032333530485630035,1.0,3.0,collision
2211,4.159170150756836,-3.4564526081085205,-0.00024471443612128496,0.03300214558839798,0.03300214558839798,1.0,-3.0,collision
2212,4.159207344055176,-3.455397367477417,-0.0002453141496516764,0.03299675136804581,0.03299674764275551,1.0,3.0,collision
2213,4.159207344055176,-3.455396890640259,-0.00025077277678065,0.000171231702552177,1.4901160284352954e-05,0.0,0.0,collision
2214,4.159207344055176,-3.455397129058838,-0.00025038342573679984,1.4267177903093398e-05,7.450580142176477e-06,0.0,-3.0,collision
2215,4.159245491027832,-3.4543631076812744,-0.00024587466032244265,0.03233545646071434,0.03233514726161957,1.0,-3.0,collision
2216,4.159245014190674,-3.4543421268463135,-0.00025082798674702644,0.0006738402880728245,0.0006558204186148942,0.0,3.0,collision
2217,4.159245014190674,-3.4543418884277344,-0.0002505035372450948,1.258218617294915e-05,7.450580142176477e-06,0.0,0.0,collision
2218,4.159282207489014,-3.453307867050171,-0.00024508521892130375,0.03233450651168823,0.032334063202142715,1.0,3.0,collision
2219,4.159282684326172,-3.45328688621521,-0.00025017248117364943,0.0006748140440322459,0.0006558204186148942,0.0,-3.0,collision
2220,4.15928316116333,-3.45328688621521,-0.00024998473236337304,1.601461917744018e-05,1.4901160284352954e-05,0.0,-3.0,collision
2221,4.159282684326172,-3.453286647796631,-0.0002495541120879352,2.1415960873127915e-05,1.6660003893775865e-05,0.0,0.0,collision
2222,4.159322738647461,-3.4522316455841064,-0.0002442097174935043,0.03299299255013466,0.03299257159233093,1.0,0.0,collision
2223,4.1593217849731445,-3.4522106647491455,-0.0002495819062460214,0.000677458883728832,0.0006563279894180596,0.0,3.0,collision
2224,4.1593217849731445,-3.4522106647491455,-0.000249516248004511,2.051820047199726e-06,0.0,0.0,3.0,collision
2225,4.159321308135986,-3.4522106647491455,-0.0002491745981387794,1.8331216779188253e-05,1.4901160284352954e-05,0.0,3.0,collision
2226,4.159321308135986,-3.4522106647491455,-0.0002488773607183248,9.288669389206916e-06,0.0,0.0,-3.0,collision
2227,4.159356117248535,-3.451176404953003,-0.00024377413501497358,0.03233930841088295,0.03233891725540161,1.0,3.0,collision
2228,4.159355640411377,-3.451155185699463,-0.00024913501692935824,0.0006840989226475358,0.0006632690201513469,0.0,3.0,collision
2229,4.159355163574219,-3.451155185699463,-0.00024915477843023837,1.491395232733339e-05,1.4901160284352954e-05,0.0,3.0,collision
2230,4.159382343292236,-3.4500997066497803,-0.00024389830650761724,0.032995063811540604,0.032994650304317474,1.0,0.0,collision
2231,4.15941047668457,-3.4490439891815186,-0.00024443957954645157,0.033002886921167374,0.03300287947058678,1.0,-3.0,collision
2232,4.159440994262695,-3.447988510131836,-0.0002450883621349931,0.03299751132726669,0.032997503876686096,1.0,-3.0,collision
2233,4.159473896026611,-3.4469330310821533,-0.0002456182846799493,0.03299974277615547,0.03299973905086517,1.0,-3.0,collision
2234,4.159473896026611,-3.4469118118286133,-0.00025093535077758133,0.0006836025277152658,0.0006631016149185598,0.0,3.0,collision
2235,4.159473896026611,-3.4469118118286133,-0.0002506099408492446,1.0169059351028409e-05,0.0,0.0,3.0,collision
2236,4.159473896026611,-3.4469120502471924,-0.0002500496048014611,1.902968142530881e-05,7.450580142176477e-06,0.0,3.0,collision
2237,4.159502029418945,-3.4458565711975098,-0.0002446002617944032,0.03299587219953537,0.03299543261528015,1.0,0.0,collision
2238,4.159501552581787,-3.4458353519439697,-0.0002498934918548912,0.0006835842505097389,0.0006632690201513469,0.0,3.0,collision
2239,4.15952730178833,-3.444800853729248,-0.0002448707527946681,0.0323384627699852,0.03233807906508446,1.0,-3.0,collision
2240,4.159554958343506,-3.4437451362609863,-0.00024515364202670753,0.03300249204039574,0.03300248831510544,1.0,3.0,collision
2241,4.159580230712891,-3.4426894187927246,-0.0002456515212543309,0.03300062566995621,0.03300062194466591,1.0,0.0,collision
2242,4.159605503082275,-3.441633701324463,-0.00024606878287158906,0.03300062566995621,0.03300062194466591,1.0,0.0,collision
2243,4.159605503082275,-3.4416332244873047,-0.0002513820072636008,0.00016670556215103716,1.4901160284352954e-05,0.0,0.0,collision
2244,4.159630298614502,-3.440598964691162,-0.0002459975949022919,0.03233034163713455,0.03232990577816963,1.0,3.0,collision
2245,4.159653186798096,-3.4395430088043213,-0.0002460355462972075,0.033006370067596436,0.033006370067596436,1.0,0.0,collision
2246,4.1596760749816895,-3.4384872913360596,-0.00024635656154714525,0.03299892321228981,0.03299892321228981,1.0,-3.0,collision
2247,4.159676551818848,-3.4384663105010986,-0.0002515130036044866,0.0006753266789019108,0.0006558204186148942,0.0,-3.0,collision
2248,4.1596760749816895,-3.4384663105010986,-0.00025108325644396245,2.005987880693283e-05,1.4901160284352954e-05,0.0,3.0,collision
2249,4.1596760749816895,-3.4384663105010986,-0.00025042385095730424,2.060641963907983e-05,0.0,0.0,0.0,collision
2250,4.159676551818848,-3.4384663105010986,-0.00024988193763419986,2.2557298507308587e-05,1.4901160284352954e-05,0.0,-3.0,collision
2251,4.159676551818848,-3.4384663105010986,-0.00024945707991719246,1.3276802746986505e-05,0.0,0.0,0.0,collision
2252,4.159703731536865,-3.437431812286377,-0.0002442340482957661,0.032339636236429214,0.032339222729206085,1.0,3.0,collision
2253,4.159703254699707,-3.437431573867798,-0.0002495934022590518,0.00016830638924147934,1.6660003893775865e-05,0.0,0.0,collision
2254,4.159728050231934,-3.4363760948181152,-0.0002444481651764363,0.03299320861697197,0.03299281746149063,1.0,0.0,collision
2255,4.159728050231934,-3.436375617980957,-0.0002498737594578415,0.000170203362358734,1.4901160284352954e-05,0.0,0.0,collision
2256,4.15975284576416,-3.4353201389312744,-0.000244677416048944,0.032993216067552567,0.03299281746149063,1.0,0.0,collision
2257,4.159778118133545,-3.4342644214630127,-0.00024507797206752,0.03300062194466591,0.03300062194466591,1.0,0.0,collision
2258,4.159778118133545,-3.4342641830444336,-0.0002505792072042823,0.00017207497148774564,7.450580142176477e-06,0.0,0.0,collision
2259,4.15980339050293,-3.433229684829712,-0.00024534360272809863,0.03233812749385834,0.03233771026134491,1.0,-3.0,collision
2260,4.1598029136657715,-3.433208703994751,-0.00025041148182936013,0.0006746716098859906,0.0006558204186148942,0.0,3.0,collision
2261,4.15980339050293,-3.433208703994751,-0.0002501713752280921,1.6683661669958383e-05,1.4901160284352954e-05,0.0,0.0,collision
2262,4.1598029136657715,-3.433208703994751,-0.000249703909503296,2.0867368220933713e-05,1.4901160284352954e-05,0.0,3.0,collision
2263,4.15980339050293,-3.433208703994751,-0.00024930096697062254,1.9509021512931213e-05,1.4901160284352954e-05,0.0,-3.0,collision
2264,4.15980339050293,-3.433208703994751,-0.00024899220443330705,9.648828381614294e-06,0.0,0.0,0.0,collision
2265,4.159829139709473,-3.4321742057800293,-0.0002438510418869555,0.03233848139643669,0.03233807906508446,1.0,-3.0,collision
2266,4.159857273101807,-3.4311187267303467,-0.00024431341444142163,0.03299543634057045,0.03299543261528015,1.0,-3.0,collision
2267,4.159887790679932,-3.430063009262085,-0.0002449837629683316,0.03300495818257332,0.03300495073199272,1.0,-3.0,collision
2268,4.159887790679932,-3.430042028427124,-0.0002504273143131286,0.0006773596396669745,0.000655651034321636,0.0,3.0,collision
2269,4.15988826751709,-3.430042028427124,-0.0002502035058569163,1.6460886399727315e-05,1.4901160284352954e-05,0.0,3.0,collision
2270,4.15988826751709,-3.430042028427124,-0.00024972448591142893,1.4969372386985924e-05,0.0,0.0,3.0,collision
2271,4.159888744354248,-3.430042028427124,-0.0002493173233233392,1.959439759957604e-05,1.4901160284352954e-05,0.0,-3.0,collision
2272,4.159916877746582,-3.4290075302124023,-0.0002441149263177067,0.03234042972326279,0.032340019941329956,1.0,-3.0,collision
2273,4.159946918487549,-3.4279520511627197,-0.00024452953948639333,0.03299707919359207,0.03299707546830177,1.0,0.0,collision
2274,4.159976959228516,-3.426896333694458,-0.00024515725090168417,0.033004529774188995,0.0330045260488987,1.0,0.0,collision
2275,4.160006999969482,-3.4258408546447754,-0.00024567870423197746,0.03299707919359207,0.03299707546830177,1.0,3.0,collision
2276,4.160006523132324,-3.4258196353912354,-0.000250973564106971,0.0006835965905338526,0.0006632690201513469,0.0,3.0,collision
2277,4.160031318664551,-3.4247641563415527,-0.0002456543152220547,0.03299323469400406,0.03299281746149063,1.0,0.0,collision
2278,4.160031318664551,-3.4247641563415527,-0.0002469324681442231,3.994227517978288e-05,0.0,0.0,3.0,collision
2279,4.160053730010986,-3.423729658126831,-0.00024220976047217846,0.03233598917722702,0.03233565390110016,1.0,3.0,collision
2280,4.16005277633667,-3.423708438873291,-0.00024788398877717555,0.0006870474317111075,0.0006637710030190647,0.0,3.0,collision
2281,4.160069942474365,-3.4226739406585693,-0.0002432694163871929,0.03233283758163452,0.032332517206668854,1.0,3.0,collision
2282,4.160069465637207,-3.4226527214050293,-0.00024874592781998217,0.0006849927012808621,0.0006632690201513469,0.0,3.0,collision
2283,4.160069465637207,-3.4226527214050293,-0.0002488342288415879,2.759406697805389e-06,0.0,0.0,-3.0,collision
2284,4.160069465637207,-3.4226527214050293,-0.00024862829013727605,6.435584054997889e-06,0.0,0.0,-3.0,collision
2285,4.160086631774902,-3.4216179847717285,-0.00024356441281270236,0.03234035521745682,0.03233996778726578,1.0,-3.0,collision
2286,4.160106182098389,-3.420562267303467,-0.00024409453908447176,0.032996829599142075,0.032996825873851776,1.0,3.0,collision
2287,4.160106658935547,-3.4205410480499268,-0.000249681033892557,0.0006858595297671854,0.0006632690201513469,0.0,-3.0,collision
2288,4.160106182098389,-3.4205410480499268,-0.0002496170927770436,1.5034534953883849e-05,1.4901160284352954e-05,0.0,3.0,collision
2289,4.160106182098389,-3.4205410480499268,-0.0002492464263923466,1.1583323612285312e-05,0.0,0.0,-3.0,collision
2290,4.160125732421875,-3.419506549835205,-0.00024407025193795562,0.03233424574136734,0.03233383595943451,1.0,3.0,collision
2291,4.160125732421875,-3.419506072998047,-0.000249462784267962,0.00016917416360229254,1.4901160284352954e-05,0.0,0.0,collision
2292,4.16014289855957,-3.418450355529785,-0.0002443436533212662,0.03299592062830925,0.03299552947282791,1.0,0.0,collision
2293,4.160142421722412,-3.418429374694824,-0.00024969936930574477,0.0006768395542167127,0.0006558204186148942,0.0,3.0,collision
2294,4.160142421722412,-3.418429374694824,-0.000249600998358801,3.074091864618822e-06,0.0,0.0,-3.0,collision
2295,4.160159587860107,-3.4173736572265625,-0.0002442652184981853,0.03299595043063164,0.03299552947282791,1.0,0.0,collision
2296,4.160177230834961,-3.4163177013397217,-0.00024473347002640367,0.03300322964787483,0.033003225922584534,1.0,-3.0,collision
2297,4.160196781158447,-3.41526198387146,-0.0002453284105286002,0.032996829599142075,0.032996825873851776,1.0,0.0,collision
2298,4.160196781158447,-3.4152615070343018,-0.0002507898607291281,0.00017131959612015635,1.4901160284352954e-05,0.0,0.0,collision
2299,4.1601972579956055,-3.415261745452881,-0.00025039754109457135,2.0684850824181922e-05,1.6660003893775865e-05,0.0,-3.0,collision
2300,4.160197734832764,-3.415261745452881,-0.0002498757385183126,2.2089387130108662e-05,1.4901160284352954e-05,0.0,-3.0,collision
2301,4.160198211669922,-3.415261745452881,-0.0002494478248991072,2.002156361413654e-05,1.4901160284352954e-05,0.0,-3.0,collision
2302,4.160197734832764,-3.415261745452881,-0.00024911537184379995,1.816533040255308e-05,1.4901160284352954e-05,0.0,3.0,collision
2303,4.160221576690674,-3.414227247238159,-0.00024395501532126218,0.03233705461025238,0.03233664855360985,1.0,3.0,collision
2304,4.160243034362793,-3.4131715297698975,-0.0002443855337332934,0.032997988164424896,0.0329979844391346,1.0,-3.0,collision
2305,4.160267353057861,-3.4121158123016357,-0.00024504063185304403,0.032999929040670395,0.0329999215900898,1.0,-3.0,collision
2306,4.1602678298950195,-3.4120945930480957,-0.00025046145310625434,0.0006845600437372923,0.0006632690201513469,0.0,-3.0,collision
2307,4.160268306732178,-3.4120945930480957,-0.0002502370625734329,1.646862438065e-05,1.4901160284352954e-05,0.0,0.0,collision
2308,4.160268783569336,-3.4120945930480957,-0.00024974782718345523,2.1349147573346272e-05,1.4901160284352954e-05,0.0,-3.0,collision
2309,4.160268306732178,-3.4120945930480957,-0.00024935585679486394,1.9289487681817263e-05,1.4901160284352954e-05,0.0,3.0,collision
2310,4.16029691696167,-3.411039113998413,-0.0002440449461573735,0.03299625217914581,0.032995834946632385,1.0,0.0,collision
2311,4.160325527191162,-3.4099833965301514,-0.00024456114624626935,0.03300328552722931,0.03300328180193901,1.0,0.0,collision
2312,4.160325527191162,-3.4099624156951904,-0.000250074575887993,0.0006779113318771124,0.000655651034321636,0.0,3.0,collision
2313,4.16032600402832,-3.4099624156951904,-0.00024991133250296116,1.575018723087851e-05,1.4901160284352954e-05,0.0,-3.0,collision
2314,4.1603546142578125,-3.4089279174804688,-0.00024460547138005495,0.03234085440635681,0.03234042972326279,1.0,-3.0,collision
2315,4.160355091094971,-3.408906936645508,-0.00024979966110549867,0.000675609044265002,0.0006558204186148942,0.0,-3.0,collision
2316,4.160355091094971,-3.408906936645508,-0.00024969756486825645,3.190507186445757e-06,0.0,0.0,3.0,collision
2317,4.160355091094971,-3.408906936645508,-0.0002493197680450976,1.180614981421968e-05,0.0,0.0,3.0,collision
2318,4.160384654998779,-3.407872438430786,-0.00024410807236563414,0.03234167769551277,0.03234126791357994,1.0,-3.0,collision
2319,4.1603851318359375,-3.407851457595825,-0.0002494010259397328,0.0006763572455383837,0.0006558204186148942,0.0,-3.0,collision
2320,4.1603851318359375,-3.407851457595825,-0.0002493787033017725,6.975823794164171e-07,0.0,0.0,3.0,collision
2321,4.160385608673096,-3.407851457595825,-0.0002490551851224154,1.8007094695349224e-05,1.4901160284352954e-05,0.0,-3.0,collision
2322,4.16041898727417,-3.4068171977996826,-0.00024391710758209229,0.032337844371795654,0.03233744204044342,1.0,3.0,collision
2323,4.16041898727417,-3.4067959785461426,-0.00024924922036007047,0.0006837169057689607,0.0006631016149185598,0.0,3.0,collision
2324,4.160447120666504,-3.405761480331421,-0.00024436175590381026,0.03234037756919861,0.032340019941329956,1.0,3.0,collision
2325,4.160446643829346,-3.405761241912842,-0.000249709963100031,0.00016795976262073964,1.6660003893775865e-05,0.0,0.0,collision
2326,4.160472393035889,-3.40472674369812,-0.00024464496527798474,0.032338470220565796,0.03233807906508446,1.0,3.0,collision
2327,4.1604719161987305,-3.40470552444458,-0.0002498416288290173,0.0006828603218309581,0.0006632690201513469,0.0,3.0,collision
2328,4.160492420196533,-3.4036498069763184,-0.0002447338483761996,0.032997775822877884,0.03299739211797714,1.0,0.0,collision
2329,4.160492897033691,-3.4036285877227783,-0.0002500035334378481,0.0006834065425209701,0.0006632690201513469,0.0,-3.0,collision
2330,4.160492897033691,-3.4036285877227783,-0.0002498546673450619,4.652065399568528e-06,0.0,0.0,-3.0,collision
2331,4.160519123077393,-3.4025943279266357,-0.00024455992388539016,0.0323314294219017,0.03233100846409798,1.0,-3.0,collision
2332,4.160519599914551,-3.4025731086730957,-0.000249763106694445,0.000682908808812499,0.0006632690201513469,0.0,-3.0,collision
2333,4.160550117492676,-3.401538610458374,-0.00024478434352204204,0.03234250470995903,0.032342132180929184,1.0,3.0,collision
2334,4.160578727722168,-3.4004831314086914,-0.00024506403133273125,0.032995834946632385,0.032995834946632385,1.0,-3.0,collision
2335,4.16057825088501,-3.4004619121551514,-0.00025047731469385326,0.0006845017778687179,0.0006632690201513469,0.0,3.0,collision
2336,4.16057825088501,-3.4004619121551514,-0.0002502432034816593,7.315974926314084e-06,0.0,0.0,3.0,collision
2337,4.160604476928711,-3.3994064331054688,-0.00024476987891830504,0.0329943411052227,0.032993897795677185,1.0,0.0,collision
2338,4.160630226135254,-3.398350715637207,-0.00024514683173038065,0.03300097957253456,0.03300097957253456,1.0,3.0,collision
2339,4.160653114318848,-3.3972949981689453,-0.000245654460741207,0.03299892693758011,0.03299892321228981,1.0,3.0,collision
2340,4.160653591156006,-3.3972737789154053,-0.0002509422192815691,0.0006835429230704904,0.0006632690201513469,0.0,-3.0,collision
2341,4.1606764793396,-3.3962392807006836,-0.0002457428490743041,0.032336387783288956,0.032335978001356125,1.0,3.0,collision
2342,4.1606764793396,-3.3962180614471436,-0.0002507129102014005,0.0006810479681007564,0.0006631016149185598,0.0,-3.0,collision
2343,4.160676002502441,-3.3962180614471436,-0.00025042847846634686,1.735078876663465e-05,1.4901160284352954e-05,0.0,3.0,collision
2344,4.1606974601745605,-3.395183563232422,-0.00024500949075445533,0.03233546391129494,0.03233502060174942,1.0,-3.0,collision
2345,4.1606974601745605,-3.3951833248138428,-0.00025022446061484516,0.00016313801461365074,7.450580142176477e-06,0.0,0.0,collision
2346,4.160721778869629,-3.394148826599121,-0.0002450562606099993,0.03233740106225014,0.0323369987308979,1.0,3.0,collision
2347,4.160721778869629,-3.394127607345581,-0.00025015900610014796,0.0006820054841227829,0.0006631016149185598,0.0,-3.0,collision
2348,4.160721302032471,-3.394127607345581,-0.00024998513981699944,1.586081816640217e-05,1.4901160284352954e-05,0.0,3.0,collision
2349,4.1607208251953125,-3.394127368927002,-0.0002495449152775109,2.1605814254144207e-05,1.6660003893775865e-05,0.0,0.0,collision
2350,4.160743236541748,-3.3930928707122803,-0.0002442935074213892,0.03233606740832329,0.03233565390110016,1.0,-3.0,collision
2351,4.160768032073975,-3.3920371532440186,-0.00024467211915180087,0.033000268042087555,0.033000268042087555,1.0,0.0,collision
2352,4.160768032073975,-3.3920369148254395,-0.0002502503921277821,0.00017448017024435103,7.450580142176477e-06,0.0,0.0,collision
2353,4.160792350769043,-3.3910024166107178,-0.00024509141803719103,0.03233739733695984,0.0323369987308979,1.0,3.0,collision
2354,4.160813808441162,-3.389946699142456,-0.0002453159831929952,0.0329979844391346,0.0329979844391346,1.0,3.0,collision
2355,4.160833835601807,-3.3888907432556152,-0.00024577564909122884,0.033004555851221085,0.033004552125930786,1.0,-3.0,collision
2356,4.160833358764648,-3.388890504837036,-0.000251150835538283,0.0001687987387413159,1.6660003893775865e-05,0.0,0.0,collision
2357,4.160855770111084,-3.3878560066223145,-0.0002458016970194876,0.03233608603477478,0.03233565390110016,1.0,-3.0,collision
2358,4.160855770111084,-3.3878347873687744,-0.00025077772443182766,0.0006810905179008842,0.0006631016149185598,0.0,3.0,collision
2359,4.1608781814575195,-3.3868002891540527,-0.00024557491997256875,0.03233605995774269,0.03233565390110016,1.0,-3.0,collision
2360,4.160902976989746,-3.385744571685791,-0.0002457165683154017,0.033000268042087555,0.033000268042087555,1.0,3.0,collision
2361,4.160902976989746,-3.385744333267212,-0.0002510804624762386,0.0001677871769061312,7.450580142176477e-06,0.0,0.0,collision
2362,4.16092586517334,-3.3847098350524902,-0.00024574430426582694,0.03233640640974045,0.032335978001356125,1.0,-3.0,collision
2363,4.160925388336182,-3.38468861579895,-0.0002507317694835365,0.0006813351646997035,0.0006632690201513469,0.0,3.0,collision
2364,4.160925388336182,-3.38468861579895,-0.000250432436587289,9.354153007734567e-06,0.0,0.0,3.0,collision
2365,4.160945892333984,-3.3836328983306885,-0.0002449205203447491,0.032997842878103256,0.03299739211797714,1.0,0.0,collision
2366,4.160946369171143,-3.3836119174957275,-0.00025013904087245464,0.0006757921655662358,0.0006558204186148942,0.0,-3.0,collision
2367,4.160946846008301,-3.3836119174957275,-0.0002499626425560564,1.5888097550487146e-05,1.4901160284352954e-05,0.0,-3.0,collision
2368,4.160946369171143,-3.3836119174957275,-0.0002495420048944652,1.987042196560651e-05,1.4901160284352954e-05,0.0,3.0,collision
2369,4.160946846008301,-3.3836119174957275,-0.00024917174596339464,1.8865926904254593e-05,1.4901160284352954e-05,0.0,-3.0,collision
2370,4.160947322845459,-3.3836119174957275,-0.00024888385087251663,1.7406480765203014e-05,1.4901160284352954e-05,0.0,-3.0,collision
2371,4.160947799682617,-3.3836119174957275,-0.0002486539597157389,1.65425462910207e-05,1.4901160284352954e-05,0.0,-3.0,collision
2372,4.160976409912109,-3.382577419281006,-0.00024359580129384995,0.03234081342816353,0.03234042972326279,1.0,3.0,collision
2373,4.160976409912109,-3.3825771808624268,-0.0002490835031494498,0.00017165245662909,7.450580142176477e-06,0.0,0.0,collision
2374,4.1610026359558105,-3.381542682647705,-0.000244142982410267,0.03233882039785385,0.0323384553194046,1.0,3.0,collision
2375,4.161026954650879,-3.3804869651794434,-0.0002445466525387019,0.0329999215900898,0.0329999215900898,1.0,-3.0,collision
2376,4.161026477813721,-3.3804657459259033,-0.0002500635455362499,0.0006853091181255877,0.0006632690201513469,0.0,3.0,collision
2377,4.161050319671631,-3.3794102668762207,-0.0002449259627610445,0.03299252316355705,0.032992132008075714,1.0,0.0,collision
2378,4.161049842834473,-3.3793890476226807,-0.000250169396167621,0.0006832093931734562,0.0006632690201513469,0.0,3.0,collision
2379,4.161050319671631,-3.3793890476226807,-0.0002499771653674543,1.6066460375441238e-05,1.4901160284352954e-05,0.0,-3.0,collision
2380,4.161050319671631,-3.3793890476226807,-0.00024954279069788754,1.3574207514466252e-05,0.0,0.0,-3.0,collision
2381,4.161049842834473,-3.3793890476226807,-0.00024919211864471436,1.8496846678317524e-05,1.4901160284352954e-05,0.0,3.0,collision
2382,4.161073207855225,-3.378354549407959,-0.00024401654081884772,0.03233671560883522,0.03233630955219269,1.0,3.0,collision
2383,4.161073207855225,-3.37835431098938,-0.0002494193031452596,0.00016900063201319426,7.450580142176477e-06,0.0,0.0,collision
2384,4.161072731018066,-3.37835431098938,-0.00024929054779931903,1.5434829037985764e-05,1.4901160284352954e-05,0.0,0.0,collision
2385,4.161072731018066,-3.378354072570801,-0.0002489904873073101,1.1976527275692206e-05,7.450580142176477e-06,0.0,0.0,collision
2386,4.161093711853027,-3.377298593521118,-0.0002437584480503574,0.03299063816666603,0.0329902358353138,1.0,0.0,collision
2387,4.1611151695251465,-3.3762428760528564,-0.00024433230282738805,0.032997988164424896,0.0329979844391346,1.0,0.0,collision
2388,4.161136627197266,-3.3751869201660156,-0.00024499837309122086,0.03300543874502182,0.03300543129444122,1.0,-3.0,collision
2389,4.161137104034424,-3.3751659393310547,-0.00025042754714377224,0.0006774108624085784,0.0006558204186148942,0.0,-3.0,collision
2390,4.161163806915283,-3.374131441116333,-0.00024532005772925913,0.03233923017978668,0.032338835299015045,1.0,-3.0,collision
2391,4.161164283752441,-3.374131202697754,-0.0002504879666958004,0.00016235419025179,1.6660003893775865e-05,0.0,0.0,collision
2392,4.161164283752441,-3.374131202697754,-0.000250146520556882,1.0670190931705292e-05,0.0,0.0,0.0,collision
2393,4.161192893981934,-3.3730967044830322,-0.00024479598505422473,0.03234085813164711,0.03234042972326279,1.0,3.0,collision
2394,4.161192417144775,-3.373096466064453,-0.00025004311464726925,0.0001648169563850388,1.6660003893775865e-05,0.0,0.0,collision
2395,4.161192893981934,-3.373096466064453,-0.00024978446890600026,1.6952117221080698e-05,1.4901160284352954e-05,0.0,-3.0,collision
2396,4.161220550537109,-3.3720622062683105,-0.0002445107093080878,0.032332587987184525,0.0323321707546711,1.0,3.0,collision
2397,4.161221027374268,-3.3720409870147705,-0.00024971304810605943,0.0006829025223851204,0.0006632690201513469,0.0,-3.0,collision
2398,4.161248207092285,-3.371006488800049,-0.0002447438891977072,0.03233959525823593,0.032339222729206085,1.0,3.0,collision
2399,4.161247730255127,-3.370985269546509,-0.0002499250986147672,0.0006827455945312977,0.0006632690201513469,0.0,3.0,collision
2400,4.1612701416015625,-3.369950771331787,-0.00024490346550010145,0.0323360338807106,0.03233565390110016,1.0,3.0,collision
2401,4.161290645599365,-3.3688948154449463,-0.0002451636828482151,0.033004842698574066,0.033004842698574066,1.0,0.0,collision
2402,4.161290168762207,-3.368894577026367,-0.0002506435557734221,0.0001720545260468498,1.6660003893775865e-05,0.0,0.0,collision
2403,4.161311149597168,-3.3678600788116455,-0.0002453947381582111,0.032335128635168076,0.032334715127944946,1.0,-3.0,collision
2404,4.161334037780762,-3.366804361343384,-0.00024556947755627334,0.03299892321228981,0.03299892321228981,1.0,3.0,collision
2405,4.161334037780762,-3.3667831420898438,-0.00025086046662181616,0.0006834048544988036,0.0006631016149185598,0.0,-3.0,collision
2406,4.161357879638672,-3.365748643875122,-0.0002456650254316628,0.03233705833554268,0.03233664855360985,1.0,-3.0,collision
2407,4.161383628845215,-3.3646929264068604,-0.0002457845548633486,0.03300097957253456,0.03300097957253456,1.0,0.0,collision
2408,4.161384105682373,-3.3646926879882812,-0.000251140387263149,0.00016819688607938588,1.6660003893775865e-05,0.0,0.0,collision
2409,4.161409854888916,-3.3636372089385986,-0.0002457009395584464,0.032993972301483154,0.03299352899193764,1.0,0.0,collision
2410,4.161436080932617,-3.362581491470337,-0.00024589698296040297,0.03300134837627411,0.03300134837627411,1.0,0.0,collision
2411,4.161436557769775,-3.362560272216797,-0.00025113162701018155,0.0006831435603089631,0.0006632690201513469,0.0,-3.0,collision
2412,4.161464691162109,-3.361525774002075,-0.0002458939852658659,0.032340433448553085,0.032340019941329956,1.0,3.0,collision
2413,4.161490440368652,-3.3604700565338135,-0.00024595705326646566,0.03300097957253456,0.03300097957253456,1.0,0.0,collision
2414,4.161490440368652,-3.3604698181152344,-0.0002512777573429048,0.00016643884009681642,7.450580142176477e-06,0.0,0.0,collision
2415,4.1615166664123535,-3.3594353199005127,-0.00024590225075371563,0.03233889117836952,0.0323384553194046,1.0,-3.0,collision
2416,4.1615166664123535,-3.3594350814819336,-0.00025094891316257417,0.00015788407472427934,7.450580142176477e-06,0.0,0.0,collision
2417,4.1615166664123535,-3.3594350814819336,-0.0002505200682207942,1.3401403521129396e-05,0.0,0.0,3.0,collision
2418,4.1615166664123535,-3.3594350814819336,-0.000249968288699165,1.7243110050912946e-05,0.0,0.0,0.0,collision
2419,4.1615166664123535,-3.3594350814819336,-0.00024952221428975463,1.393982438457897e-05,0.0,0.0,0.0,collision
2420,4.161543369293213,-3.358400821685791,-0.0002442748809698969,0.03233180567622185,0.03233138844370842,1.0,-3.0,collision
2421,4.161544322967529,-3.358379602432251,-0.000249534408794716,0.0006838174303993583,0.0006637710030190647,0.0,-3.0,collision
2422,4.161544322967529,-3.358379602432251,-0.0002494853688403964,1.5324984588005464e-06,0.0,0.0,3.0,collision
2423,4.16157341003418,-3.3573243618011475,-0.0002441632968839258,0.03298921138048172,0.03298879414796829,1.0,0.0,collision
2424,4.161602973937988,-3.3562686443328857,-0.0002446516591589898,0.03300410509109497,0.03300410136580467,1.0,-3.0,collision
2425,4.16163444519043,-3.355213165283203,-0.00024526301422156394,0.03299838304519653,0.032998375594615936,1.0,0.0,collision
2426,4.161635398864746,-3.355191946029663,-0.0002506353775970638,0.0006846734904684126,0.0006637710030190647,0.0,-3.0,collision
2427,4.161669731140137,-3.3541576862335205,-0.0002454862406011671,0.03233881667256355,0.03233841806650162,1.0,-3.0,collision
2428,4.161670684814453,-3.3541367053985596,-0.00025051855482161045,0.0006749053136445582,0.0006563279894180596,0.0,-3.0,collision
2429,4.161709785461426,-3.353081464767456,-0.000245286850258708,0.03299930319190025,0.03299890086054802,1.0,0.0,collision
2430,4.161709308624268,-3.353060483932495,-0.00025045761140063405,0.0006754335481673479,0.0006558204186148942,0.0,3.0,collision
