step,x,y,z,speed_3d,speed_xy,command_v,command_w,outcome
0,-4.202110290527344,1.5982093811035156,0.018836326897144318,0.0,0.0,0.0,0.0,success
1,-4.20192289352417,1.59303879737854,-0.0005662885378114879,0.6275195479393005,0.16168682277202606,1.0,-3.0,success
2,-4.200469493865967,1.584294080734253,0.0002782967931125313,0.2782755196094513,0.27702105045318604,1.0,-3.0,success
3,-4.200094223022461,1.5838536024093628,0.003739379346370697,0.1096600741147995,0.018083177506923676,1.0,-3.0,success
4,-4.199930191040039,1.5825390815734863,0.0011748448014259338,0.09020218253135681,0.04139736294746399,1.0,-3.0,success
5,-4.1997904777526855,1.5801575183868408,-0.0050724949687719345,0.20897960662841797,0.07455179840326309,1.0,-3.0,success
6,-4.199416637420654,1.5768287181854248,0.0004238082910887897,0.20114421844482422,0.10467894375324249,1.0,-3.0,success
7,-4.199047088623047,1.5725735425949097,-0.0018471833318471909,0.15116891264915466,0.13347475230693817,1.0,-3.0,success
8,-4.198793888092041,1.5716487169265747,-0.0004943077219650149,0.051819294691085815,0.029964381828904152,1.0,-3.0,success
9,-4.198991775512695,1.5727380514144897,-0.0004165874852333218,0.03468397259712219,0.03459882736206055,1.0,-3.0,success
10,-4.199156284332275,1.5738168954849243,-0.00036823353730142117,0.03413704037666321,0.03410357981920242,1.0,-3.0,success
11,-4.199294090270996,1.574886679649353,-0.0003298392693977803,0.033728327602148056,0.03370698168873787,1.0,-3.0,success
12,-4.1994099617004395,1.5759494304656982,-0.000299138599075377,0.03342154994606972,0.033407777547836304,1.0,-3.0,success
13,-4.199508190155029,1.577006459236145,-0.00027457988471724093,0.03318334370851517,0.03317447006702423,1.0,-3.0,success
14,-4.199591159820557,1.5780589580535889,-0.0002549330238252878,0.03299833461642265,0.03299262374639511,1.0,-3.0,success
15,-4.199662208557129,1.5791077613830566,-0.00023921503452584147,0.03285389021039009,0.032850220799446106,1.0,-3.0,success
16,-4.1997222900390625,1.5801538228988647,-0.0002266397641506046,0.03274565190076828,0.032743293792009354,1.0,-3.0,success
17,-4.199773788452148,1.5811975002288818,-0.000216578584513627,0.03265610709786415,0.032654594630002975,1.0,-3.0,success
18,-4.199817657470703,1.5822393894195557,-0.00020852865418419242,0.03258885443210602,0.03258788585662842,1.0,-3.0,success
19,-4.199854850769043,1.5832797288894653,-0.00020208777277730405,0.03253199905157089,0.03253137692809105,1.0,-3.0,success
20,-4.199886322021484,1.584318995475769,-0.00019693421199917793,0.032492365688085556,0.03249196708202362,1.0,-3.0,success
21,-4.199913024902344,1.585357427597046,-0.00019281059212516993,0.0324619859457016,0.032461728900671005,1.0,-3.0,success
22,-4.199934959411621,1.586395025253296,-0.00018951103265862912,0.03243233263492584,0.03243216872215271,1.0,-3.0,success
23,-4.199952602386475,1.5874321460723877,-0.00018687080591917038,0.03241482004523277,0.03241471201181412,1.0,-3.0,success
24,-4.199966907501221,1.5884686708450317,-0.0001847581734182313,0.03239454701542854,0.03239448368549347,1.0,-3.0,success
25,-4.199977397918701,1.5895049571990967,-0.00018306767742615193,0.032385651022195816,0.032385606318712234,1.0,-3.0,success
26,-4.199984550476074,1.5905407667160034,-0.0001817150041460991,0.03236984461545944,0.03236981853842735,1.0,-3.0,success
27,-4.199987411499023,1.5915746688842773,-0.00017625564942136407,0.032310016453266144,0.03230956569314003,1.0,-3.0,success
28,-4.199987411499023,1.5926090478897095,-0.00017602997832000256,0.03232434391975403,0.03232434391975403,1.0,-3.0,success
29,-4.199984550476074,1.5936434268951416,-0.00017607321206014603,0.03232446685433388,0.03232446685433388,1.0,-3.0,success
30,-4.199979305267334,1.5946779251098633,-0.00017611939983908087,0.03232848271727562,0.03232848271727562,1.0,-3.0,success
31,-4.199971675872803,1.595712423324585,-0.00017615690012462437,0.03232894465327263,0.03232894465327263,1.0,-3.0,success
32,-4.199961185455322,1.5967469215393066,-0.00017618699348531663,0.032329730689525604,0.032329730689525604,1.0,-3.0,success
33,-4.199947834014893,1.5977814197540283,-0.00017621122242417186,0.03233075886964798,0.03233075886964798,1.0,-3.0,success
34,-4.199932098388672,1.59881591796875,-0.0001762308820616454,0.03233180567622185,0.03233180567622185,1.0,-3.0,success
35,-4.19991397857666,1.5998504161834717,-0.0001762469473760575,0.03233302757143974,0.03233302757143974,1.0,-3.0,success
36,-4.199893474578857,1.6008847951889038,-0.00017626024782657623,0.03233069181442261,0.03233069181442261,1.0,-3.0,success
37,-4.1998701095581055,1.6019192934036255,-0.00017627142369747162,0.03233630955219269,0.03233630955219269,1.0,-3.0,success
38,-4.1998443603515625,1.602953553199768,-0.00017628096975386143,0.03233063220977783,0.03233063220977783,1.0,-3.0,success
39,-4.19981575012207,1.6039879322052002,-0.00017628929344937205,0.032336704432964325,0.032336704432964325,1.0,-3.0,success
40,-4.199785232543945,1.6050221920013428,-0.00017629672947805375,0.03233468532562256,0.03233468532562256,1.0,-3.0,success
41,-4.199751853942871,1.6060563325881958,-0.00017630351067055017,0.03233372047543526,0.03233372047543526,1.0,-3.0,success
42,-4.199716091156006,1.6070903539657593,-0.00017630985530558974,0.032332487404346466,0.032332487404346466,1.0,-3.0,success
43,-4.19967794418335,1.6081243753433228,-0.00017631592345423996,0.03233514726161957,0.03233514726161957,1.0,-3.0,success
44,-4.199637413024902,1.6091582775115967,-0.0001763218460837379,0.032334260642528534,0.032334260642528534,1.0,-3.0,success
45,-4.199594020843506,1.610192060470581,-0.00017632771050557494,0.032334160059690475,0.032334160059690475,1.0,-3.0,success
46,-4.199548721313477,1.6112258434295654,-0.0001763336331350729,0.03233671560883522,0.03233671560883522,1.0,-3.0,success
47,-4.199500560760498,1.6122593879699707,-0.0001763396430760622,0.032333310693502426,0.032333310693502426,1.0,-3.0,success
48,-4.1994500160217285,1.613292932510376,-0.00017634581308811903,0.03233686462044716,0.03233686462044716,1.0,-3.0,success
49,-4.199397087097168,1.6143262386322021,-0.00017635217227507383,0.03233315050601959,0.03233315050601959,1.0,-3.0,success
50,-4.199341773986816,1.6153595447540283,-0.0001763587788445875,0.03233704715967178,0.03233704715967178,1.0,-3.0,success
51,-4.199284076690674,1.6163926124572754,-0.00017636561824474484,0.03233367204666138,0.03233367204666138,1.0,-3.0,success
52,-4.199223518371582,1.617425560951233,-0.00017637274868320674,0.032335065305233,0.032335065305233,1.0,-3.0,success
53,-4.199161052703857,1.6184583902359009,-0.00017638015560805798,0.032334890216588974,0.032334890216588974,1.0,-3.0,success
54,-4.199095726013184,1.6194909811019897,-0.00017638788267504424,0.032332975417375565,0.032332975417375565,1.0,-3.0,success
55,-4.199028015136719,1.6205235719680786,-0.0001763959153322503,0.03233776241540909,0.03233776241540909,1.0,-3.0,success
56,-4.198957920074463,1.6215559244155884,-0.0001764042826835066,0.03233529254794121,0.03233529254794121,1.0,-3.0,success
57,-4.198885440826416,1.622588038444519,-0.00017641297017689794,0.03233299031853676,0.03233299031853676,1.0,-3.0,success
58,-4.198810577392578,1.6236200332641602,-0.00017642199236433953,0.0323345810174942,0.0323345810174942,1.0,-3.0,success
59,-4.198732852935791,1.6246519088745117,-0.0001764313637977466,0.032337456941604614,0.032337456941604614,1.0,-3.0,success
60,-4.198653221130371,1.6256835460662842,-0.00017644106992520392,0.03233456239104271,0.03233456239104271,1.0,-3.0,success
61,-4.198570728302002,1.626715064048767,-0.00017645112529862672,0.03233785182237625,0.03233785182237625,1.0,-3.0,success
62,-4.198485851287842,1.6277462244033813,-0.000176461529918015,0.03233273699879646,0.03233273699879646,1.0,-3.0,success
63,-4.198398590087891,1.628777265548706,-0.00017647228378336877,0.03233522176742554,0.03233522176742554,1.0,-3.0,success
64,-4.198308944702148,1.6298081874847412,-0.000176483386894688,0.03233787789940834,0.03233787789940834,1.0,-3.0,success
65,-4.198216915130615,1.6308387517929077,-0.00017649483925197273,0.032333288341760635,0.032333288341760635,1.0,-3.0,success
66,-4.198122501373291,1.6318691968917847,-0.00017650664085522294,0.032336290925741196,0.032336290925741196,1.0,-3.0,success
67,-4.198025226593018,1.6328994035720825,-0.00017651880625635386,0.03233715146780014,0.03233715146780014,1.0,-3.0,success
68,-4.197925567626953,1.6339293718338013,-0.00017653132090345025,0.032336827367544174,0.032336827367544174,1.0,-3.0,success
69,-4.197824001312256,1.6349589824676514,-0.00017654418479651213,0.032331496477127075,0.032331496477127075,1.0,-3.0,success
70,-4.197719573974609,1.635988473892212,-0.0001765574124874547,0.03233669325709343,0.03233669325709343,1.0,-3.0,success
71,-4.197612762451172,1.6370177268981934,-0.00017657098942436278,0.03233688697218895,0.03233688697218895,1.0,-3.0,success
72,-4.197503566741943,1.6380466222763062,-0.00017658491560723633,0.03233354538679123,0.03233354538679123,1.0,-3.0,success
73,-4.197391510009766,1.6390753984451294,-0.00017659919103607535,0.03233940154314041,0.03233940154314041,1.0,-3.0,success
74,-4.197277545928955,1.640103816986084,-0.0001766138302627951,0.03233480080962181,0.03233480080962181,1.0,-3.0,success
75,-4.1971611976623535,1.6411319971084595,-0.00017662883328739554,0.032335687428712845,0.032335687428712845,1.0,-3.0,success
76,-4.197041988372803,1.6421598196029663,-0.00017664418555796146,0.03233475983142853,0.03233475983142853,1.0,-3.0,success
77,-4.196920394897461,1.643187403678894,-0.00017665988707449287,0.0323360338807106,0.0323360338807106,1.0,-3.0,success
78,-4.196796417236328,1.6442147493362427,-0.00017667593783698976,0.03233747556805611,0.03233747556805611,1.0,-3.0,success
79,-4.196670055389404,1.6452417373657227,-0.00017669235239736736,0.032335393130779266,0.032335393130779266,1.0,-3.0,success
80,-4.1965413093566895,1.6462684869766235,-0.00017670911620371044,0.03233718499541283,0.03233718499541283,1.0,-3.0,success
81,-4.196410179138184,1.6472948789596558,-0.000176726229256019,0.03233545273542404,0.03233545273542404,1.0,-3.0,success
82,-4.196276664733887,1.6483209133148193,-0.00017674370610620826,0.03233389928936958,0.03233389928936958,1.0,-3.0,success
83,-4.196140289306641,1.6493467092514038,-0.00017676153220236301,0.03233817219734192,0.03233817219734192,1.0,-3.0,success
84,-4.196002006530762,1.6503721475601196,-0.00017677972209639847,0.03233500197529793,0.03233500197529793,1.0,-3.0,success
85,-4.195860862731934,1.6513972282409668,-0.0001767982612363994,0.032336000353097916,0.032336000353097916,1.0,-3.0,success
86,-4.1957173347473145,1.6524220705032349,-0.00017681714962236583,0.03233887255191803,0.03233887255191803,1.0,-3.0,success
87,-4.1955718994140625,1.6534465551376343,-0.00017683638725429773,0.03233612701296806,0.03233612701296806,1.0,-3.0,success
88,-4.195423603057861,1.6544705629348755,-0.00017685598868411034,0.032334066927433014,0.032334066927433014,1.0,-3.0,success
89,-4.195272922515869,1.6554943323135376,-0.00017687593935988843,0.032337456941604614,0.032337456941604614,1.0,-3.0,success
90,-4.195119857788086,1.656517744064331,-0.000176896239281632,0.032337337732315063,0.032337337732315063,1.0,-3.0,success
91,-4.1949639320373535,1.6575406789779663,-0.0001769169030012563,0.032335951924324036,0.032335951924324036,1.0,-3.0,success
92,-4.194807529449463,1.658563494682312,-0.0001769477385096252,0.03233451768755913,0.03233451768755913,1.0,3.0,success
93,-4.194649696350098,1.659586787223816,-0.00017695494170766324,0.032356031239032745,0.032356031239032745,1.0,3.0,success
94,-4.194493293762207,1.660610556602478,-0.00017695780843496323,0.032363977283239365,0.032363977283239365,1.0,3.0,success
95,-4.194338798522949,1.6616344451904297,-0.0001769467198755592,0.03235871344804764,0.03235871344804764,1.0,-3.0,success
96,-4.194185256958008,1.6626578569412231,-0.0001769544614944607,0.03233954682946205,0.03233954682946205,1.0,-3.0,success
97,-4.194030284881592,1.6636810302734375,-0.00017696393479127437,0.03233884274959564,0.03233884274959564,1.0,-3.0,success
98,-4.193872928619385,1.6647037267684937,-0.00017697519797366112,0.03233535587787628,0.03233535587787628,1.0,-3.0,success
99,-4.193714618682861,1.6657263040542603,-0.00017699925228953362,0.032336220145225525,0.032336220145225525,1.0,3.0,success
100,-4.193554401397705,1.6667492389678955,-0.00017700064927339554,0.03235643357038498,0.03235643357038498,1.0,3.0,success
101,-4.193396091461182,1.667772650718689,-0.00017699916497804224,0.032361987978219986,0.032361987978219986,1.0,3.0,success
102,-4.193240165710449,1.668796420097351,-0.00017699461022857577,0.03236173465847969,0.03236173465847969,1.0,3.0,success
103,-4.19308614730835,1.6698203086853027,-0.00017697592556942254,0.032356493175029755,0.032356493175029755,1.0,-3.0,success
104,-4.192933559417725,1.6708438396453857,-0.00017697796283755451,0.03233882039785385,0.03233882039785385,1.0,-3.0,success
105,-4.192779064178467,1.6718670129776,-0.00017698213923722506,0.03233661502599716,0.03233661502599716,1.0,-3.0,success
106,-4.192623138427734,1.6728899478912354,-0.00017700051830615848,0.032335951924324036,0.032335951924324036,1.0,3.0,success
107,-4.192465305328369,1.6739133596420288,-0.00017699722957331687,0.032359715551137924,0.032359715551137924,1.0,3.0,success
108,-4.19230842590332,1.6749368906021118,-0.00017698168812785298,0.032358866184949875,0.032358866184949875,1.0,-3.0,success
109,-4.192155361175537,1.6759603023529053,-0.00017699885938782245,0.032337337732315063,0.032337337732315063,1.0,3.0,success
110,-4.191999912261963,1.6769840717315674,-0.00017699183081276715,0.032359492033720016,0.032359492033720016,1.0,3.0,success
111,-4.191847324371338,1.6780081987380981,-0.00017698398733045906,0.032357245683670044,0.032357245683670044,1.0,3.0,success
112,-4.191695690155029,1.679032564163208,-0.00017696295981295407,0.03236023336648941,0.03236023336648941,1.0,-3.0,success
113,-4.1915459632873535,1.6800564527511597,-0.0001769632799550891,0.03233681619167328,0.03233681619167328,1.0,-3.0,success
114,-4.191395282745361,1.6810802221298218,-0.00017697698785923421,0.032337456941604614,0.032337456941604614,1.0,3.0,success
115,-4.191242218017578,1.682104229927063,-0.00017696982831694186,0.03235575929284096,0.03235575929284096,1.0,3.0,success
116,-4.1910905838012695,1.6831285953521729,-0.00017695124552119523,0.03236023336648941,0.03236023336648941,1.0,-3.0,success
117,-4.190940856933594,1.6841524839401245,-0.0001769539521774277,0.03233681619167328,0.03233681619167328,1.0,-3.0,success
118,-4.190790176391602,1.6851762533187866,-0.00017696956638246775,0.032337456941604614,0.032337456941604614,1.0,3.0,success
119,-4.190637111663818,1.6862002611160278,-0.00017696386203169823,0.03235575929284096,0.03235575929284096,1.0,3.0,success
120,-4.190486431121826,1.6872247457504272,-0.00017695737187750638,0.03235957399010658,0.03235957399010658,1.0,3.0,success
121,-4.190337657928467,1.6882494688034058,-0.0001769374357536435,0.0323583260178566,0.0323583260178566,1.0,-3.0,success
122,-4.190190315246582,1.689273715019226,-0.0001769385125953704,0.03233718499541283,0.03233718499541283,1.0,-3.0,success
123,-4.190040588378906,1.6902976036071777,-0.0001769415393937379,0.03233681619167328,0.03233681619167328,1.0,-3.0,success
124,-4.189889907836914,1.6913212537765503,-0.00017695924907457083,0.032333772629499435,0.032333772629499435,1.0,3.0,success
125,-4.189736843109131,1.692345380783081,-0.00017695556744001806,0.032359443604946136,0.032359443604946136,1.0,3.0,success
126,-4.189586162567139,1.6933698654174805,-0.00017695060523692518,0.03235957399010658,0.03235957399010658,1.0,3.0,success
127,-4.189436912536621,1.6943944692611694,-0.00017693205154500902,0.032356783747673035,0.032356783747673035,1.0,-3.0,success
128,-4.189289569854736,1.6954187154769897,-0.0001769341470208019,0.03233718499541283,0.03233718499541283,1.0,-3.0,success
129,-4.1891398429870605,1.6964426040649414,-0.00017693817790132016,0.03233681619167328,0.03233681619167328,1.0,-3.0,success
130,-4.188989162445068,1.697466254234314,-0.00017695654241833836,0.032333772629499435,0.032333772629499435,1.0,3.0,success
131,-4.188836097717285,1.6984903812408447,-0.00017695345741230994,0.032359443604946136,0.032359443604946136,1.0,3.0,success
132,-4.188685417175293,1.6995148658752441,-0.0001769488153513521,0.03235957399010658,0.03235957399010658,1.0,3.0,success
133,-4.18853759765625,1.7005397081375122,-0.00017694159760139883,0.03235774114727974,0.03235774114727974,1.0,3.0,success
134,-4.188391208648682,1.7015646696090698,-0.0001769207010511309,0.03235508129000664,0.03235508129000664,1.0,-3.0,success
135,-4.188246250152588,1.7025892734527588,-0.0001769207010511309,0.032337721437215805,0.032337721437215805,1.0,-3.0,success
136,-4.188099384307861,1.703613519668579,-0.0001769230148056522,0.032335065305233,0.032335065305233,1.0,-3.0,success
137,-4.187950611114502,1.7046376466751099,-0.0001769400987541303,0.03233988955616951,0.03233988955616951,1.0,3.0,success
138,-4.187800407409668,1.7056620121002197,-0.00017693615518510342,0.0323537178337574,0.0323537178337574,1.0,3.0,success
139,-4.187652587890625,1.7066868543624878,-0.00017693084373604506,0.03235774114727974,0.03235774114727974,1.0,3.0,success
140,-4.187505722045898,1.7077118158340454,-0.0001769120863173157,0.03235718980431557,0.03235718980431557,1.0,-3.0,success
141,-4.187360763549805,1.7087364196777344,-0.0001769137743394822,0.032337721437215805,0.032337721437215805,1.0,-3.0,success
142,-4.18721342086792,1.7097606658935547,-0.00017691764514893293,0.03233718499541283,0.03233718499541283,1.0,-3.0,success
143,-4.187065124511719,1.710784673690796,-0.00017693577683530748,0.032334066927433014,0.032334066927433014,1.0,3.0,success
144,-4.186914920806885,1.7118091583251953,-0.0001769327645888552,0.03235740587115288,0.03235740587115288,1.0,3.0,success
145,-4.186765670776367,1.7128337621688843,-0.00017691720859147608,0.032356783747673035,0.032356783747673035,1.0,-3.0,success
146,-4.186617374420166,1.7138580083847046,-0.00017692208348307759,0.03234143927693367,0.03234143927693367,1.0,-3.0,success
147,-4.186469078063965,1.7148820161819458,-0.00017693998233880848,0.032334066927433014,0.032334066927433014,1.0,3.0,success
148,-4.186318874359131,1.7159065008163452,-0.00017693627160042524,0.03235740587115288,0.03235740587115288,1.0,3.0,success
149,-4.186171054840088,1.7169313430786133,-0.00017693077097646892,0.03235774114727974,0.03235774114727974,1.0,3.0,success
150,-4.186024188995361,1.717956304550171,-0.00017691204266157,0.03235718980431557,0.03235718980431557,1.0,-3.0,success
151,-4.185878753662109,1.7189809083938599,-0.00017691359971649945,0.03233981505036354,0.03233981505036354,1.0,-3.0,success
152,-4.185731887817383,1.7200051546096802,-0.0001769176305970177,0.032335065305233,0.032335065305233,1.0,-3.0,success
153,-4.185583114624023,1.7210291624069214,-0.00017693576228339225,0.03233620524406433,0.03233620524406433,1.0,3.0,success
154,-4.185433387756348,1.7220536470413208,-0.0001769328664522618,0.03235524520277977,0.03235524520277977,1.0,3.0,success
155,-4.1852850914001465,1.7230783700942993,-0.00017692797700874507,0.03235618770122528,0.03235618770122528,1.0,3.0,success
156,-4.185138702392578,1.7241034507751465,-0.00017690980166662484,0.032358769327402115,0.032358769327402115,1.0,-3.0,success
157,-4.184993267059326,1.7251280546188354,-0.00017691175162326545,0.03233981505036354,0.03233981505036354,1.0,-3.0,success
158,-4.184845924377441,1.7261523008346558,-0.000176916248165071,0.03233718499541283,0.03233718499541283,1.0,-3.0,success
159,-4.184697151184082,1.727176308631897,-0.00017693462723400444,0.03233620524406433,0.03233620524406433,1.0,3.0,success
160,-4.184547424316406,1.7282006740570068,-0.00017693202244117856,0.03235156089067459,0.03235156089067459,1.0,3.0,success
161,-4.184399604797363,1.729225516319275,-0.00017692723486106843,0.03235774114727974,0.03235774114727974,1.0,3.0,success
162,-4.184254169464111,1.7302507162094116,-0.00017692017718218267,0.03235825523734093,0.03235825523734093,1.0,3.0,success
163,-4.184110164642334,1.731276035308838,-0.00017689948435872793,0.03235569968819618,0.03235569968819618,1.0,-3.0,success
164,-4.183967113494873,1.7323009967803955,-0.00017689922242425382,0.03234049677848816,0.03234049677848816,1.0,-3.0,success
165,-4.1838226318359375,1.7333256006240845,-0.00017690185632091016,0.03233564272522926,0.03233564272522926,1.0,-3.0,success
166,-4.183676719665527,1.7343499660491943,-0.00017691889661364257,0.03233453631401062,0.03233453631401062,1.0,3.0,success
167,-4.183529376983643,1.7353748083114624,-0.00017691534594632685,0.032355621457099915,0.032355621457099915,1.0,3.0,success
168,-4.183383941650391,1.7363998889923096,-0.0001769098307704553,0.03235456719994545,0.03235456719994545,1.0,3.0,success
169,-4.183239459991455,1.7374252080917358,-0.00017689118976704776,0.03235777094960213,0.03235777094960213,1.0,-3.0,success
170,-4.183096885681152,1.7384501695632935,-0.00017689257219899446,0.03233844041824341,0.03233844041824341,1.0,-3.0,success
171,-4.182953357696533,1.739474892616272,-0.0001769079390214756,0.03233518451452255,0.03233518451452255,1.0,3.0,success
172,-4.1828083992004395,1.7405000925064087,-0.00017690262757241726,0.03235616907477379,0.03235616907477379,1.0,3.0,success
173,-4.182665824890137,1.7415255308151245,-0.00017689571541268378,0.032353200018405914,0.032353200018405914,1.0,3.0,success
174,-4.18252420425415,1.7425512075424194,-0.00017687585204839706,0.032356489449739456,0.032356489449739456,1.0,-3.0,success
175,-4.182384014129639,1.7435765266418457,-0.00017687618674244732,0.03233933076262474,0.03233933076262474,1.0,-3.0,success
176,-4.182241439819336,1.7446014881134033,-0.0001768793008523062,0.03233844041824341,0.03233844041824341,1.0,-3.0,success
177,-4.182096481323242,1.7456259727478027,-0.00017688554362393916,0.03233403339982033,0.03233403339982033,1.0,-3.0,success
178,-4.181950569152832,1.7466503381729126,-0.0001769057707861066,0.03233453631401062,0.03233453631401062,1.0,3.0,success
179,-4.181803226470947,1.7476751804351807,-0.00017690483946353197,0.032355621457099915,0.032355621457099915,1.0,3.0,success
180,-4.181657314300537,1.7487002611160278,-0.0001769012160366401,0.032356664538383484,0.032356664538383484,1.0,3.0,success
181,-4.18151330947876,1.749725580215454,-0.0001768843358149752,0.03235569968819618,0.03235569968819618,1.0,-3.0,success
182,-4.181369781494141,1.7507505416870117,-0.00017688701336737722,0.03234255686402321,0.03234255686402321,1.0,-3.0,success
183,-4.181225299835205,1.7517751455307007,-0.00017689241212792695,0.03233564272522926,0.03233564272522926,1.0,-3.0,success
184,-4.181078910827637,1.7527995109558105,-0.0001769112714100629,0.03233664110302925,0.03233664110302925,1.0,3.0,success
185,-4.18093204498291,1.753824234008789,-0.00017690935055725276,0.03234981372952461,0.03234981372952461,1.0,3.0,success
186,-4.180785179138184,1.7548491954803467,-0.00017689407104626298,0.03235718980431557,0.03235718980431557,1.0,-3.0,success
187,-4.180638790130615,1.7558737993240356,-0.00017689893138594925,0.032344017177820206,0.032344017177820206,1.0,-3.0,success
188,-4.1804914474487305,1.7568979263305664,-0.0001769063965184614,0.03233349695801735,0.03233349695801735,1.0,-3.0,success
189,-4.180342674255371,1.7579219341278076,-0.00017692669644020498,0.03233620524406433,0.03233620524406433,1.0,3.0,success
190,-4.1801934242248535,1.758946418762207,-0.00017692585242912173,0.03235309571027756,0.03235309571027756,1.0,3.0,success
191,-4.180045127868652,1.759971261024475,-0.00017692199617158622,0.03235987573862076,0.03235987573862076,1.0,3.0,success
192,-4.179898262023926,1.7609962224960327,-0.00017690504319034517,0.03235718980431557,0.03235718980431557,1.0,-3.0,success
193,-4.179752349853516,1.7620208263397217,-0.0001769076770870015,0.032341912388801575,0.032341912388801575,1.0,-3.0,success
194,-4.179605007171631,1.763045072555542,-0.0001769132650224492,0.03233718499541283,0.03233718499541283,1.0,-3.0,success
195,-4.179455280303955,1.764068841934204,-0.00017692125402390957,0.0323331318795681,0.0323331318795681,1.0,-3.0,success
196,-4.179304122924805,1.7650924921035767,-0.00017694284906610847,0.03233594447374344,0.03233594447374344,1.0,3.0,success
197,-4.179152011871338,1.7661166191101074,-0.00017694298003334552,0.03235505148768425,0.03235505148768425,1.0,3.0,success
198,-4.179001331329346,1.7671409845352173,-0.00017693976406008005,0.032355885952711105,0.032355885952711105,1.0,3.0,success
199,-4.178852081298828,1.7681657075881958,-0.0001769234222592786,0.03236047178506851,0.03236047178506851,1.0,-3.0,success
200,-4.178703784942627,1.7691899538040161,-0.0001769266091287136,0.03234143927693367,0.03234143927693367,1.0,-3.0,success
201,-4.178554058074951,1.7702137231826782,-0.0001769328082446009,0.0323331318795681,0.0323331318795681,1.0,-3.0,success
202,-4.178402900695801,1.7712374925613403,-0.00017695216229185462,0.032339632511138916,0.032339632511138916,1.0,3.0,success
203,-4.178250789642334,1.7722615003585815,-0.00017695048882160336,0.03235136345028877,0.03235136345028877,1.0,3.0,success
204,-4.178099155426025,1.7732857465744019,-0.00017693513655103743,0.03235655277967453,0.03235655277967453,1.0,-3.0,success
205,-4.177950859069824,1.7743098735809326,-0.00017695255519356579,0.03233775123953819,0.03233775123953819,1.0,3.0,success
206,-4.177801609039307,1.775334358215332,-0.0001769468653947115,0.03235309571027756,0.03235309571027756,1.0,3.0,success
207,-4.177652359008789,1.776358962059021,-0.00017692807887215167,0.032356783747673035,0.032356783747673035,1.0,-3.0,success
208,-4.177504062652588,1.7773832082748413,-0.00017693036352284253,0.03234143927693367,0.03234143927693367,1.0,-3.0,success
209,-4.177354335784912,1.778407096862793,-0.00017693567497190088,0.03233681619167328,0.03233681619167328,1.0,-3.0,success
210,-4.177203178405762,1.7794307470321655,-0.00017695447604637593,0.03233594447374344,0.03233594447374344,1.0,3.0,success
211,-4.177051067352295,1.7804548740386963,-0.00017695229325909168,0.03235505148768425,0.03235505148768425,1.0,3.0,success
212,-4.176900863647461,1.7814793586730957,-0.0001769473747117445,0.03235740587115288,0.03235740587115288,1.0,3.0,success
213,-4.176751613616943,1.7825039625167847,-0.00017692944675218314,0.032356783747673035,0.032356783747673035,1.0,-3.0,success
214,-4.176603317260742,1.783528208732605,-0.0001769315276760608,0.03234143927693367,0.03234143927693367,1.0,-3.0,success
215,-4.176455020904541,1.7845523357391357,-0.00017694772395770997,0.03233775123953819,0.03233775123953819,1.0,3.0,success
216,-4.176305294036865,1.7855768203735352,-0.00017694274720270187,0.03235524520277977,0.03235524520277977,1.0,3.0,success
217,-4.176157474517822,1.7866015434265137,-0.00017693577683530748,0.03235405683517456,0.03235405683517456,1.0,3.0,success
218,-4.176011085510254,1.7876266241073608,-0.00017691597167868167,0.032358769327402115,0.032358769327402115,1.0,-3.0,success
219,-4.175865650177002,1.7886512279510498,-0.0001769165537552908,0.03233981505036354,0.03233981505036354,1.0,-3.0,success
220,-4.175718307495117,1.7896754741668701,-0.00017692004621494561,0.03233718499541283,0.03233718499541283,1.0,-3.0,success
221,-4.175570011138916,1.7906994819641113,-0.0001769376831362024,0.032334066927433014,0.032334066927433014,1.0,3.0,success
222,-4.17542028427124,1.7917239665985107,-0.0001769345108186826,0.03235524520277977,0.03235524520277977,1.0,3.0,success
223,-4.175271987915039,1.7927488088607788,-0.0001769291702657938,0.03235987573862076,0.03235987573862076,1.0,3.0,success
224,-4.175126552581787,1.793773889541626,-0.00017692171968519688,0.03235456719994545,0.03235456719994545,1.0,3.0,success
225,-4.174983024597168,1.7947993278503418,-0.00017690066306386143,0.032357316464185715,0.032357316464185715,1.0,-3.0,success
226,-4.174839973449707,1.7958242893218994,-0.0001769001828506589,0.03234049677848816,0.03234049677848816,1.0,-3.0,success
227,-4.1746954917907715,1.7968488931655884,-0.00017690252570901066,0.03233564272522926,0.03233564272522926,1.0,-3.0,success
228,-4.174549579620361,1.7978732585906982,-0.00017691940593067557,0.03233453631401062,0.03233453631401062,1.0,3.0,success
229,-4.174402236938477,1.7988979816436768,-0.00017691566608846188,0.03235193341970444,0.03235193341970444,1.0,3.0,success
230,-4.174256801605225,1.7999231815338135,-0.00017691012180875987,0.03235825523734093,0.03235825523734093,1.0,3.0,success
231,-4.174112796783447,1.8009485006332397,-0.00017689137894194573,0.03235569968819618,0.03235569968819618,1.0,-3.0,success
232,-4.173969745635986,1.8019734621047974,-0.00017689286323729903,0.03234049677848816,0.03234049677848816,1.0,-3.0,success
233,-4.173825263977051,1.8029980659484863,-0.00017689671949483454,0.03233564272522926,0.03233564272522926,1.0,-3.0,success
234,-4.173678874969482,1.8040224313735962,-0.00017691473476588726,0.03233664110302925,0.03233664110302925,1.0,3.0,success
235,-4.173531532287598,1.8050471544265747,-0.00017691185348667204,0.03235193341970444,0.03235193341970444,1.0,3.0,success
236,-4.173386096954346,1.8060723543167114,-0.0001769070659065619,0.03235825523734093,0.03235825523734093,1.0,3.0,success
237,-4.173242092132568,1.8070976734161377,-0.00017688896332401782,0.03235569968819618,0.03235569968819618,1.0,-3.0,success
238,-4.173099040985107,1.8081226348876953,-0.00017689097148831934,0.03234049677848816,0.03234049677848816,1.0,-3.0,success
239,-4.172954559326172,1.8091472387313843,-0.0001768952060956508,0.03233564272522926,0.03233564272522926,1.0,-3.0,success
240,-4.1728081703186035,1.8101716041564941,-0.00017691349785309285,0.03233664110302925,0.03233664110302925,1.0,3.0,success
241,-4.172660827636719,1.8111963272094727,-0.00017691079119686037,0.03235193341970444,0.03235193341970444,1.0,3.0,success
242,-4.172515392303467,1.8122215270996094,-0.00017690626555122435,0.03235825523734093,0.03235825523734093,1.0,3.0,success
243,-4.172372341156006,1.8132469654083252,-0.00017689929518382996,0.03235525265336037,0.03235525265336037,1.0,3.0,success
244,-4.1722307205200195,1.8142726421356201,-0.00017687873332761228,0.032356489449739456,0.032356489449739456,1.0,-3.0,success
245,-4.172091007232666,1.8152979612350464,-0.00017687871877569705,0.03233731910586357,0.03233731910586357,1.0,-3.0,success
246,-4.1719489097595215,1.816322922706604,-0.00017688098887447268,0.032336391508579254,0.032336391508579254,1.0,-3.0,success
247,-4.171805381774902,1.8173476457595825,-0.00017689795640762895,0.03233518451452255,0.03233518451452255,1.0,3.0,success
248,-4.17165994644165,1.8183727264404297,-0.00017689420201350003,0.03235456719994545,0.03235456719994545,1.0,3.0,success
249,-4.171517372131348,1.819398283958435,-0.00017688912339508533,0.03235688805580139,0.03235688805580139,1.0,3.0,success
250,-4.171376705169678,1.8204240798950195,-0.00017688162915874273,0.03235611692070961,0.03235611692070961,1.0,3.0,success
251,-4.171237945556641,1.821450114250183,-0.00017686064529698342,0.03235545754432678,0.03235545754432678,1.0,-3.0,success
252,-4.171101093292236,1.8224756717681885,-0.00017686029605101794,0.03233275189995766,0.03233275189995766,1.0,-3.0,success
253,-4.170961380004883,1.8235009908676147,-0.00017686199862509966,0.03233731910586357,0.03233731910586357,1.0,-3.0,success
254,-4.170820236206055,1.824526071548462,-0.0001768786460161209,0.032336000353097916,0.032336000353097916,1.0,3.0,success
255,-4.170677185058594,1.8255515098571777,-0.0001768746442394331,0.03235525265336037,0.03235525265336037,1.0,3.0,success
256,-4.170536518096924,1.8265773057937622,-0.00017686963838059455,0.03235611692070961,0.03235611692070961,1.0,3.0,success
257,-4.170397758483887,1.8276033401489258,-0.00017685107013676316,0.03235545754432678,0.03235545754432678,1.0,-3.0,success
258,-4.170260429382324,1.8286288976669312,-0.00017685274360701442,0.03233472630381584,0.03233472630381584,1.0,-3.0,success
259,-4.170120716094971,1.8296542167663574,-0.0001768560177879408,0.03233731910586357,0.03233731910586357,1.0,-3.0,success
260,-4.169979572296143,1.8306792974472046,-0.00017687382933218032,0.032336000353097916,0.032336000353097916,1.0,3.0,success
261,-4.169836521148682,1.8317047357559204,-0.00017687071522232145,0.03235525265336037,0.03235525265336037,1.0,3.0,success
262,-4.169694423675537,1.8327302932739258,-0.00017685568309389055,0.03235483914613724,0.03235483914613724,1.0,-3.0,success
263,-4.169554710388184,1.833755612373352,-0.00017686054343357682,0.03233731910586357,0.03233731910586357,1.0,-3.0,success
264,-4.169412136077881,1.8347804546356201,-0.00017686656792648137,0.03233475238084793,0.03233475238084793,1.0,-3.0,success
265,-4.1692681312561035,1.8358051776885986,-0.0001768863294273615,0.0323372520506382,0.0323372520506382,1.0,3.0,success
266,-4.169122695922852,1.8368302583694458,-0.00017688465595711023,0.03235456719994545,0.03235456719994545,1.0,3.0,success
267,-4.168979644775391,1.8378558158874512,-0.00017688149819150567,0.03235894441604614,0.03235894441604614,1.0,3.0,success
268,-4.168838024139404,1.8388813734054565,-0.00017686455976217985,0.03235279768705368,0.03235279768705368,1.0,-3.0,success
269,-4.168698310852051,1.8399066925048828,-0.0001768676156643778,0.03233731910586357,0.03233731910586357,1.0,-3.0,success
270,-4.168555736541748,1.8409316539764404,-0.00017687209765426815,0.03233844041824341,0.03233844041824341,1.0,-3.0,success
271,-4.168412208557129,1.841956377029419,-0.0001768907532095909,0.03233518451452255,0.03233518451452255,1.0,3.0,success
272,-4.168266773223877,1.8429814577102661,-0.00017688819207251072,0.03235456719994545,0.03235456719994545,1.0,3.0,success
273,-4.168123722076416,1.844006896018982,-0.00017688440857455134,0.03235525265336037,0.03235525265336037,1.0,3.0,success
274,-4.167983531951904,1.8450326919555664,-0.0001768778165569529,0.032354097813367844,0.032354097813367844,1.0,3.0,success
275,-4.167844295501709,1.84605872631073,-0.00017685763305053115,0.032357458025217056,0.032357458025217056,1.0,-3.0,success
276,-4.167707443237305,1.847084403038025,-0.00017685792408883572,0.03233644738793373,0.03233644738793373,1.0,-3.0,success
277,-4.167567729949951,1.8481096029281616,-0.00017686009232420474,0.032333627343177795,0.032333627343177795,1.0,-3.0,success
278,-4.167426586151123,1.849133849143982,-0.0001725007896311581,0.03231045603752136,0.03231016919016838,1.0,3.0,success
279,-4.167285919189453,1.850158929824829,-0.00017314749129582196,0.03233398124575615,0.03233397379517555,1.0,3.0,success
280,-4.167145729064941,1.8511844873428345,-0.00017387706611771137,0.03234672173857689,0.03234671428799629,1.0,3.0,success
281,-4.167008399963379,1.852210521697998,-0.00017446913989260793,0.03234950080513954,0.03234949707984924,1.0,3.0,success
282,-4.166872024536133,1.8532366752624512,-0.0001749279908835888,0.032349251210689545,0.032349247485399246,1.0,-3.0,success
283,-4.1667375564575195,1.8542624711990356,-0.000175311099155806,0.03233037143945694,0.03233037143945694,1.0,-3.0,success
284,-4.166600227355957,1.8552879095077515,-0.00017561936692800373,0.032331034541130066,0.03233103081583977,1.0,-3.0,success
285,-4.166461944580078,1.8563132286071777,-0.00017588117043487728,0.03233131393790245,0.03233131393790245,1.0,3.0,success
286,-4.166321277618408,1.8573390245437622,-0.0001760731393005699,0.03235611692070961,0.03235611692070961,1.0,3.0,success
287,-4.1661834716796875,1.8583650588989258,-0.00017622510495129973,0.032351478934288025,0.032351478934288025,1.0,3.0,success
288,-4.166047096252441,1.8593913316726685,-0.00017633187235333025,0.03235293924808502,0.03235293924808502,1.0,-3.0,success
289,-4.16591215133667,1.8604172468185425,-0.00017643359024077654,0.032336000353097916,0.032336000353097916,1.0,-3.0,success
290,-4.165774822235107,1.8614428043365479,-0.00017651687085162848,0.03233472630381584,0.03233472630381584,1.0,-3.0,success
291,-4.16563606262207,1.8624681234359741,-0.00017659863806329668,0.03233330696821213,0.03233330696821213,1.0,3.0,success
292,-4.1654953956604,1.8634939193725586,-0.00017664664483163506,0.03235611692070961,0.03235611692070961,1.0,3.0,success
293,-4.16535758972168,1.8645199537277222,-0.0001766835484886542,0.032351478934288025,0.032351478934288025,1.0,3.0,success
294,-4.165220737457275,1.8655462265014648,-0.0001766984205460176,0.03235490992665291,0.03235490992665291,1.0,-3.0,success
295,-4.165086269378662,1.8665722608566284,-0.00017672668036539108,0.03233775496482849,0.03233775496482849,1.0,-3.0,success
296,-4.1649489402771,1.8675978183746338,-0.0001767512148944661,0.03233472630381584,0.03233472630381584,1.0,-3.0,success
297,-4.164808750152588,1.8686230182647705,-0.00017677489086054265,0.03233564272522926,0.03233564272522926,1.0,-3.0,success
298,-4.164667129516602,1.8696480989456177,-0.0001768088695826009,0.032338038086891174,0.032338038086891174,1.0,3.0,success
299,-4.164524078369141,1.870673418045044,-0.0001768185175023973,0.03235156461596489,0.03235156461596489,1.0,3.0,success
300,-4.164383411407471,1.8716992139816284,-0.00017682476027403027,0.03235611692070961,0.03235611692070961,1.0,3.0,success
301,-4.16424560546875,1.8727253675460815,-0.0001768261136021465,0.0323551669716835,0.0323551669716835,1.0,3.0,success
302,-4.1641106605529785,1.8737518787384033,-0.00017682347970549017,0.03235447034239769,0.03235447034239769,1.0,3.0,success
303,-4.163976669311523,1.8747785091400146,-0.00017680648306850344,0.03235429525375366,0.03235429525375366,1.0,-3.0,success
304,-4.163844585418701,1.8758047819137573,-0.0001768089714460075,0.0323355458676815,0.0323355458676815,1.0,-3.0,success
305,-4.16370964050293,1.8768306970596313,-0.00017681295867078006,0.032336000353097916,0.032336000353097916,1.0,-3.0,success
306,-4.163573741912842,1.8778564929962158,-0.00017683135229162872,0.03233620896935463,0.03233620896935463,1.0,3.0,success
307,-4.163435459136963,1.8788825273513794,-0.0001768289366737008,0.032353464514017105,0.032353464514017105,1.0,3.0,success
308,-4.163300037384033,1.8799090385437012,-0.00017682545876596123,0.03235641494393349,0.03235641494393349,1.0,3.0,success
309,-4.163166522979736,1.880935549736023,-0.0001768080546753481,0.03234867379069328,0.03234867379069328,1.0,-3.0,success
310,-4.163033962249756,1.8819618225097656,-0.00017681033932603896,0.032337453216314316,0.032337453216314316,1.0,-3.0,success
311,-4.162900447845459,1.8829879760742188,-0.00017682542966213077,0.03233759105205536,0.03233759105205536,1.0,3.0,success
312,-4.162765026092529,1.884014368057251,-0.0001768205256666988,0.03235272318124771,0.03235272318124771,1.0,3.0,success
313,-4.162632465362549,1.8850411176681519,-0.00017681501049082726,0.03235223516821861,0.03235223516821861,1.0,3.0,success
314,-4.162500858306885,1.8860679864883423,-0.0001767959474818781,0.03235212713479996,0.03235212713479996,1.0,-3.0,success
315,-4.1623711585998535,1.8870946168899536,-0.00017679673328530043,0.032337211072444916,0.032337211072444916,1.0,-3.0,success
316,-4.162238597869873,1.8881208896636963,-0.00017679936718195677,0.032337453216314316,0.032337453216314316,1.0,-3.0,success
317,-4.162104606628418,1.8891469240188599,-0.0001768165675457567,0.03233582526445389,0.03233582526445389,1.0,3.0,success
318,-4.161969184875488,1.890173316001892,-0.00017681330791674554,0.03235272318124771,0.03235272318124771,1.0,3.0,success
319,-4.161835193634033,1.8911998271942139,-0.00017679829034022987,0.03235059976577759,0.03235059976577759,1.0,-3.0,success
320,-4.161702632904053,1.8922260999679565,-0.00017680265591479838,0.032337453216314316,0.032337453216314316,1.0,-3.0,success
321,-4.161567687988281,1.8932520151138306,-0.0001768080983310938,0.032336000353097916,0.032336000353097916,1.0,-3.0,success
322,-4.161430835723877,1.8942776918411255,-0.00017682737961877137,0.03233644738793373,0.03233644738793373,1.0,3.0,success
323,-4.161293029785156,1.8953038454055786,-0.0001768256479408592,0.0323551669716835,0.0323551669716835,1.0,3.0,success
324,-4.161157608032227,1.8963302373886108,-0.00017682269390206784,0.03235272318124771,0.03235272318124771,1.0,3.0,success
325,-4.1610236167907715,1.8973568677902222,-0.00017680591554380953,0.03235429525375366,0.03235429525375366,1.0,-3.0,success
326,-4.160891056060791,1.8983830213546753,-0.00017680868040770292,0.03233376145362854,0.03233376145362854,1.0,-3.0,success
327,-4.1607561111450195,1.8994089365005493,-0.00017681285680737346,0.032336000353097916,0.032336000353097916,1.0,-3.0,success
328,-4.160619735717773,1.9004347324371338,-0.00017683117766864598,0.03233817219734192,0.03233817219734192,1.0,3.0,success
329,-4.1604814529418945,1.9014607667922974,-0.0001768287766026333,0.032353464514017105,0.032353464514017105,1.0,3.0,success
330,-4.160346031188965,1.9024871587753296,-0.0001768251822795719,0.03235272318124771,0.03235272318124771,1.0,3.0,success
331,-4.16021203994751,1.903513789176941,-0.0001768078946042806,0.03235429525375366,0.03235429525375366,1.0,-3.0,success
332,-4.1600799560546875,1.9045400619506836,-0.00017681022291071713,0.0323355458676815,0.0323355458676815,1.0,-3.0,success
333,-4.159945964813232,1.9055660963058472,-0.00017682529869489372,0.03233582526445389,0.03233582526445389,1.0,3.0,success
334,-4.159810543060303,1.9065924882888794,-0.00017682042380329221,0.03235272318124771,0.03235272318124771,1.0,3.0,success
335,-4.159677982330322,1.9076193571090698,-0.00017681486497167498,0.03235592693090439,0.03235592693090439,1.0,3.0,success
336,-4.159548282623291,1.9086463451385498,-0.00017680696328170598,0.03234829753637314,0.03234829753637314,1.0,3.0,success
337,-4.159419536590576,1.9096735715866089,-0.00017678584845270962,0.03235197067260742,0.03235197067260742,1.0,-3.0,success
338,-4.159292221069336,1.9107005596160889,-0.0001767847570590675,0.03233904764056206,0.03233904764056206,1.0,-3.0,success
339,-4.1591620445251465,1.9117270708084106,-0.00017678593576420099,0.03233538568019867,0.03233538568019867,1.0,-3.0,success
340,-4.159030914306641,1.9127534627914429,-0.00017680198652669787,0.03233545273542404,0.03233545273542404,1.0,3.0,success
341,-4.158897876739502,1.9137802124023438,-0.00017679801385384053,0.032354146242141724,0.032354146242141724,1.0,3.0,success
342,-4.1587677001953125,1.9148072004318237,-0.0001767932262737304,0.032350167632102966,0.032350167632102966,1.0,3.0,success
343,-4.158640384674072,1.9158345460891724,-0.00017678597941994667,0.03235013782978058,0.03235013782978058,1.0,3.0,success
344,-4.158514022827148,1.9168621301651,-0.0001767654757713899,0.03235388174653053,0.03235388174653053,1.0,-3.0,success
345,-4.158389091491699,1.9178892374038696,-0.00017676473362371325,0.03233366459608078,0.03233366459608078,1.0,-3.0,success
346,-4.158261775970459,1.91891610622406,-0.00017676623247098178,0.03233535215258598,0.03233535215258598,1.0,-3.0,success
347,-4.158132553100586,1.919942855834961,-0.0001767824578564614,0.03233904391527176,0.03233904391527176,1.0,3.0,success
348,-4.1580023765563965,1.920969843864441,-0.00017677877622190863,0.032350167632102966,0.032350167632102966,1.0,3.0,success
349,-4.157874584197998,1.9219971895217896,-0.0001767741923686117,0.03235197439789772,0.03235197439789772,1.0,3.0,success
350,-4.157749652862549,1.9230248928070068,-0.00017676717834547162,0.032352153211832047,0.032352153211832047,1.0,3.0,success
351,-4.157626152038574,1.9240525960922241,-0.00017674693663138896,0.03234678879380226,0.03234678879380226,1.0,-3.0,success
352,-4.157503604888916,1.9250801801681519,-0.000176746238139458,0.03233955055475235,0.03233955055475235,1.0,-3.0,success
353,-4.157378673553467,1.9261072874069214,-0.00017674779519438744,0.03233366459608078,0.03233366459608078,1.0,-3.0,success
354,-4.157251834869385,1.9271342754364014,-0.00017676400602795184,0.03233721852302551,0.03233721852302551,1.0,3.0,success
355,-4.157124042510986,1.92816162109375,-0.00017676048446446657,0.03235197439789772,0.03235197439789772,1.0,3.0,success
356,-4.156999111175537,1.9291892051696777,-0.000176755987922661,0.032348453998565674,0.032348453998565674,1.0,3.0,success
357,-4.156876564025879,1.9302171468734741,-0.00017674911941867322,0.03235064446926117,0.03235064446926117,1.0,3.0,success
358,-4.156755447387695,1.93124520778656,-0.0001767290523275733,0.032349083572626114,0.032349083572626114,1.0,-3.0,success
359,-4.156635761260986,1.932273030281067,-0.0001767283392837271,0.03233648091554642,0.03233648091554642,1.0,-3.0,success
360,-4.15651273727417,1.933300495147705,-0.00017672991089057177,0.03233761712908745,0.03233761712908745,1.0,-3.0,success
361,-4.1563873291015625,1.9343276023864746,-0.0001767348439898342,0.032335467636585236,0.032335467636585236,1.0,-3.0,success
362,-4.156260967254639,1.9353545904159546,-0.00017675358685664833,0.032335393130779266,0.032335393130779266,1.0,3.0,success
363,-4.15613317489624,1.9363818168640137,-0.00017675214621704072,0.03234827518463135,0.03234827518463135,1.0,3.0,success
364,-4.156007766723633,1.937409520149231,-0.00017674913397058845,0.0323539562523365,0.0323539562523365,1.0,3.0,success
365,-4.1558837890625,1.9384372234344482,-0.0001767325884429738,0.032348569482564926,0.032348569482564926,1.0,-3.0,success
366,-4.155761241912842,1.9394646883010864,-0.00017673482943791896,0.03233584761619568,0.03233584761619568,1.0,-3.0,success
367,-4.155635833740234,1.940491795539856,-0.00017673886031843722,0.032335467636585236,0.032335467636585236,1.0,-3.0,success
368,-4.1555094718933105,1.941518783569336,-0.00017675677372608334,0.032335393130779266,0.032335393130779266,1.0,3.0,success
369,-4.155381679534912,1.9425461292266846,-0.0001767548092175275,0.03235197439789772,0.03235197439789772,1.0,3.0,success
370,-4.155256271362305,1.9435737133026123,-0.00017675122944638133,0.03235026076436043,0.03235026076436043,1.0,3.0,success
371,-4.155132293701172,1.9446015357971191,-0.00017673427646514028,0.0323522686958313,0.0323522686958313,1.0,-3.0,success
372,-4.155009746551514,1.9456290006637573,-0.00017673611000645906,0.03233584761619568,0.03233584761619568,1.0,-3.0,success
373,-4.154884338378906,1.9466561079025269,-0.00017673990805633366,0.032335467636585236,0.032335467636585236,1.0,-3.0,success
374,-4.154756546020508,1.9476829767227173,-0.0001767465437296778,0.032337188720703125,0.032337188720703125,1.0,-3.0,success
375,-4.154627323150635,1.9487096071243286,-0.00017676656716503203,0.032335348427295685,0.032335348427295685,1.0,3.0,success
376,-4.154497146606445,1.9497365951538086,-0.00017676621791906655,0.032350167632102966,0.032350167632102966,1.0,3.0,success
377,-4.154367923736572,1.9507637023925781,-0.00017675303388386965,0.03235013037919998,0.03235013037919998,1.0,-3.0,success
378,-4.154239654541016,1.9517905712127686,-0.00017675840354058892,0.032339029014110565,0.032339029014110565,1.0,-3.0,success
379,-4.154109477996826,1.9528170824050903,-0.00017676550487522036,0.03233538568019867,0.03233538568019867,1.0,-3.0,success
380,-4.153977870941162,1.9538434743881226,-0.00017678547010291368,0.03233734518289566,0.03233734518289566,1.0,3.0,success
381,-4.153845310211182,1.9548701047897339,-0.00017678509175311774,0.03234853968024254,0.03234853968024254,1.0,3.0,success
382,-4.153715133666992,1.9558972120285034,-0.00017678234144113958,0.03235386312007904,0.03235386312007904,1.0,3.0,success
383,-4.153585910797119,1.956924319267273,-0.0001767662906786427,0.03235013037919998,0.03235013037919998,1.0,-3.0,success
384,-4.1534576416015625,1.9579511880874634,-0.0001767689100233838,0.032339029014110565,0.032339029014110565,1.0,-3.0,success
385,-4.153327465057373,1.9589776992797852,-0.00017677375581115484,0.03233538568019867,0.03233538568019867,1.0,-3.0,success
386,-4.153194904327393,1.9600039720535278,-0.00017678113363217562,0.032337453216314316,0.032337453216314316,1.0,-3.0,success
387,-4.1530609130859375,1.9610300064086914,-0.0001768017973517999,0.03233582526445389,0.03233582526445389,1.0,3.0,success
388,-4.152925968170166,1.962056279182434,-0.00017680187011137605,0.03234708309173584,0.03234708309173584,1.0,3.0,success
389,-4.152792930603027,1.963083028793335,-0.000176799381733872,0.032354146242141724,0.032354146242141724,1.0,3.0,success
390,-4.152662754058838,1.9641101360321045,-0.0001767944049788639,0.03235386312007904,0.03235386312007904,1.0,3.0,success
391,-4.152535438537598,1.9651374816894531,-0.00017678695439826697,0.03235013782978058,0.03235013782978058,1.0,3.0,success
392,-4.152409076690674,1.9661650657653809,-0.00017676631978247315,0.03235388174653053,0.03235388174653053,1.0,-3.0,success
393,-4.152284145355225,1.9671921730041504,-0.00017676519928500056,0.03233366459608078,0.03233366459608078,1.0,-3.0,success
394,-4.152156352996826,1.9682190418243408,-0.0001767667126841843,0.032337188720703125,0.032337188720703125,1.0,-3.0,success
395,-4.152027606964111,1.9692457914352417,-0.0001767828071024269,0.03233718499541283,0.03233718499541283,1.0,3.0,success
396,-4.15189790725708,1.9702727794647217,-0.00017677934374660254,0.03234829753637314,0.03234829753637314,1.0,3.0,success
397,-4.151770114898682,1.9713001251220703,-0.00017677438154350966,0.03235197439789772,0.03235197439789772,1.0,3.0,success
398,-4.151643753051758,1.9723275899887085,-0.0001767562353052199,0.03235018253326416,0.03235018253326416,1.0,-3.0,success
399,-4.15151834487915,1.9733548164367676,-0.00017675723938737065,0.03233916312456131,0.03233916312456131,1.0,-3.0,success
400,-4.151392459869385,1.9743818044662476,-0.00017677176219876856,0.032333578914403915,0.032333578914403915,1.0,3.0,success
401,-4.151264667510986,1.9754091501235962,-0.00017676697461865842,0.03235197439789772,0.03235197439789772,1.0,3.0,success
402,-4.151139736175537,1.9764368534088135,-0.00017676105198916048,0.032352153211832047,0.032352153211832047,1.0,3.0,success
403,-4.1510162353515625,1.9774645566940308,-0.000176742032635957,0.03234678879380226,0.03234678879380226,1.0,-3.0,success
404,-4.150893688201904,1.978492021560669,-0.0001767422945704311,0.03233584761619568,0.03233584761619568,1.0,-3.0,success
405,-4.150768280029297,1.979519248008728,-0.00017674471018835902,0.03233916312456131,0.03233916312456131,1.0,-3.0,success
406,-4.150640487670898,1.9805461168289185,-0.00017675032722763717,0.032337188720703125,0.032337188720703125,1.0,-3.0,success
407,-4.150511264801025,1.9815727472305298,-0.00017676963761914521,0.032335348427295685,0.032335348427295685,1.0,3.0,success
408,-4.150381565093994,1.9825997352600098,-0.00017676866264082491,0.03234829753637314,0.03234829753637314,1.0,3.0,success
409,-4.150252342224121,1.9836268424987793,-0.00017675496928859502,0.03235013037919998,0.03235013037919998,1.0,-3.0,success
410,-4.1501240730285645,1.9846537113189697,-0.0001767599896993488,0.032339029014110565,0.032339029014110565,1.0,-3.0,success
411,-4.149993419647217,1.9856802225112915,-0.00017676668358035386,0.032337263226509094,0.032337263226509094,1.0,-3.0,success
412,-4.149861812591553,1.9867066144943237,-0.00017678643052931875,0.03233734518289566,0.03233734518289566,1.0,3.0,success
413,-4.1497297286987305,1.987733244895935,-0.00017678577569313347,0.032346632331609726,0.032346632331609726,1.0,3.0,success
414,-4.149599075317383,1.9887603521347046,-0.00017678295262157917,0.032355740666389465,0.032355740666389465,1.0,3.0,success
415,-4.149470329284668,1.9897874593734741,-0.00017676675633993,0.03234827145934105,0.03234827145934105,1.0,-3.0,success
416,-4.149342060089111,1.9908143281936646,-0.00017676936113275588,0.032339029014110565,0.032339029014110565,1.0,-3.0,success
417,-4.149211883544922,1.9918408393859863,-0.00017677400319371372,0.03233538568019867,0.03233538568019867,1.0,-3.0,success
418,-4.149079322814941,1.992867112159729,-0.00017678130825515836,0.032337453216314316,0.032337453216314316,1.0,-3.0,success
419,-4.148945331573486,1.9938931465148926,-0.0001768019428709522,0.03233582526445389,0.03233582526445389,1.0,3.0,success
420,-4.148810386657715,1.9949195384979248,-0.00017680185555946082,0.032350774854421616,0.032350774854421616,1.0,3.0,success
421,-4.148677349090576,1.9959461688995361,-0.00017679945449344814,0.03235044702887535,0.03235044702887535,1.0,3.0,success
422,-4.148547172546387,1.9969732761383057,-0.0001767944631865248,0.03235386312007904,0.03235386312007904,1.0,3.0,success
423,-4.148418426513672,1.9980005025863647,-0.0001767759385984391,0.03235197067260742,0.03235197067260742,1.0,-3.0,success
424,-4.148290634155273,1.9990273714065552,-0.00017677675350569189,0.032337188720703125,0.032337188720703125,1.0,-3.0,success
425,-4.148160457611084,2.000053882598877,-0.00017677970754448324,0.03233538568019867,0.03233538568019867,1.0,-3.0,success
426,-4.148029327392578,2.001080274581909,-0.00017679690790828317,0.03233545273542404,0.03233545273542404,1.0,3.0,success
427,-4.147896766662598,2.0021069049835205,-0.0001767940993886441,0.03234853968024254,0.03234853968024254,1.0,3.0,success
428,-4.14776611328125,2.00313401222229,-0.0001767898356774822,0.032355740666389465,0.032355740666389465,1.0,3.0,success
429,-4.14763879776001,2.0041613578796387,-0.00017678321455605328,0.03235013782978058,0.03235013782978058,1.0,3.0,success
430,-4.147512912750244,2.0051889419555664,-0.00017676329298410565,0.03235206753015518,0.03235206753015518,1.0,-3.0,success
431,-4.147387981414795,2.006216049194336,-0.0001767629582900554,0.03233366459608078,0.03233366459608078,1.0,-3.0,success
432,-4.147261619567871,2.0072431564331055,-0.00017677618598099798,0.03233909234404564,0.03233909234404564,1.0,3.0,success
433,-4.147133827209473,2.008270502090454,-0.00017677032155916095,0.03235197439789772,0.03235197439789772,1.0,3.0,success
434,-4.147007465362549,2.009298086166382,-0.00017675288836471736,0.03235388174653053,0.03235388174653053,1.0,-3.0,success
435,-4.1468825340271,2.0103251934051514,-0.00017675476556178182,0.03233366459608078,0.03233366459608078,1.0,-3.0,success
436,-4.146754741668701,2.011352062225342,-0.00017675831622909755,0.032337188720703125,0.032337188720703125,1.0,-3.0,success
437,-4.146625995635986,2.012378692626953,-0.00017677605501376092,0.03233348950743675,0.03233348950743675,1.0,3.0,success
438,-4.146495342254639,2.0134055614471436,-0.0001767735811881721,0.03234834969043732,0.03234834969043732,1.0,3.0,success
439,-4.14636754989624,2.014432907104492,-0.000176769943209365,0.03235197439789772,0.03235197439789772,1.0,3.0,success
440,-4.146242618560791,2.015460729598999,-0.00017676370043773204,0.03235585242509842,0.03235585242509842,1.0,3.0,success
441,-4.146119117736816,2.016488552093506,-0.00017674417176749557,0.032350488007068634,0.032350488007068634,1.0,-3.0,success
442,-4.145996570587158,2.0175158977508545,-0.0001767440262483433,0.032332148402929306,0.032332148402929306,1.0,-3.0,success
443,-4.145873069763184,2.018543243408203,-0.00017675739945843816,0.03233569115400314,0.03233569115400314,1.0,3.0,success
444,-4.145747661590576,2.019570827484131,-0.00017675181152299047,0.03235026076436043,0.03235026076436043,1.0,3.0,success
445,-4.145625114440918,2.020598888397217,-0.0001767456269590184,0.03235434368252754,0.03235434368252754,1.0,3.0,success
446,-4.145505428314209,2.0216269493103027,-0.00017673743423074484,0.03234388679265976,0.03234388679265976,1.0,3.0,success
447,-4.145387172698975,2.022655487060547,-0.0001767162757460028,0.03235354647040367,0.03235354647040367,1.0,-3.0,success
448,-4.145269870758057,2.023683547973633,-0.0001767145295161754,0.03233535587787628,0.03233535587787628,1.0,-3.0,success
449,-4.145150661468506,2.0247113704681396,-0.00017672681133262813,0.03233475983142853,0.03233475983142853,1.0,3.0,success
450,-4.145030975341797,2.0257396697998047,-0.00017672065587248653,0.032351285219192505,0.032351285219192505,1.0,3.0,success
451,-4.144913673400879,2.0267679691314697,-0.00017671394743956625,0.03234275430440903,0.03234275430440903,1.0,3.0,success
452,-4.144798755645752,2.027796745300293,-0.00017670546367298812,0.032349202781915665,0.032349202781915665,1.0,3.0,success
453,-4.144685745239258,2.0288257598876953,-0.0001766841596690938,0.032350048422813416,0.032350048422813416,1.0,-3.0,success
454,-4.144573211669922,2.0298542976379395,-0.00017668199143372476,0.0323336124420166,0.0323336124420166,1.0,-3.0,success
455,-4.144459247589111,2.0308828353881836,-0.00017669405497144908,0.03233850374817848,0.03233850374817848,1.0,3.0,success
456,-4.144344329833984,2.031911611557007,-0.00017668800137471408,0.032349202781915665,0.032349202781915665,1.0,3.0,success
457,-4.144231796264648,2.032940626144409,-0.00017668133659753948,0.032348424196243286,0.032348424196243286,1.0,3.0,success
458,-4.144121170043945,2.0339696407318115,-0.00017666172061581165,0.03234200179576874,0.03234200179576874,1.0,-3.0,success
459,-4.1440110206604,2.034998655319214,-0.0001766608183970675,0.032340411096811295,0.032340411096811295,1.0,-3.0,success
460,-4.143898010253906,2.036027193069458,-0.000176662317244336,0.03233523666858673,0.03233523666858673,1.0,-3.0,success
461,-4.143784046173096,2.037055492401123,-0.00017667820793576539,0.03233109787106514,0.03233109787106514,1.0,3.0,success
462,-4.1436686515808105,2.0380842685699463,-0.0001766751374816522,0.03235086426138878,0.03235086426138878,1.0,3.0,success
463,-4.143556118011475,2.0391132831573486,-0.00017667091742623597,0.032348424196243286,0.032348424196243286,1.0,3.0,success
464,-4.143446445465088,2.04014253616333,-0.00017666458734311163,0.03234623745083809,0.03234623745083809,1.0,3.0,success
465,-4.143338203430176,2.0411717891693115,-0.00017664529150351882,0.03234152868390083,0.03234152868390083,1.0,-3.0,success
466,-4.143230438232422,2.042201042175293,-0.0001766444620443508,0.032339975237846375,0.032339975237846375,1.0,-3.0,success
467,-4.143120288848877,2.043229818344116,-0.00017664601909928024,0.032333001494407654,0.032333001494407654,1.0,-3.0,success
468,-4.143008232116699,2.0442585945129395,-0.00017666186613496393,0.03233940154314041,0.03233940154314041,1.0,3.0,success
469,-4.142895698547363,2.0452873706817627,-0.00017665894120000303,0.032341018319129944,0.032341018319129944,1.0,3.0,success
470,-4.142786026000977,2.046316623687744,-0.0001766548230079934,0.03234623745083809,0.03234623745083809,1.0,3.0,success
471,-4.142678737640381,2.047346353530884,-0.00017664862389210612,0.032353244721889496,0.032353244721889496,1.0,3.0,success
472,-4.142574310302734,2.0483760833740234,-0.00017664078040979803,0.03234410285949707,0.03234410285949707,1.0,3.0,success
473,-4.1424713134765625,2.049406051635742,-0.00017662027676124126,0.03234703838825226,0.03234703838825226,1.0,-3.0,success
474,-4.142368316650391,2.0504355430603027,-0.00017661815218161792,0.03233221173286438,0.03233221173286438,1.0,-3.0,success
475,-4.142262935638428,2.0514650344848633,-0.00017661869060248137,0.03233971446752548,0.03233971446752548,1.0,-3.0,success
476,-4.142154693603516,2.0524940490722656,-0.00017662235768511891,0.03233412280678749,0.03233412280678749,1.0,-3.0,success
477,-4.142045497894287,2.053522825241089,-0.00017663971811998636,0.03232984244823456,0.03232984244823456,1.0,3.0,success
478,-4.141935348510742,2.0545520782470703,-0.00017663808830548078,0.03234781697392464,0.03234781697392464,1.0,3.0,success
479,-4.141827583312988,2.055581569671631,-0.00017663500329945236,0.032347384840250015,0.032347384840250015,1.0,3.0,success
480,-4.141723155975342,2.0566112995147705,-0.00017662972095422447,0.03234410285949707,0.03234410285949707,1.0,3.0,success
481,-4.141619682312012,2.0576412677764893,-0.00017661150195635855,0.032348524779081345,0.032348524779081345,1.0,-3.0,success
482,-4.141517162322998,2.05867075920105,-0.00017661124002188444,0.03233072906732559,0.03233072906732559,1.0,-3.0,success
483,-4.141412734985352,2.0597002506256104,-0.00017662468599155545,0.03233669325709343,0.03233669325709343,1.0,3.0,success
484,-4.141307830810547,2.06072998046875,-0.0001766203495208174,0.03234561160206795,0.03234561160206795,1.0,3.0,success
485,-4.141205787658691,2.0617599487304688,-0.00017661503807175905,0.03234408423304558,0.03234408423304558,1.0,3.0,success
486,-4.1411051750183105,2.0627901554107666,-0.00017659686272963881,0.03234712406992912,0.03234712406992912,1.0,-3.0,success
487,-4.14100456237793,2.0638201236724854,-0.00017659652803558856,0.032339710742235184,0.032339710742235184,1.0,-3.0,success
488,-4.140901565551758,2.064849615097046,-0.0001765984925441444,0.03233221173286438,0.03233221173286438,1.0,-3.0,success
489,-4.140797138214111,2.0658791065216064,-0.00017661442689131945,0.03233669325709343,0.03233669325709343,1.0,3.0,success
490,-4.140691757202148,2.066908836364746,-0.00017661202582530677,0.03234712406992912,0.03234712406992912,1.0,3.0,success
491,-4.140589714050293,2.067938804626465,-0.00017660827143117785,0.03234408423304558,0.03234408423304558,1.0,3.0,success
492,-4.1404900550842285,2.0689690113067627,-0.00017660258163232356,0.03234424069523811,0.03234424069523811,1.0,3.0,success
493,-4.140392303466797,2.0699992179870605,-0.00017658411525189877,0.03233855590224266,0.03233855590224266,1.0,-3.0,success
494,-4.140294075012207,2.0710294246673584,-0.00017658337310422212,0.03233996778726578,0.03233996778726578,1.0,-3.0,success
495,-4.140194892883301,2.072059392929077,-0.00017659648437984288,0.032335393130779266,0.032335393130779266,1.0,3.0,success
496,-4.140095233917236,2.073089599609375,-0.0001765921915648505,0.03234424069523811,0.03234424069523811,1.0,3.0,success
497,-4.139997959136963,2.074120044708252,-0.00017658686556387693,0.03234456852078438,0.03234456852078438,1.0,3.0,success
498,-4.139904022216797,2.075150728225708,-0.00017658004071563482,0.03234235569834709,0.03234235569834709,1.0,3.0,success
499,-4.139811038970947,2.076181411743164,-0.0001765606430126354,0.032339662313461304,0.032339662313461304,1.0,-3.0,success
500,-4.139718055725098,2.07721209526062,-0.000176558896782808,0.032339662313461304,0.032339662313461304,1.0,-3.0,success
501,-4.139622211456299,2.078242301940918,-0.00017655975534580648,0.03233298286795616,0.03233298286795616,1.0,-3.0,success
502,-4.139525413513184,2.079272508621216,-0.00017657472926657647,0.03233575448393822,0.03233575448393822,1.0,3.0,success
503,-4.13942813873291,2.0803029537200928,-0.00017657196440268308,0.03234456852078438,0.03234456852078438,1.0,3.0,success
504,-4.139333248138428,2.081333637237549,-0.00017656790441833436,0.03234507143497467,0.03234507143497467,1.0,3.0,success
505,-4.139240264892578,2.082364320755005,-0.000176550995092839,0.032339662313461304,0.032339662313461304,1.0,-3.0,success
506,-4.1391472816467285,2.083394765853882,-0.0001765513006830588,0.032332245260477066,0.032332245260477066,1.0,-3.0,success
507,-4.13905143737793,2.084425210952759,-0.00017655378906056285,0.0323403999209404,0.0323403999209404,1.0,-3.0,success
508,-4.138954162597656,2.0854554176330566,-0.00017656989803072065,0.03233715146780014,0.03233715146780014,1.0,3.0,success
509,-4.138856887817383,2.0864856243133545,-0.00017656803538557142,0.03233715146780014,0.03233715146780014,1.0,3.0,success
510,-4.1387619972229,2.0875163078308105,-0.00017656471754889935,0.03234507143497467,0.03234507143497467,1.0,3.0,success
511,-4.138669013977051,2.0885472297668457,-0.00017654849216341972,0.03234708309173584,0.03234708309173584,1.0,-3.0,success
512,-4.138575553894043,2.0895776748657227,-0.00017654933617450297,0.03233358636498451,0.03233358636498451,1.0,-3.0,success
513,-4.138481140136719,2.0906081199645996,-0.00017656359705142677,0.032336290925741196,0.032336290925741196,1.0,3.0,success
514,-4.138386249542236,2.0916388034820557,-0.00017656045383773744,0.03234507143497467,0.03234507143497467,1.0,3.0,success
515,-4.138294219970703,2.0926694869995117,-0.00017655608826316893,0.0323369987308979,0.0323369987308979,1.0,3.0,success
516,-4.138204097747803,2.093700647354126,-0.00017653897521086037,0.03234659507870674,0.03234659507870674,1.0,-3.0,success
517,-4.138113021850586,2.094731330871582,-0.00017653896065894514,0.03233436122536659,0.03233436122536659,1.0,-3.0,success
518,-4.138020038604736,2.095761775970459,-0.00017654117255005985,0.032332245260477066,0.032332245260477066,1.0,-3.0,success
519,-4.137925148010254,2.096792221069336,-0.00017655703413765877,0.03233765438199043,0.03233765438199043,1.0,3.0,success
520,-4.1378302574157715,2.097822904586792,-0.00017655511328484863,0.03234507143497467,0.03234507143497467,1.0,3.0,success
521,-4.137738227844238,2.098853588104248,-0.00017655173724051565,0.0323369987308979,0.0323369987308979,1.0,3.0,success
522,-4.13764762878418,2.0998847484588623,-0.00017653552640695125,0.0323478989303112,0.0323478989303112,1.0,-3.0,success
523,-4.137557029724121,2.1009154319763184,-0.00017653625400271267,0.032333049923181534,0.032333049923181534,1.0,-3.0,success
524,-4.137463569641113,2.1019458770751953,-0.0001765390479704365,0.03233358636498451,0.03233358636498451,1.0,-3.0,success
525,-4.137368679046631,2.1029763221740723,-0.0001765553024597466,0.03233765438199043,0.03233765438199043,1.0,3.0,success
526,-4.137273788452148,2.1040070056915283,-0.0001765537163009867,0.03234507143497467,0.03234507143497467,1.0,3.0,success
527,-4.137181758880615,2.1050376892089844,-0.00017655060219112784,0.0323369987308979,0.0323369987308979,1.0,3.0,success
528,-4.137091159820557,2.1060688495635986,-0.00017653463874012232,0.0323478989303112,0.0323478989303112,1.0,-3.0,success
529,-4.137000560760498,2.1070995330810547,-0.0001765355555107817,0.032333049923181534,0.032333049923181534,1.0,-3.0,success
530,-4.13690710067749,2.1081299781799316,-0.0001765384804457426,0.03233358636498451,0.03233358636498451,1.0,-3.0,success
531,-4.136812210083008,2.1091604232788086,-0.0001765548367984593,0.03233765438199043,0.03233765438199043,1.0,3.0,success
532,-4.136717319488525,2.1101911067962646,-0.00017655333795119077,0.03234507143497467,0.03234507143497467,1.0,3.0,success
533,-4.136625289916992,2.1112217903137207,-0.00017655029660090804,0.0323369987308979,0.0323369987308979,1.0,3.0,success
534,-4.136534690856934,2.112252950668335,-0.00017653440590947866,0.0323478989303112,0.0323478989303112,1.0,-3.0,success
535,-4.136443614959717,2.113283634185791,-0.00017653536633588374,0.03233436122536659,0.03233436122536659,1.0,-3.0,success
536,-4.136351585388184,2.114314317703247,-0.00017654968542046845,0.0323369987308979,0.0323369987308979,1.0,3.0,success
537,-4.13625955581665,2.115345001220703,-0.00017654676048550755,0.0323369987308979,0.0323369987308979,1.0,3.0,success
538,-4.136169910430908,2.1163761615753174,-0.00017654255498200655,0.032345302402973175,0.032345302402973175,1.0,3.0,success
539,-4.136082172393799,2.1174073219299316,-0.00017652566020842642,0.032340191304683685,0.032340191304683685,1.0,-3.0,success
540,-4.135993957519531,2.118438243865967,-0.00017652566020842642,0.032334037125110626,0.032334037125110626,1.0,-3.0,success
541,-4.135904312133789,2.119469165802002,-0.00017653932445682585,0.03233787789940834,0.03233787789940834,1.0,3.0,success
542,-4.135814666748047,2.120500326156616,-0.00017653600662015378,0.032345302402973175,0.032345302402973175,1.0,3.0,success
543,-4.135727882385254,2.1215314865112305,-0.00017653148097451776,0.03233768418431282,0.03233768418431282,1.0,3.0,success
544,-4.13564395904541,2.122563123703003,-0.00017652555834501982,0.032345157116651535,0.032345157116651535,1.0,3.0,success
545,-4.135560989379883,2.1235945224761963,-0.00017650719382800162,0.03233532980084419,0.03233532980084419,1.0,-3.0,success
546,-4.1354780197143555,2.1246259212493896,-0.00017650573863647878,0.03233532980084419,0.03233532980084419,1.0,-3.0,success
547,-4.135392189025879,2.125657081604004,-0.00017650680092629045,0.03233519569039345,0.03233519569039345,1.0,-3.0,success
548,-4.135304927825928,2.126688241958618,-0.00017652168753556907,0.032338935881853104,0.032338935881853104,1.0,3.0,success
549,-4.135217666625977,2.1277194023132324,-0.00017651937378104776,0.032338935881853104,0.032338935881853104,1.0,3.0,success
550,-4.135133266448975,2.128751039505005,-0.00017651569214649498,0.032346371561288834,0.032346371561288834,1.0,3.0,success
551,-4.135050296783447,2.1297824382781982,-0.0001764993357937783,0.03233532980084419,0.03233532980084419,1.0,-3.0,success
552,-4.134966850280762,2.1308138370513916,-0.00017649958317633718,0.03233652561903,0.03233652561903,1.0,-3.0,success
553,-4.134881019592285,2.131844997406006,-0.00017650196969043463,0.03233519569039345,0.03233519569039345,1.0,-3.0,success
554,-4.134792327880859,2.132875919342041,-0.0001765065244399011,0.0323353111743927,0.0323353111743927,1.0,-3.0,success
555,-4.134702205657959,2.133906841278076,-0.00017652392853051424,0.032339174300432205,0.032339174300432205,1.0,3.0,success
556,-4.134612083435059,2.1349377632141113,-0.0001765234483173117,0.032339174300432205,0.032339174300432205,1.0,3.0,success
557,-4.134525299072266,2.1359691619873047,-0.00017652125097811222,0.032345108687877655,0.032345108687877655,1.0,3.0,success
558,-4.134440898895264,2.137000560760498,-0.00017651724920142442,0.032338947057724,0.032338947057724,1.0,3.0,success
559,-4.134357929229736,2.1380321979522705,-0.00017650064546614885,0.03234275430440903,0.03234275430440903,1.0,-3.0,success
560,-4.134274959564209,2.139063596725464,-0.00017650058725848794,0.03233532980084419,0.03233532980084419,1.0,-3.0,success
561,-4.134190082550049,2.140094757080078,-0.00017651419329922646,0.03233273699879646,0.03233273699879646,1.0,3.0,success
562,-4.134105682373047,2.1411261558532715,-0.00017651109374128282,0.032338947057724,0.032338947057724,1.0,3.0,success
563,-4.134023666381836,2.142157793045044,-0.00017650677182246,0.03234037756919861,0.03234037756919861,1.0,3.0,success
564,-4.133943557739258,2.1431896686553955,-0.00017648992070462555,0.03234313800930977,0.03234313800930977,1.0,-3.0,success
565,-4.133862495422363,2.1442203521728516,-0.00017211040540132672,0.032308612018823624,0.032308321446180344,1.0,-3.0,success
566,-4.1337785720825195,2.1452512741088867,-0.00017276201106142253,0.03232288733124733,0.03232287988066673,1.0,-3.0,success
567,-4.133693695068359,2.146282196044922,-0.00017351344285998493,0.032325319945812225,0.03232531249523163,1.0,3.0,success
568,-4.133609294891357,2.147313356399536,-0.00017411139560863376,0.032331522554159164,0.03233151510357857,1.0,3.0,success
569,-4.1335272789001465,2.1483449935913086,-0.0001745881891110912,0.03234038129448891,0.03234037756919861,1.0,3.0,success
570,-4.13344669342041,2.149376630783081,-0.00017495614883955568,0.03233686834573746,0.03233686834573746,1.0,-3.0,success
571,-4.133365631103516,2.1504080295562744,-0.00017526345618534833,0.03233060613274574,0.032330602407455444,1.0,-3.0,success
572,-4.13328218460083,2.1514391899108887,-0.00017551130440551788,0.032329101115465164,0.032329101115465164,1.0,-3.0,success
573,-4.13319730758667,2.152470350265503,-0.00017572322394698858,0.03233273699879646,0.03233273699879646,1.0,3.0,success
574,-4.13311243057251,2.1535017490386963,-0.00017587859474588186,0.032340165227651596,0.032340165227651596,1.0,3.0,success
575,-4.133030414581299,2.1545333862304688,-0.00017600097635295242,0.03234037756919861,0.03234037756919861,1.0,3.0,success
576,-4.1329498291015625,2.155565023422241,-0.0001760856102919206,0.03233686834573746,0.03233686834573746,1.0,-3.0,success
577,-4.132869243621826,2.1565966606140137,-0.00017616641707718372,0.03233686834573746,0.03233686834573746,1.0,-3.0,success
578,-4.132786750793457,2.157628059387207,-0.00017624457541387528,0.032334137707948685,0.032334137707948685,1.0,3.0,success
579,-4.132704734802246,2.1586596965789795,-0.00017629320791456848,0.03234037756919861,0.03234037756919861,1.0,3.0,success
580,-4.132625579833984,2.159691572189331,-0.0001763302570907399,0.032340846955776215,0.032340846955776215,1.0,3.0,success
581,-4.132547855377197,2.1607234477996826,-0.00017634658433962613,0.032337456941604614,0.032337456941604614,1.0,-3.0,success
582,-4.132469654083252,2.161755084991455,-0.00017637264681980014,0.03233115002512932,0.03233115002512932,1.0,-3.0,success
583,-4.132388114929199,2.1627867221832275,-0.00017639566794969141,0.03233920410275459,0.03233920410275459,1.0,-3.0,success
584,-4.13230562210083,2.163818120956421,-0.00017642785678617656,0.032334137707948685,0.032334137707948685,1.0,3.0,success
585,-4.132223606109619,2.1648497581481934,-0.00017643964383751154,0.03234037756919861,0.03234037756919861,1.0,3.0,success
586,-4.132144451141357,2.165881633758545,-0.00017644725448917598,0.032340846955776215,0.032340846955776215,1.0,3.0,success
587,-4.132068157196045,2.1669137477874756,-0.000176451270817779,0.03234156221151352,0.03234156221151352,1.0,3.0,success
588,-4.131994247436523,2.1679458618164062,-0.00017645243497099727,0.03233615309000015,0.03233615309000015,1.0,3.0,success
589,-4.131921768188477,2.168978214263916,-0.00017643994942773134,0.03234042599797249,0.03234042599797249,1.0,-3.0,success
590,-4.131848335266113,2.1700103282928467,-0.0001764426997397095,0.03233509138226509,0.03233509138226509,1.0,-3.0,success
591,-4.131772041320801,2.1710422039031982,-0.000176447065314278,0.032334133982658386,0.032334133982658386,1.0,-3.0,success
592,-4.131694793701172,2.17207407951355,-0.00017646438209339976,0.032336343079805374,0.032336343079805374,1.0,3.0,success
593,-4.131618022918701,2.1731059551239014,-0.00017646451306063682,0.03233523294329643,0.03233523294329643,1.0,3.0,success
594,-4.1315436363220215,2.174138307571411,-0.00017646279593463987,0.03234465420246124,0.03234465420246124,1.0,3.0,success
595,-4.131471157073975,2.175170660018921,-0.00017644827312324196,0.03234042599797249,0.03234042599797249,1.0,-3.0,success
596,-4.131397724151611,2.1762027740478516,-0.00017644949548412114,0.03233509138226509,0.03233509138226509,1.0,-3.0,success
597,-4.131321430206299,2.177234649658203,-0.00017645260959398001,0.032334133982658386,0.032334133982658386,1.0,-3.0,success
598,-4.131243705749512,2.1782662868499756,-0.0001764687622198835,0.03233002871274948,0.03233002871274948,1.0,3.0,success
599,-4.131166934967041,2.1792984008789062,-0.00017646793276071548,0.032342664897441864,0.032342664897441864,1.0,3.0,success
600,-4.131091117858887,2.180330514907837,-0.00017645451589487493,0.03234046697616577,0.03234046697616577,1.0,-3.0,success
601,-4.131014823913574,2.1813623905181885,-0.00017645682964939624,0.032334133982658386,0.032334133982658386,1.0,-3.0,success
602,-4.130937576293945,2.18239426612854,-0.0001764720946084708,0.032336343079805374,0.032336343079805374,1.0,3.0,success
603,-4.130860328674316,2.1834261417388916,-0.00017647063941694796,0.032336343079805374,0.032336343079805374,1.0,3.0,success
604,-4.130786418914795,2.1844584941864014,-0.0001764676853781566,0.03234358876943588,0.03234358876943588,1.0,3.0,success
605,-4.13071346282959,2.185490846633911,-0.00017645223124418408,0.03234146907925606,0.03234146907925606,1.0,-3.0,success
606,-4.130640029907227,2.186522960662842,-0.00017645266780164093,0.03233509138226509,0.03233509138226509,1.0,-3.0,success
607,-4.130565166473389,2.1875548362731934,-0.00017646659398451447,0.032330866903066635,0.032330866903066635,1.0,3.0,success
608,-4.130490779876709,2.188586950302124,-0.00017646422202233225,0.03233722224831581,0.03233722224831581,1.0,3.0,success
609,-4.130417823791504,2.189619302749634,-0.00017644945182837546,0.03234146907925606,0.03234146907925606,1.0,-3.0,success
610,-4.130344390869141,2.1906514167785645,-0.00017645051411818713,0.03233509138226509,0.03233509138226509,1.0,-3.0,success
611,-4.130268096923828,2.191683292388916,-0.00017645348270889372,0.032334133982658386,0.032334133982658386,1.0,-3.0,success
612,-4.130190372467041,2.1927151679992676,-0.00017646940250415355,0.032337456941604614,0.032337456941604614,1.0,3.0,success
613,-4.13011360168457,2.193747043609619,-0.00017646841297391802,0.03233523294329643,0.03233523294329643,1.0,3.0,success
614,-4.130037784576416,2.19477915763855,-0.00017645493790041655,0.03234046697616577,0.03234046697616577,1.0,-3.0,success
615,-4.1299614906311035,2.1958110332489014,-0.00017645717889536172,0.032334133982658386,0.032334133982658386,1.0,-3.0,success
616,-4.1298828125,2.196842908859253,-0.00017646110791247338,0.032339710742235184,0.032339710742235184,1.0,-3.0,success
617,-4.129801273345947,2.1978743076324463,-0.00017646663764026016,0.03233177587389946,0.03233177587389946,1.0,-3.0,success
618,-4.12971830368042,2.1989057064056396,-0.00017648444918449968,0.03233532980084419,0.03233532980084419,1.0,3.0,success
619,-4.129636287689209,2.199937343597412,-0.0001764847111189738,0.03234037756919861,0.03234037756919861,1.0,3.0,success
620,-4.129556655883789,2.2009692192077637,-0.00017648313951212913,0.03234199061989784,0.03234199061989784,1.0,3.0,success
621,-4.129478454589844,2.2020010948181152,-0.00017646892229095101,0.03233858197927475,0.03233858197927475,1.0,-3.0,success
622,-4.12939977645874,2.203032970428467,-0.00017647059576120228,0.032339710742235184,0.032339710742235184,1.0,-3.0,success
623,-4.129318714141846,2.20406436920166,-0.00017647405911702663,0.032330602407455444,0.032330602407455444,1.0,-3.0,success
624,-4.129236221313477,2.2050957679748535,-0.0001764904154697433,0.032334137707948685,0.032334137707948685,1.0,3.0,success
625,-4.129154205322266,2.206127405166626,-0.0001764895860105753,0.03234037756919861,0.03234037756919861,1.0,3.0,success
626,-4.129074573516846,2.2071592807769775,-0.0001764871267369017,0.03234199061989784,0.03234199061989784,1.0,3.0,success
627,-4.128998279571533,2.208191394805908,-0.00017648309585638344,0.03234156221151352,0.03234156221151352,1.0,3.0,success
628,-4.128922939300537,2.209223508834839,-0.00017646666674409062,0.03233937919139862,0.03233937919139862,1.0,-3.0,success
629,-4.128847122192383,2.2102553844451904,-0.0001764663466019556,0.03233303874731064,0.03233303874731064,1.0,-3.0,success
630,-4.128769874572754,2.211287260055542,-0.0001764797343639657,0.032336343079805374,0.032336343079805374,1.0,3.0,success
631,-4.128693103790283,2.2123193740844727,-0.00017647685308475047,0.032342664897441864,0.032342664897441864,1.0,3.0,success
632,-4.128617286682129,2.2133514881134033,-0.00017646161722950637,0.03234046697616577,0.03234046697616577,1.0,-3.0,success
633,-4.128541469573975,2.214383363723755,-0.00017646241758484393,0.03233303874731064,0.03233303874731064,1.0,-3.0,success
634,-4.128464221954346,2.2154152393341064,-0.00017647659115027636,0.032336343079805374,0.032336343079805374,1.0,3.0,success
635,-4.128386974334717,2.216447114944458,-0.00017647429194767028,0.032336343079805374,0.032336343079805374,1.0,3.0,success
636,-4.128313064575195,2.2174794673919678,-0.00017647062486503273,0.03234358876943588,0.03234358876943588,1.0,3.0,success
637,-4.128241539001465,2.2185118198394775,-0.00017646574997343123,0.032338351011276245,0.032338351011276245,1.0,3.0,success
638,-4.128171920776367,2.2195441722869873,-0.00017644859326537699,0.03233428671956062,0.03233428671956062,1.0,-3.0,success
639,-4.128100872039795,2.220576524734497,-0.00017644753097556531,0.03233732283115387,0.03233732283115387,1.0,-3.0,success
640,-4.128026962280273,2.2216086387634277,-0.0001764488115441054,0.03233615309000015,0.03233615309000015,1.0,-3.0,success
641,-4.1279520988464355,2.2226407527923584,-0.00017646353808231652,0.03233829513192177,0.03233829513192177,1.0,3.0,success
642,-4.127877712249756,2.223672866821289,-0.00017646170454099774,0.03233722224831581,0.03233722224831581,1.0,3.0,success
643,-4.127804756164551,2.224705219268799,-0.0001764474145602435,0.03234146907925606,0.03234146907925606,1.0,-3.0,success
644,-4.1277313232421875,2.2257370948791504,-0.00017644892795942724,0.03232765942811966,0.03232765942811966,1.0,-3.0,success
645,-4.127655029296875,2.226769208908081,-0.0001764522457960993,0.03234156221151352,0.03234156221151352,1.0,-3.0,success
646,-4.127575874328613,2.2278008460998535,-0.00017645723710302263,0.03233341500163078,0.03233341500163078,1.0,-3.0,success
647,-4.127495288848877,2.228832483291626,-0.00017647464119363576,0.03233686834573746,0.03233686834573746,1.0,3.0,success
648,-4.127415657043457,2.2298643589019775,-0.00017647462664172053,0.03234199061989784,0.03234199061989784,1.0,3.0,success
649,-4.127338886260986,2.230896234512329,-0.0001764728658599779,0.03233523294329643,0.03233523294329643,1.0,3.0,success
650,-4.12726354598999,2.2319283485412598,-0.00017645851767156273,0.03233937919139862,0.03233937919139862,1.0,-3.0,success
651,-4.127187252044678,2.2329602241516113,-0.0001764599874150008,0.032334133982658386,0.032334133982658386,1.0,-3.0,success
652,-4.127108573913574,2.233992099761963,-0.00017646329069975764,0.032339710742235184,0.032339710742235184,1.0,-3.0,success
653,-4.1270270347595215,2.2350234985351562,-0.0001764683547662571,0.03233177587389946,0.03233177587389946,1.0,-3.0,success
654,-4.126943111419678,2.2360548973083496,-0.00017647484492044896,0.0323377326130867,0.0323377326130867,1.0,-3.0,success
655,-4.126857757568359,2.237086057662964,-0.00017649339861236513,0.03233396261930466,0.03233396261930466,1.0,3.0,success
656,-4.126772880554199,2.2381174564361572,-0.0001764940971042961,0.032340165227651596,0.032340165227651596,1.0,3.0,success
657,-4.126689434051514,2.2391490936279297,-0.00017648223729338497,0.03234395384788513,0.03234395384788513,1.0,-3.0,success
658,-4.12660551071167,2.240180253982544,-0.00017648616631049663,0.03233030438423157,0.03233030438423157,1.0,-3.0,success
659,-4.126519203186035,2.241211414337158,-0.0001764914341038093,0.032336436212062836,0.032336436212062836,1.0,-3.0,success
660,-4.126431465148926,2.2422425746917725,-0.000176509129232727,0.032340191304683685,0.032340191304683685,1.0,3.0,success
661,-4.126344203948975,2.2432737350463867,-0.000176509129232727,0.032338935881853104,0.032338935881853104,1.0,3.0,success
662,-4.126258373260498,2.24430513381958,-0.00017649662913754582,0.03234262019395828,0.03234262019395828,1.0,-3.0,success
663,-4.126172065734863,2.2453362941741943,-0.0001765001070452854,0.032336436212062836,0.032336436212062836,1.0,-3.0,success
664,-4.1260833740234375,2.2463672161102295,-0.00017650505469646305,0.0323353111743927,0.0323353111743927,1.0,-3.0,success
665,-4.125992298126221,2.2473978996276855,-0.00017651167581789196,0.03233436122536659,0.03233436122536659,1.0,-3.0,success
666,-4.125899791717529,2.2484283447265625,-0.00017653049144428223,0.03233090415596962,0.03233090415596962,1.0,3.0,success
667,-4.12580680847168,2.2494592666625977,-0.0001765310880728066,0.03234708309173584,0.03234708309173584,1.0,3.0,success
668,-4.125715732574463,2.250490188598633,-0.00017651915550231934,0.03234178200364113,0.03234178200364113,1.0,-3.0,success
669,-4.125625133514404,2.251520872116089,-0.00017652336100582033,0.032333049923181534,0.032333049923181534,1.0,-3.0,success
670,-4.125531196594238,2.252551317214966,-0.0001765288907336071,0.032334934920072556,0.032334934920072556,1.0,-3.0,success
671,-4.125436305999756,2.2535817623138428,-0.00017654697876423597,0.03233765438199043,0.03233765438199043,1.0,3.0,success
672,-4.125341415405273,2.254612445831299,-0.00017654690600465983,0.03234507143497467,0.03234507143497467,1.0,3.0,success
673,-4.125247955322266,2.255643129348755,-0.00017653436225373298,0.03234100341796875,0.03234100341796875,1.0,-3.0,success
674,-4.125154495239258,2.256673574447632,-0.0001765382185112685,0.03233358636498451,0.03233358636498451,1.0,-3.0,success
675,-4.125058174133301,2.2577037811279297,-0.0001765434572007507,0.03233436495065689,0.03233436495065689,1.0,-3.0,success
676,-4.124959468841553,2.2587339878082275,-0.00017655051487963647,0.03234138712286949,0.03234138712286949,1.0,-3.0,success
677,-4.124859809875488,2.259763717651367,-0.00017656988347880542,0.032329410314559937,0.032329410314559937,1.0,3.0,success
678,-4.124759197235107,2.260793924331665,-0.00017657050921116024,0.03234712406992912,0.03234712406992912,1.0,3.0,success
679,-4.124660491943359,2.261824131011963,-0.0001765586348483339,0.03234138712286949,0.03234138712286949,1.0,-3.0,success
680,-4.1245622634887695,2.2628543376922607,-0.00017656329146120697,0.03233996778726578,0.03233996778726578,1.0,-3.0,success
681,-4.1244611740112305,2.2638840675354004,-0.00017656918498687446,0.032333746552467346,0.032333746552467346,1.0,-3.0,success
682,-4.124359130859375,2.26491379737854,-0.00017658773867879063,0.03233667090535164,0.03233667090535164,1.0,3.0,success
683,-4.124256134033203,2.265943765640259,-0.00017658763681538403,0.03234703838825226,0.03234703838825226,1.0,3.0,success
684,-4.124155044555664,2.2669737339019775,-0.0001765751076163724,0.032341159880161285,0.032341159880161285,1.0,-3.0,success
685,-4.124054431915283,2.268003463745117,-0.0001765793567756191,0.032332293689250946,0.032332293689250946,1.0,-3.0,success
686,-4.123950958251953,2.269033193588257,-0.00017658493015915155,0.032341111451387405,0.032341111451387405,1.0,-3.0,success
687,-4.123845100402832,2.2700624465942383,-0.00017659246805123985,0.032333824783563614,0.032333824783563614,1.0,-3.0,success
688,-4.123737812042236,2.2710914611816406,-0.00017661238962318748,0.03233101963996887,0.03233101963996887,1.0,3.0,success
689,-4.123630046844482,2.272120952606201,-0.000176613059011288,0.032347384840250015,0.032347384840250015,1.0,3.0,success
690,-4.123523712158203,2.273150682449341,-0.00017660124285612255,0.032350171357393265,0.032350171357393265,1.0,-3.0,success
691,-4.123417854309082,2.2741799354553223,-0.00017660637968219817,0.032333824783563614,0.032333824783563614,1.0,-3.0,success
692,-4.12330961227417,2.2752089500427246,-0.00017661263700574636,0.03233412280678749,0.03233412280678749,1.0,-3.0,success
693,-4.123199939727783,2.276237964630127,-0.0001766316854627803,0.03233882784843445,0.03233882784843445,1.0,3.0,success
694,-4.12308931350708,2.2772669792175293,-0.00017663152539171278,0.03234200179576874,0.03234200179576874,1.0,3.0,success
695,-4.12298059463501,2.27829647064209,-0.00017661899619270116,0.03235050290822983,0.03235050290822983,1.0,-3.0,success
696,-4.122872829437256,2.279325485229492,-0.00017662371101323515,0.032332565635442734,0.032332565635442734,1.0,-3.0,success
697,-4.1227617263793945,2.2803542613983154,-0.00017662960453890264,0.03233618661761284,0.03233618661761284,1.0,-3.0,success
698,-4.1226487159729,2.2813827991485596,-0.00017663760809227824,0.03233523666858673,0.03233523666858673,1.0,-3.0,success
699,-4.122533798217773,2.2824110984802246,-0.00017665809718891978,0.03233439475297928,0.03233439475297928,1.0,3.0,success
700,-4.122418403625488,2.283439874649048,-0.00017665878112893552,0.03235086426138878,0.03235086426138878,1.0,3.0,success
701,-4.122304439544678,2.284468650817871,-0.000176647023181431,0.032345909625291824,0.032345909625291824,1.0,-3.0,success
702,-4.122191905975342,2.285496473312378,-0.00017227222269866616,0.032311681658029556,0.032311391085386276,1.0,-3.0,success
703,-4.122077465057373,2.286524534225464,-0.0001729399082250893,0.032325346022844315,0.03232533857226372,1.0,3.0,success
704,-4.121962547302246,2.287552833557129,-0.00017367464897688478,0.032334405928850174,0.03233439475297928,1.0,3.0,success
705,-4.12185001373291,2.288581609725952,-0.00017427155398763716,0.03234102204442024,0.032341018319129944,1.0,3.0,success
706,-4.121739387512207,2.2896106243133545,-0.00017473523621447384,0.032342005521059036,0.03234200179576874,1.0,-3.0,success
707,-4.121628761291504,2.2906394004821777,-0.00017512068734504282,0.032334595918655396,0.0323345921933651,1.0,-3.0,success
708,-4.121516227722168,2.2916676998138428,-0.00017543102148920298,0.03232621029019356,0.03232620656490326,1.0,-3.0,success
709,-4.121401786804199,2.292695999145508,-0.00017569369811099023,0.03233274444937706,0.03233274072408676,1.0,3.0,success
710,-4.121286392211914,2.293724775314331,-0.00017588796617928892,0.03235086426138878,0.03235086426138878,1.0,3.0,success
711,-4.121174335479736,2.2947535514831543,-0.00017604150343686342,0.03233940154314041,0.03233940154314041,1.0,3.0,success
712,-4.12106466293335,2.2957828044891357,-0.0001761613239068538,0.03234623745083809,0.03234623745083809,1.0,3.0,success
713,-4.1209564208984375,2.2968122959136963,-0.00017624293104745448,0.032348938286304474,0.032348938286304474,1.0,-3.0,success
714,-4.120848655700684,2.2978413105010986,-0.00017632273375056684,0.032332565635442734,0.032332565635442734,1.0,-3.0,success
715,-4.120739459991455,2.298870325088501,-0.00017640019359532744,0.0323372520506382,0.0323372520506382,1.0,3.0,success
716,-4.120629787445068,2.2998995780944824,-0.0001764467597240582,0.03234623745083809,0.03234623745083809,1.0,3.0,success
717,-4.120522499084473,2.300929069519043,-0.0001764821499818936,0.032345838844776154,0.032345838844776154,1.0,3.0,success
718,-4.120418071746826,2.3019587993621826,-0.000176507601281628,0.03234410285949707,0.03234410285949707,1.0,3.0,success
719,-4.120315074920654,2.3029885292053223,-0.0001765137567417696,0.03233962506055832,0.03233962506055832,1.0,-3.0,success
720,-4.120212078094482,2.304018259048462,-0.00017653295071795583,0.03233962506055832,0.03233962506055832,1.0,-3.0,success
721,-4.1201066970825195,2.3050475120544434,-0.00017655054398346692,0.03233230113983154,0.03233230113983154,1.0,-3.0,success
722,-4.119998455047607,2.306076765060425,-0.00017656783165875822,0.03234152868390083,0.03234152868390083,1.0,-3.0,success
723,-4.119887828826904,2.307105541229248,-0.00017658491560723633,0.0323345921933651,0.0323345921933651,1.0,-3.0,success
724,-4.119775772094727,2.308134078979492,-0.00017661286983639002,0.03233199566602707,0.03233199566602707,1.0,3.0,success
725,-4.119662761688232,2.3091630935668945,-0.0001766195346135646,0.032350048422813416,0.032350048422813416,1.0,3.0,success
726,-4.119553089141846,2.310192346572876,-0.00017662309983279556,0.03234623745083809,0.03234623745083809,1.0,3.0,success
727,-4.119444370269775,2.3112215995788574,-0.00017661220044828951,0.03234309330582619,0.03234309330582619,1.0,-3.0,success
728,-4.1193366050720215,2.312250852584839,-0.00017661812307778746,0.032339975237846375,0.032339975237846375,1.0,-3.0,success
729,-4.119225978851318,2.313279628753662,-0.00017662503523752093,0.0323345921933651,0.0323345921933651,1.0,-3.0,success
730,-4.119112491607666,2.3143081665039062,-0.00017663386825006455,0.03233686834573746,0.03233686834573746,1.0,-3.0,success
731,-4.118996620178223,2.3153364658355713,-0.00017664431652519852,0.03233771771192551,0.03233771771192551,1.0,-3.0,success
732,-4.118879795074463,2.3163645267486572,-0.00017666684288997203,0.03233366832137108,0.03233366832137108,1.0,3.0,success
733,-4.1187615394592285,2.3173928260803223,-0.00017666893836576492,0.03234614431858063,0.03234614431858063,1.0,3.0,success
734,-4.118646621704102,2.3184216022491455,-0.00017666890926193446,0.032349202781915665,0.032349202781915665,1.0,3.0,success
735,-4.118532657623291,2.3194503784179688,-0.0001766551285982132,0.032345909625291824,0.032345909625291824,1.0,-3.0,success
736,-4.118419647216797,2.320478916168213,-0.00017665901395957917,0.03233523666858673,0.03233523666858673,1.0,-3.0,success
737,-4.118304252624512,2.321507215499878,-0.00017666425264906138,0.032336052507162094,0.032336052507162094,1.0,-3.0,success
738,-4.118187427520752,2.322535276412964,-0.000176682835444808,0.03233366832137108,0.03233366832137108,1.0,3.0,success
739,-4.118069648742676,2.323563814163208,-0.00017668187501840293,0.03235184773802757,0.03235184773802757,1.0,3.0,success
740,-4.117954730987549,2.3245925903320312,-0.00017667938664089888,0.032349202781915665,0.032349202781915665,1.0,3.0,success
741,-4.117842674255371,2.3256216049194336,-0.00017667439533397555,0.03234681114554405,0.03234681114554405,1.0,3.0,success
742,-4.117733001708984,2.326650857925415,-0.00017666738131083548,0.03234623745083809,0.03234623745083809,1.0,3.0,success
743,-4.117626190185547,2.3276805877685547,-0.00017665878112893552,0.03235170617699623,0.03235170617699623,1.0,3.0,success
744,-4.1175217628479,2.3287103176116943,-0.0001766489731380716,0.03234410285949707,0.03234410285949707,1.0,3.0,success
745,-4.1174187660217285,2.329740285873413,-0.00017662673781160265,0.03234703838825226,0.03234703838825226,1.0,-3.0,success
746,-4.117316246032715,2.3307697772979736,-0.00017662315804045647,0.03233072906732559,0.03233072906732559,1.0,-3.0,success
747,-4.11721134185791,2.331799268722534,-0.00017662257596384734,0.03233819827437401,0.03233819827437401,1.0,-3.0,success
748,-4.117103099822998,2.3328282833099365,-0.0001766253262758255,0.03233412280678749,0.03233412280678749,1.0,-3.0,success
749,-4.1169939041137695,2.333857297897339,-0.00017664206097833812,0.0323372520506382,0.0323372520506382,1.0,3.0,success
750,-4.116883754730225,2.3348865509033203,-0.00017663995095063,0.03234781697392464,0.03234781697392464,1.0,3.0,success
751,-4.116775035858154,2.3359158039093018,-0.00017662554455455393,0.03234309330582619,0.03234309330582619,1.0,-3.0,success
752,-4.116666793823242,2.336944818496704,-0.00017662884783931077,0.03233412280678749,0.03233412280678749,1.0,-3.0,success
753,-4.116556167602539,2.3379738330841064,-0.0001766336354194209,0.03234200179576874,0.03234200179576874,1.0,-3.0,success
754,-4.116444110870361,2.3390023708343506,-0.0001766517962096259,0.03233199566602707,0.03233199566602707,1.0,3.0,success
755,-4.116331577301025,2.340031385421753,-0.000176650719367899,0.032348424196243286,0.032348424196243286,1.0,3.0,success
756,-4.1162214279174805,2.3410606384277344,-0.0001766481000231579,0.03234781697392464,0.03234781697392464,1.0,3.0,success
757,-4.116114616394043,2.342090129852295,-0.00017664313782006502,0.03234429657459259,0.03234429657459259,1.0,3.0,success
758,-4.1160101890563965,2.3431198596954346,-0.0001766362984199077,0.03234410285949707,0.03234410285949707,1.0,3.0,success
759,-4.115908145904541,2.3441498279571533,-0.0001766279892763123,0.03234408423304558,0.03234408423304558,1.0,3.0,success
760,-4.115808010101318,2.345180034637451,-0.00017660713638179004,0.03234567865729332,0.03234567865729332,1.0,-3.0,success
761,-4.1157073974609375,2.34621000289917,-0.00017660453158896416,0.032339710742235184,0.032339710742235184,1.0,-3.0,success
762,-4.11560583114624,2.3472397327423096,-0.00017661631864029914,0.03233520686626434,0.03233520686626434,1.0,3.0,success
763,-4.115503787994385,2.3482697010040283,-0.00017661084712017328,0.03234408423304558,0.03234408423304558,1.0,3.0,success
764,-4.1154046058654785,2.349299907684326,-0.00017660458979662508,0.032342810183763504,0.032342810183763504,1.0,3.0,success
765,-4.115306377410889,2.350330352783203,-0.00017658559954725206,0.032347384840250015,0.032347384840250015,1.0,-3.0,success
766,-4.115208625793457,2.351360321044922,-0.00017658447904977947,0.03233114257454872,0.03233114257454872,1.0,-3.0,success
767,-4.115108013153076,2.3523902893066406,-0.00017658581782598048,0.032339710742235184,0.032339710742235184,1.0,-3.0,success
768,-4.115004539489746,2.353419780731201,-0.00017658996512182057,0.032333698123693466,0.032333698123693466,1.0,-3.0,success
769,-4.1149001121521,2.3544492721557617,-0.00017660754383541644,0.03233669325709343,0.03233669325709343,1.0,3.0,success
770,-4.114795207977295,2.3554790019989014,-0.00017660637968219817,0.03234561160206795,0.03234561160206795,1.0,3.0,success
771,-4.114691257476807,2.356508731842041,-0.00017659278819337487,0.03234260529279709,0.03234260529279709,1.0,-3.0,success
772,-4.114588260650635,2.3575382232666016,-0.0001765964407240972,0.03233221173286438,0.03233221173286438,1.0,-3.0,success
773,-4.114482402801514,2.358567714691162,-0.00017660153389442712,0.032341234385967255,0.032341234385967255,1.0,-3.0,success
774,-4.114374160766602,2.3595967292785645,-0.0001766087516443804,0.03233412280678749,0.03233412280678749,1.0,-3.0,success
775,-4.114264488220215,2.3606255054473877,-0.0001766286150086671,0.03233141824603081,0.03233141824603081,1.0,3.0,success
776,-4.114153861999512,2.361654758453369,-0.0001766290224622935,0.03234940767288208,0.03234940767288208,1.0,3.0,success
777,-4.114046573638916,2.3626842498779297,-0.00017662759637460113,0.032345838844776154,0.032345838844776154,1.0,3.0,success
778,-4.113941669464111,2.3637139797210693,-0.0001766236819094047,0.03234561160206795,0.03234561160206795,1.0,3.0,success
779,-4.113839626312256,2.364744186401367,-0.00017661775927990675,0.032351501286029816,0.032351501286029816,1.0,3.0,success
780,-4.113739013671875,2.365774154663086,-0.0001765990600688383,0.032339710742235184,0.032339710742235184,1.0,-3.0,success
781,-4.113638877868652,2.3668041229248047,-0.00017659817240200937,0.03233826532959938,0.03233826532959938,1.0,-3.0,success
782,-4.1135358810424805,2.3678336143493652,-0.00017659968580119312,0.03233221173286438,0.03233221173286438,1.0,-3.0,success
783,-4.113430023193359,2.3688628673553467,-0.00017660405137576163,0.032333824783563614,0.032333824783563614,1.0,-3.0,success
784,-4.113323211669922,2.369892120361328,-0.00017662180471234024,0.03233688697218895,0.03233688697218895,1.0,3.0,success
785,-4.113215446472168,2.3709216117858887,-0.00017662069876678288,0.032347384840250015,0.032347384840250015,1.0,3.0,success
786,-4.113109111785889,2.371951103210449,-0.00017660720914136618,0.032342761754989624,0.032342761754989624,1.0,-3.0,success
787,-4.113003730773926,2.3729805946350098,-0.00017661105084698647,0.03233971446752548,0.03233971446752548,1.0,-3.0,success
788,-4.112895488739014,2.374009609222412,-0.00017661627498455346,0.03233412280678749,0.03233412280678749,1.0,-3.0,success
789,-4.112784385681152,2.3750383853912354,-0.0001766236819094047,0.03233618661761284,0.03233618661761284,1.0,-3.0,success
790,-4.112672328948975,2.3760671615600586,-0.00017664373444858938,0.03233940154314041,0.03233940154314041,1.0,3.0,success
791,-4.112559795379639,2.377095937728882,-0.00017664417100604624,0.032341018319129944,0.032341018319129944,1.0,3.0,success
792,-4.112448215484619,2.3781251907348633,-0.00017663213657215238,0.03235260769724846,0.03235260769724846,1.0,-3.0,success
793,-4.112337589263916,2.3791539669036865,-0.00017663736070971936,0.0323345921933651,0.0323345921933651,1.0,-3.0,success
794,-4.112224102020264,2.3801825046539307,-0.00017664377810433507,0.03233686834573746,0.03233686834573746,1.0,-3.0,success
795,-4.1121087074279785,2.3812108039855957,-0.0001766522036632523,0.032336052507162094,0.032336052507162094,1.0,-3.0,success
796,-4.1119914054870605,2.3822388648986816,-0.000176673085661605,0.03233535587787628,0.03233535587787628,1.0,3.0,success
797,-4.111873626708984,2.3832671642303467,-0.0001766740606399253,0.03234444558620453,0.03234444558620453,1.0,3.0,success
798,-4.111757278442383,2.384295701980591,-0.00017666233179625124,0.03234679624438286,0.03234679624438286,1.0,-3.0,success
799,-4.1116414070129395,2.385324001312256,-0.00017666805069893599,0.03233771771192551,0.03233771771192551,1.0,-3.0,success
800,-4.111523151397705,2.386352062225342,-0.00017667510837782174,0.03233874589204788,0.03233874589204788,1.0,-3.0,success
801,-4.11140251159668,2.3873796463012695,-0.00017668404325377196,0.03233254700899124,0.03233254700899124,1.0,-3.0,success
802,-4.11128044128418,2.3884072303771973,-0.00017670542001724243,0.03233778849244118,0.03233778849244118,1.0,3.0,success
803,-4.1111578941345215,2.389435052871704,-0.00017670661327429116,0.0323469452559948,0.0323469452559948,1.0,3.0,success
804,-4.11103630065918,2.39046311378479,-0.00017669492808636278,0.03235083073377609,0.03235083073377609,1.0,-3.0,success
805,-4.110915660858154,2.391490936279297,-0.00017670098168309778,0.03233994171023369,0.03233994171023369,1.0,-3.0,success
806,-4.110792636871338,2.3925182819366455,-0.00017670846136752516,0.032333917915821075,0.032333917915821075,1.0,-3.0,success
807,-4.110666751861572,2.393545389175415,-0.00017671777459327132,0.03233727440237999,0.03233727440237999,1.0,-3.0,success
808,-4.11053991317749,2.3945722579956055,-0.0001767395733622834,0.03233351930975914,0.03233351930975914,1.0,3.0,success
809,-4.11041259765625,2.395599603652954,-0.00017674088303465396,0.03235013782978058,0.03235013782978058,1.0,3.0,success
810,-4.110285758972168,2.3966269493103027,-0.00017672916874289513,0.032348308712244034,0.032348308712244034,1.0,-3.0,success
811,-4.110159873962402,2.3976540565490723,-0.00017673552792984992,0.03233727440237999,0.03233727440237999,1.0,-3.0,success
812,-4.110032081604004,2.3986809253692627,-0.00017674338596407324,0.032337188720703125,0.032337188720703125,1.0,-3.0,success
813,-4.109901428222656,2.399707555770874,-0.00017675304843578488,0.03234096243977547,0.03234096243977547,1.0,-3.0,success
814,-4.109769821166992,2.400733709335327,-0.00017677525465842336,0.03232995420694351,0.03232995420694351,1.0,3.0,success
815,-4.109637260437012,2.4017605781555176,-0.0001767766516422853,0.03235592693090439,0.03235592693090439,1.0,3.0,success
816,-4.109505653381348,2.402787446975708,-0.000176764908246696,0.03235212713479996,0.03235212713479996,1.0,-3.0,success
817,-4.109374523162842,2.4038138389587402,-0.00017677155847195536,0.03233545273542404,0.03233545273542404,1.0,-3.0,success
818,-4.109241962432861,2.4048399925231934,-0.00017677978030405939,0.03233376145362854,0.03233376145362854,1.0,-3.0,success
819,-4.109106540679932,2.4058659076690674,-0.00017678977746982127,0.03233794867992401,0.03233794867992401,1.0,-3.0,success
820,-4.1089701652526855,2.4068915843963623,-0.00017681237659417093,0.032334476709365845,0.032334476709365845,1.0,3.0,success
821,-4.108832359313965,2.4079177379608154,-0.00017681383178569376,0.0323551669716835,0.0323551669716835,1.0,3.0,success
822,-4.1086955070495605,2.4089438915252686,-0.00017680205928627402,0.032351214438676834,0.032351214438676834,1.0,-3.0,success
823,-4.108559608459473,2.4099698066711426,-0.0001768090296536684,0.032339900732040405,0.032339900732040405,1.0,-3.0,success
824,-4.10842227935791,2.4109954833984375,-0.00017681758617982268,0.03233841806650162,0.03233841806650162,1.0,-3.0,success
825,-4.108282089233398,2.412020683288574,-0.00017682793259155005,0.03233564272522926,0.03233564272522926,1.0,-3.0,success
826,-4.108140468597412,2.413045644760132,-0.00017685091006569564,0.0323343463242054,0.0323343463242054,1.0,3.0,success
827,-4.107997894287109,2.4140710830688477,-0.0001768524234648794,0.032353200018405914,0.032353200018405914,1.0,3.0,success
828,-4.107856273651123,2.4150967597961426,-0.0001768406218616292,0.032356489449739456,0.032356489449739456,1.0,-3.0,success
829,-4.107715129852295,2.4161219596862793,-0.0001768479123711586,0.03233969584107399,0.03233969584107399,1.0,-3.0,success
830,-4.10757303237915,2.417146921157837,-0.00017685681814327836,0.032336391508579254,0.032336391508579254,1.0,-3.0,success
831,-4.107427597045898,2.4181714057922363,-0.00017686749924905598,0.03233612701296806,0.03233612701296806,1.0,-3.0,success
832,-4.10728120803833,2.4191956520080566,-0.00017689088417682797,0.032332953065633774,0.032332953065633774,1.0,3.0,success
833,-4.107133865356445,2.4202206134796143,-0.00017689242667984217,0.03235930576920509,0.03235930576920509,1.0,3.0,success
834,-4.106986999511719,2.4212453365325928,-0.0001768805959727615,0.03234981372952461,0.03234981372952461,1.0,-3.0,success
835,-4.106841087341309,2.4222700595855713,-0.00017688822117634118,0.03234560042619705,0.03234560042619705,1.0,-3.0,success
836,-4.106693744659424,2.4232943058013916,-0.00017689747619442642,0.03233718499541283,0.03233718499541283,1.0,-3.0,success
837,-4.106544017791748,2.4243180751800537,-0.0001769084919942543,0.0323331318795681,0.0323331318795681,1.0,-3.0,success
838,-4.106392860412598,2.425341844558716,-0.00017693225527182221,0.032339632511138916,0.032339632511138916,1.0,3.0,success
839,-4.106240272521973,2.426365852355957,-0.0001769338414305821,0.03235355764627457,0.03235355764627457,1.0,3.0,success
840,-4.106088161468506,2.4273900985717773,-0.000176921981619671,0.03235873579978943,0.03235873579978943,1.0,-3.0,success
841,-4.105937480926514,2.4284138679504395,-0.00017692992696538568,0.032337456941604614,0.032337456941604614,1.0,-3.0,success
842,-4.105785369873047,2.4294373989105225,-0.00017693954578135163,0.03233662620186806,0.03233662620186806,1.0,-3.0,success
843,-4.105630397796631,2.4304606914520264,-0.00017695089627522975,0.03234252333641052,0.03234252333641052,1.0,-3.0,success
844,-4.105474472045898,2.431483507156372,-0.00017697505245450884,0.032332271337509155,0.032332271337509155,1.0,3.0,success
845,-4.105317115783691,2.432506799697876,-0.0001769766677170992,0.03235376626253128,0.03235376626253128,1.0,3.0,success
846,-4.105160236358643,2.433530330657959,-0.00017696476425044239,0.032358866184949875,0.032358866184949875,1.0,-3.0,success
847,-4.10500431060791,2.434553623199463,-0.00017697305884212255,0.032347001135349274,0.032347001135349274,1.0,-3.0,success
848,-4.104846954345703,2.4355764389038086,-0.00017698304145596921,0.03233903646469116,0.03233903646469116,1.0,-3.0,success
849,-4.104687690734863,2.436598777770996,-0.00017699471209198236,0.03233342990279198,0.03233342990279198,1.0,-3.0,success
850,-4.104526519775391,2.4376208782196045,-0.0001770192466210574,0.032335299998521805,0.032335299998521805,1.0,3.0,success
851,-4.104364395141602,2.438643455505371,-0.00017702092009130865,0.03235467150807381,0.03235467150807381,1.0,3.0,success
852,-4.1042022705078125,2.439666271209717,-0.00017700895841699094,0.03236203268170357,0.03236203268170357,1.0,-3.0,success
853,-4.104041576385498,2.4406888484954834,-0.00017701757315080613,0.032347701489925385,0.032347701489925385,1.0,-3.0,success
854,-4.103879451751709,2.4417107105255127,-0.00017702793411444873,0.03233259543776512,0.03233259543776512,1.0,-3.0,success
855,-4.103714942932129,2.442732334136963,-0.00017703995399642736,0.0323369987308979,0.0323369987308979,1.0,-3.0,success
856,-4.103549480438232,2.443753719329834,-0.00017706486687529832,0.03233439475297928,0.03233439475297928,1.0,3.0,success
857,-4.103382110595703,2.4447755813598633,-0.00017706658400129527,0.03235868364572525,0.03235868364572525,1.0,3.0,success
858,-4.103214740753174,2.4457976818084717,-0.0001770545495674014,0.032366037368774414,0.032366037368774414,1.0,-3.0,success
859,-4.103049278259277,2.446819305419922,-0.00017706348444335163,0.03234174847602844,0.03234174847602844,1.0,-3.0,success
860,-4.102882385253906,2.447840690612793,-0.00017707425286062062,0.03234157711267471,0.03234157711267471,1.0,-3.0,success
861,-4.102713108062744,2.4488613605499268,-0.00017708659288473427,0.03233162313699722,0.03233162313699722,1.0,-3.0,success
862,-4.102542400360107,2.4498820304870605,-0.0001771118986653164,0.03233896568417549,0.03233896568417549,1.0,3.0,success
863,-4.102370262145996,2.4509031772613525,-0.00017711365944705904,0.03236106410622597,0.03236106410622597,1.0,3.0,success
864,-4.102198123931885,2.4519243240356445,-0.0001771015377016738,0.03236106410622597,0.03236106410622597,1.0,-3.0,success
865,-4.102027416229248,2.4529452323913574,-0.00017711079271975905,0.03234631568193436,0.03234631568193436,1.0,-3.0,success
866,-4.101855754852295,2.453965663909912,-0.00017712196859065443,0.03233654797077179,0.03233654797077179,1.0,-3.0,success
867,-4.101681232452393,2.4549858570098877,-0.00017713465786073357,0.03234415501356125,0.03234415501356125,1.0,-3.0,success
868,-4.101506233215332,2.456005573272705,-0.00017716034199111164,0.032331984490156174,0.032331984490156174,1.0,3.0,success
869,-4.1013288497924805,2.4570257663726807,-0.00017716216098051518,0.032359350472688675,0.032359350472688675,1.0,3.0,success
870,-4.101151466369629,2.4580461978912354,-0.00017714993737172335,0.03236669301986694,0.03236669301986694,1.0,-3.0,success
871,-4.10097599029541,2.459066390991211,-0.00017715946887619793,0.03234919160604477,0.03234919160604477,1.0,-3.0,success
872,-4.100799560546875,2.460085868835449,-0.00017717111040838063,0.03233223780989647,0.03233223780989647,1.0,-3.0,success
873,-4.100620269775391,2.4611051082611084,-0.0001771841198205948,0.032340262085199356,0.032340262085199356,1.0,-3.0,success
874,-4.10044002532959,2.4621241092681885,-0.00017721019685268402,0.03233810514211655,0.03233810514211655,1.0,3.0,success
875,-4.1002583503723145,2.4631435871124268,-0.00017721210315357894,0.03236059099435806,0.03236059099435806,1.0,3.0,success
876,-4.100075721740723,2.464163064956665,-0.0001771997194737196,0.0323658287525177,0.0323658287525177,1.0,-3.0,success
877,-4.099895000457764,2.465182304382324,-0.00017720954201649874,0.032348036766052246,0.032348036766052246,1.0,-3.0,success
878,-4.0997138023376465,2.466201066970825,-0.00017722166376188397,0.032335974276065826,0.032335974276065826,1.0,-3.0,success
879,-4.09952974319458,2.467219591140747,-0.0001772350078681484,0.03234441578388214,0.03234441578388214,1.0,-3.0,success
880,-4.099344730377197,2.4682376384735107,-0.00017726144869811833,0.032335065305233,0.032335065305233,1.0,3.0,success
881,-4.09915828704834,2.4692561626434326,-0.00017726345686241984,0.032357748597860336,0.032357748597860336,1.0,3.0,success
882,-4.098970890045166,2.4702749252319336,-0.000177250913111493,0.03237045556306839,0.03237045556306839,1.0,-3.0,success
883,-4.098784923553467,2.4712934494018555,-0.00017726099758874625,0.03235507011413574,0.03235507011413574,1.0,-3.0,success
884,-4.098598957061768,2.47231125831604,-0.00017727361409924924,0.03233307972550392,0.03233307972550392,1.0,-3.0,success
885,-4.098410129547119,2.4733285903930664,-0.0001772872928995639,0.032334618270397186,0.032334618270397186,1.0,-3.0,success
886,-4.09821891784668,2.4743456840515137,-0.0001773037074599415,0.03234097361564636,0.03234097361564636,1.0,-3.0,success
887,-4.098026275634766,2.4753623008728027,-0.00017733272397890687,0.03233462572097778,0.03233462572097778,1.0,3.0,success
888,-4.097832202911377,2.476379632949829,-0.00017733652202878147,0.03236493095755577,0.03236493095755577,1.0,3.0,success
889,-4.097637176513672,2.4773972034454346,-0.0001773249969119206,0.03237785026431084,0.03237785026431084,1.0,-3.0,success
890,-4.0974440574646,2.4784140586853027,-0.00017733649292495102,0.032344721257686615,0.032344721257686615,1.0,-3.0,success
891,-4.097250461578369,2.479430675506592,-0.00017735087021719664,0.03234018757939339,0.03234018757939339,1.0,-3.0,success
892,-4.097054481506348,2.4804468154907227,-0.0001773657277226448,0.03233957290649414,0.03233957290649414,1.0,-3.0,success
893,-4.096857070922852,2.4814624786376953,-0.00017739362374413759,0.03233344480395317,0.03233344480395317,1.0,3.0,success
894,-4.096658706665039,2.4824788570404053,-0.00017739637405611575,0.03236107900738716,0.03236107900738716,1.0,3.0,success
895,-4.096458435058594,2.4834954738616943,-0.0001773836265783757,0.032379861921072006,0.032379861921072006,1.0,-3.0,success
896,-4.096260070800781,2.484511613845825,-0.0001773945550667122,0.03235376998782158,0.03235376998782158,1.0,-3.0,success
897,-4.096061706542969,2.485527276992798,-0.000177408815943636,0.03233914449810982,0.03233914449810982,1.0,-3.0,success
898,-4.095860958099365,2.4865424633026123,-0.00017742349882610142,0.03233889117836952,0.03233889117836952,1.0,-3.0,success
899,-4.095658779144287,2.4875571727752686,-0.0001774513948475942,0.03233297914266586,0.03233297914266586,1.0,3.0,success
900,-4.095455646514893,2.488572597503662,-0.00017745398508850485,0.032360728830099106,0.032360728830099106,1.0,3.0,success
901,-4.095250606536865,2.4895882606506348,-0.00017744069918990135,0.03237977623939514,0.03237977623939514,1.0,-3.0,success
902,-4.0950469970703125,2.490603446960449,-0.00017745164223015308,0.03235635161399841,0.03235635161399841,1.0,-3.0,success
903,-4.094843864440918,2.4916181564331055,-0.00017746633966453373,0.032338812947273254,0.032338812947273254,1.0,-3.0,success
904,-4.094638347625732,2.4926323890686035,-0.00017748121172189713,0.03233891725540161,0.03233891725540161,1.0,-3.0,success
905,-4.094431400299072,2.4936463832855225,-0.00017750938422977924,0.03234052285552025,0.03234052285552025,1.0,3.0,success
906,-4.0942230224609375,2.4946608543395996,-0.00017751206178218126,0.03236408904194832,0.03236408904194832,1.0,3.0,success
907,-4.094013214111328,2.495675563812256,-0.00017749842663761228,0.03238040953874588,0.03238040953874588,1.0,-3.0,success
908,-4.093804359436035,2.496689796447754,-0.00017750950064510107,0.03235979378223419,0.03235979378223419,1.0,-3.0,success
909,-4.093596458435059,2.4977033138275146,-0.00017752478015609086,0.03233189880847931,0.03233189880847931,1.0,-3.0,success
910,-4.093386173248291,2.4987165927886963,-0.00017753995780367404,0.032339658588171005,0.032339658588171005,1.0,-3.0,success
911,-4.093174457550049,2.499729633331299,-0.00017756847955752164,0.032341476529836655,0.032341476529836655,1.0,3.0,success
912,-4.09296178817749,2.5007429122924805,-0.00017757131718099117,0.03235488012433052,0.03235488012433052,1.0,3.0,success
913,-4.092746734619141,2.5017566680908203,-0.0001775573327904567,0.03238484263420105,0.03238484263420105,1.0,-3.0,success
914,-4.092532634735107,2.502769947052002,-0.000177568566869013,0.03236409276723862,0.03236409276723862,1.0,-3.0,success
915,-4.092319965362549,2.5037827491760254,-0.0001775845157681033,0.03234029933810234,0.03234029933810234,1.0,-3.0,success
916,-4.092104911804199,2.5047948360443115,-0.00017759999900590628,0.032333824783563614,0.032333824783563614,1.0,-3.0,success
917,-4.0918869972229,2.5058064460754395,-0.00017761855269782245,0.03233795985579491,0.03233795985579491,1.0,-3.0,success
918,-4.0916666984558105,2.506817579269409,-0.0001776397693902254,0.03233917057514191,0.03233917057514191,1.0,-3.0,success
919,-4.09144401550293,2.5078282356262207,-0.00017766316886991262,0.03234056010842323,0.03234056010842323,1.0,-3.0,success
920,-4.091218948364258,2.508838176727295,-0.00017768837278708816,0.032334860414266586,0.032334860414266586,1.0,-3.0,success
921,-4.090991497039795,2.509847640991211,-0.0001777150755515322,0.03233661130070686,0.03233661130070686,1.0,-3.0,success
922,-4.090761184692383,2.5108566284179688,-0.00017774304433260113,0.0323418527841568,0.0323418527841568,1.0,-3.0,success
923,-4.090528964996338,2.5118649005889893,-0.00017777208995539695,0.032333385199308395,0.032333385199308395,1.0,-3.0,success
924,-4.090293884277344,2.5128726959228516,-0.00017780206690076739,0.03233905881643295,0.03233905881643295,1.0,-3.0,success
925,-4.090056419372559,2.5138800144195557,-0.00017783284420147538,0.03234156221151352,0.03234156221151352,1.0,-3.0,success
926,-4.089817047119141,2.5148866176605225,-0.00017786433454602957,0.03233354166150093,0.03233354166150093,1.0,-3.0,success
927,-4.089574813842773,2.515892744064331,-0.00017789645062293857,0.03233985975384712,0.03233985975384712,1.0,-3.0,success
928,-4.089330196380615,2.5168983936309814,-0.00017792916332837194,0.03234289959073067,0.03234289959073067,1.0,-3.0,success
929,-4.089083194732666,2.5179033279418945,-0.00017796239990275353,0.032338883727788925,0.032338883727788925,1.0,-3.0,success
930,-4.088833808898926,2.5189075469970703,-0.00017799611669033766,0.032335057854652405,0.032335057854652405,1.0,-3.0,success
931,-4.088582515716553,2.519911289215088,-0.00017803031369112432,0.03233501687645912,0.03233501687645912,1.0,-3.0,success
932,-4.0883283615112305,2.5209145545959473,-0.0001780649326974526,0.03234240040183067,0.03234240040183067,1.0,-3.0,success
933,-4.088071823120117,2.5219171047210693,-0.0001780999737093225,0.03233912214636803,0.03233912214636803,1.0,-3.0,success
934,-4.087812900543213,2.522918939590454,-0.00017813543672673404,0.0323360338807106,0.0323360338807106,1.0,-3.0,success
935,-4.087551593780518,2.5239202976226807,-0.0001781712780939415,0.032340340316295624,0.032340340316295624,1.0,-3.0,success
936,-4.087287902832031,2.52492094039917,-0.00017820749781094491,0.03233761712908745,0.03233761712908745,1.0,-3.0,success
937,-4.087022304534912,2.525920867919922,-0.00017824409587774426,0.032331254333257675,0.032331254333257675,1.0,-3.0,success
938,-4.086753845214844,2.5269203186035156,-0.00017828107229433954,0.03233993053436279,0.03233993053436279,1.0,-3.0,success
939,-4.086483001708984,2.527919292449951,-0.0001783183979569003,0.03234495595097542,0.03234495595097542,1.0,-3.0,success
940,-4.086209774017334,2.5289173126220703,-0.00017835608741734177,0.0323357880115509,0.0323357880115509,1.0,-3.0,success
941,-4.085934638977051,2.5299148559570312,-0.00017839414067566395,0.032337211072444916,0.032337211072444916,1.0,-3.0,success
942,-4.085656642913818,2.530911684036255,-0.0001784325431799516,0.03233956918120384,0.03233956918120384,1.0,-3.0,success
943,-4.085376262664795,2.531907796859741,-0.00017847129493020475,0.03233814612030983,0.03233814612030983,1.0,-3.0,success
944,-4.085093975067139,2.5329034328460693,-0.00017851039592642337,0.03234000876545906,0.03234000876545906,1.0,-3.0,success
945,-4.084808826446533,2.533898115158081,-0.00017854984616860747,0.032335858792066574,0.032335858792066574,1.0,-3.0,success
946,-4.084521770477295,2.5348923206329346,-0.00017858964565675706,0.03233801946043968,0.03233801946043968,1.0,-3.0,success
947,-4.084231853485107,2.535885810852051,-0.00017862979439087212,0.032341476529836655,0.032341476529836655,1.0,-3.0,success
948,-4.083940029144287,2.5368785858154297,-0.00017867027781903744,0.032336778938770294,0.032336778938770294,1.0,-3.0,success
949,-4.083645820617676,2.5378706455230713,-0.00017871112504508346,0.03233644366264343,0.03233644366264343,1.0,-3.0,success
950,-4.083348751068115,2.5388619899749756,-0.00017875230696517974,0.03234056383371353,0.03234056383371353,1.0,-3.0,success
951,-4.083049774169922,2.5398528575897217,-0.00017879382357932627,0.032343458384275436,0.032343458384275436,1.0,-3.0,success
952,-4.0827484130859375,2.5408427715301514,-0.00017883568943943828,0.03233654797077179,0.03233654797077179,1.0,-3.0,success
953,-4.082444667816162,2.5418319702148438,-0.00017887790454551578,0.03233695402741432,0.03233695402741432,1.0,-3.0,success
954,-4.082138538360596,2.542820453643799,-0.00017892045434564352,0.032337553799152374,0.032337553799152374,1.0,-3.0,success
955,-4.081830024719238,2.5438082218170166,-0.00017896335339173675,0.03233833611011505,0.03233833611011505,1.0,-3.0,success
956,-4.08151912689209,2.544795513153076,-0.00017900658713188022,0.03234641253948212,0.03234641253948212,1.0,-3.0,success
957,-4.081206321716309,2.5457816123962402,-0.00017905015556607395,0.032328858971595764,0.032328858971595764,1.0,-3.0,success
958,-4.080890655517578,2.546767234802246,-0.00017909407324623317,0.032341811805963516,0.032341811805963516,1.0,-3.0,success
959,-4.080572605133057,2.5477521419525146,-0.00017913834017235786,0.032343342900276184,0.032343342900276184,1.0,-3.0,success
960,-4.080252647399902,2.548736333847046,-0.00017918292724061757,0.03234045207500458,0.03234045207500458,1.0,-3.0,success
961,-4.079930305480957,2.5497195720672607,-0.000179227878106758,0.03233524039387703,0.03233524039387703,1.0,-3.0,success
962,-4.079606533050537,2.5507025718688965,-0.0001792822586139664,0.03234212100505829,0.03234212100505829,1.0,3.0,success
963,-4.079283237457275,2.5516862869262695,-0.00017930346075445414,0.032358694821596146,0.032358694821596146,1.0,3.0,success
964,-4.078951358795166,2.55267071723938,-0.0001792913390090689,0.03246461972594261,0.03246461972594261,1.0,-3.0,success
965,-4.078619956970215,2.553654193878174,-0.00017931644106283784,0.03243161737918854,0.03243161737918854,1.0,-3.0,success
966,-4.078289031982422,2.5546369552612305,-0.0001793478731997311,0.032405681908130646,0.032405681908130646,1.0,-3.0,success
967,-4.077958106994629,2.5556187629699707,-0.00017938263772521168,0.032377440482378006,0.032377440482378006,1.0,-3.0,success
968,-4.077630043029785,2.556600332260132,-0.0001794312265701592,0.03234192356467247,0.03234192356467247,1.0,3.0,success
969,-4.077301979064941,2.5575828552246094,-0.00017944145656656474,0.0323701910674572,0.0323701910674572,1.0,3.0,success
970,-4.076965808868408,2.558565616607666,-0.0001794200506992638,0.032458361238241196,0.032458361238241196,1.0,-3.0,success
971,-4.076630115509033,2.5595476627349854,-0.0001794385170796886,0.03243238851428032,0.03243238851428032,1.0,-3.0,success
972,-4.076294898986816,2.5605289936065674,-0.0001794648269424215,0.03240641951560974,0.03240641951560974,1.0,-3.0,success
973,-4.075960636138916,2.561509370803833,-0.00017949558969121426,0.03236859291791916,0.03236859291791916,1.0,-3.0,success
974,-4.07562780380249,2.5624892711639404,-0.00017953976930584759,0.03234007954597473,0.03234007954597473,1.0,3.0,success
975,-4.0752949714660645,2.5634701251983643,-0.00017954698705580086,0.03236829861998558,0.03236829861998558,1.0,3.0,success
976,-4.074954032897949,2.5644514560699463,-0.0001795230054995045,0.03246466442942619,0.03246466442942619,1.0,-3.0,success
977,-4.074613571166992,2.565432071685791,-0.0001795401331037283,0.03243865817785263,0.03243865817785263,1.0,-3.0,success
978,-4.074274063110352,2.5664117336273193,-0.00017956551164388657,0.03240073472261429,0.03240073472261429,1.0,-3.0,success
979,-4.073935031890869,2.5673906803131104,-0.00017959566321223974,0.03237473964691162,0.03237473964691162,1.0,-3.0,success
980,-4.073596954345703,2.568368673324585,-0.00017962900165002793,0.03233683109283447,0.03233683109283447,1.0,-3.0,success
981,-4.0732574462890625,2.5693461894989014,-0.0001796708966139704,0.032337386161088943,0.032337386161088943,1.0,3.0,success
982,-4.072917461395264,2.570324659347534,-0.00017968045722227544,0.0323704294860363,0.0323704294860363,1.0,3.0,success
983,-4.072569370269775,2.571303606033325,-0.00017965793085750192,0.03246849402785301,0.03246849402785301,1.0,-3.0,success
984,-4.072221279144287,2.5722815990448,-0.00017967719759326428,0.032440416514873505,0.032440416514873505,1.0,-3.0,success
985,-4.071874618530273,2.573258876800537,-0.00017970454064197838,0.03240438550710678,0.03240438550710678,1.0,-3.0,success
986,-4.071528434753418,2.574235439300537,-0.0001797364529920742,0.032378342002630234,0.032378342002630234,1.0,-3.0,success
987,-4.071184158325195,2.5752112865448,-0.0001797814475139603,0.03233739361166954,0.03233739361166954,1.0,3.0,success
988,-4.070839881896973,2.576188325881958,-0.0001797886216081679,0.032372526824474335,0.032372526824474335,1.0,3.0,success
989,-4.070487022399902,2.5771656036376953,-0.00017976362141780555,0.03246965631842613,0.03246965631842613,1.0,-3.0,success
990,-4.070134162902832,2.5781421661376953,-0.00017978160758502781,0.03244863823056221,0.03244863823056221,1.0,-3.0,success
991,-4.069782733917236,2.579117774963379,-0.00017980809207074344,0.03240543231368065,0.03240543231368065,1.0,-3.0,success
992,-4.069432258605957,2.580092668533325,-0.0001798394659999758,0.0323743112385273,0.0323743112385273,1.0,-3.0,success
993,-4.0690836906433105,2.581066846847534,-0.00017988371837418526,0.03233315050601959,0.03233315050601959,1.0,3.0,success
994,-4.068734645843506,2.5820422172546387,-0.00017989016487263143,0.03237324580550194,0.03237324580550194,1.0,3.0,success
995,-4.068376541137695,2.5830180644989014,-0.0001798642915673554,0.032483723014593124,0.032483719289302826,1.0,-3.0,success
996,-4.068019390106201,2.5839929580688477,-0.00017988227773457766,0.032445479184389114,0.032445479184389114,1.0,-3.0,success
997,-4.067663669586182,2.5849668979644775,-0.0001799089222913608,0.03240213543176651,0.03240213170647621,1.0,-3.0,success
998,-4.06730842590332,2.58594012260437,-0.00017994054360315204,0.03237602859735489,0.03237602859735489,1.0,-3.0,success
999,-4.066955089569092,2.5869126319885254,-0.00017998478142544627,0.03233462944626808,0.03233462944626808,1.0,3.0,success
1000,-4.066601276397705,2.587886333465576,-0.00017999098054133356,0.032374732196331024,0.032374732196331024,1.0,3.0,success
1001,-4.066238880157471,2.588860511779785,-0.00017996465612668544,0.03248128294944763,0.03248128294944763,1.0,-3.0,success
1002,-4.0658769607543945,2.5898337364196777,-0.00017998296243604273,0.03244815394282341,0.03244815394282341,1.0,-3.0,success
1003,-4.065515995025635,2.590806007385254,-0.0001800100289983675,0.03240983560681343,0.03240983560681343,1.0,-3.0,success
1004,-4.065156936645508,2.5917775630950928,-0.0001800421450752765,0.03236817196011543,0.03236817196011543,1.0,-3.0,success
1005,-4.064797401428223,2.5927481651306152,-0.0001800766767701134,0.03234539180994034,0.03234539180994034,1.0,-3.0,success
1006,-4.064437389373779,2.5937182903289795,-0.00018012014334090054,0.032336603850126266,0.03233660012483597,1.0,3.0,success
1007,-4.0640764236450195,2.59468936920166,-0.0001801296166377142,0.03237491473555565,0.03237491473555565,1.0,3.0,success
1008,-4.063706398010254,2.595660924911499,-0.00018010553321801126,0.03248857334256172,0.03248856961727142,1.0,-3.0,success
1009,-4.063337326049805,2.5966315269470215,-0.0001801266334950924,0.0324501171708107,0.0324501134455204,1.0,-3.0,success
1010,-4.062969207763672,2.5976014137268066,-0.00018015620298683643,0.032418638467788696,0.032418638467788696,1.0,-3.0,success
1011,-4.062602996826172,2.5985703468322754,-0.0001801905018510297,0.03236965835094452,0.03236965835094452,1.0,-3.0,success
1012,-4.0622382164001465,2.599538564682007,-0.00018023686425294727,0.03233296051621437,0.03233296051621437,1.0,3.0,success
1013,-4.061872482299805,2.600507974624634,-0.00018024386372417212,0.03237833455204964,0.03237833455204964,1.0,3.0,success
1014,-4.061497688293457,2.601478099822998,-0.00018021732103079557,0.03250020369887352,0.03250019997358322,1.0,-3.0,success
1015,-4.061123847961426,2.602447032928467,-0.0001802371843950823,0.032454714179039,0.032454714179039,1.0,-3.0,success
1016,-4.060751914978027,2.603415012359619,-0.0001802659098757431,0.03240548446774483,0.03240548446774483,1.0,-3.0,success
1017,-4.060380935668945,2.604382276535034,-0.00018029968487098813,0.03237393870949745,0.03237393498420715,1.0,-3.0,success
1018,-4.060011386871338,2.605348825454712,-0.000180345174157992,0.03233707696199417,0.03233707696199417,1.0,3.0,success
1019,-4.059640884399414,2.606316566467285,-0.0001803513732738793,0.03238252177834511,0.03238251805305481,1.0,3.0,success
1020,-4.059261798858643,2.6072847843170166,-0.0001803239865694195,0.03249325975775719,0.03249325975775719,1.0,-3.0,success
1021,-4.058883190155029,2.6082520484924316,-0.00018034387903753668,0.03246007859706879,0.03246007859706879,1.0,-3.0,success
1022,-4.058506488800049,2.6092183589935303,-0.00018037279369309545,0.0324106328189373,0.0324106328189373,1.0,-3.0,success
1023,-4.058131217956543,2.6101837158203125,-0.00018040684517472982,0.032366640865802765,0.032366640865802765,1.0,-3.0,success
1024,-4.057755947113037,2.6111483573913574,-0.00018044245371129364,0.032345809042453766,0.032345809042453766,1.0,-3.0,success
1025,-4.057379722595215,2.612112283706665,-0.00018048733181785792,0.032335806638002396,0.0323358029127121,1.0,3.0,success
1026,-4.057002067565918,2.613077402114868,-0.00018049683421850204,0.03238677233457565,0.03238677233457565,1.0,3.0,success
1027,-4.056615352630615,2.6140427589416504,-0.00018047170306090266,0.03249792754650116,0.03249792754650116,1.0,-3.0,success
1028,-4.056230068206787,2.6150074005126953,-0.00018049441860057414,0.03246057406067848,0.03246057406067848,1.0,-3.0,success
1029,-4.055846214294434,2.615971088409424,-0.00018052582163363695,0.03241632878780365,0.03241632878780365,1.0,-3.0,success
1030,-4.055463790893555,2.616933822631836,-0.0001805620704544708,0.032372117042541504,0.032372117042541504,1.0,-3.0,success
1031,-4.05508279800415,2.61789608001709,-0.00018060953880194575,0.03234178200364113,0.03234178200364113,1.0,3.0,success
1032,-4.05470085144043,2.61885929107666,-0.00018061640730593354,0.032380469143390656,0.032380469143390656,1.0,3.0,success
1033,-4.054309368133545,2.6198232173919678,-0.00018058865680359304,0.03251221403479576,0.03251221030950546,1.0,-3.0,success
1034,-4.053919315338135,2.62078595161438,-0.0001806099753594026,0.03246088698506355,0.03246088698506355,1.0,-3.0,success
1035,-4.053530693054199,2.6217479705810547,-0.0001806404470698908,0.03242340311408043,0.03242339938879013,1.0,-3.0,success
1036,-4.0531439781188965,2.622708797454834,-0.00018067607015836984,0.0323665626347065,0.0323665626347065,1.0,-3.0,success
1037,-4.052758693695068,2.623669147491455,-0.00018072275270242244,0.03233606740832329,0.03233606740832329,1.0,3.0,success
1038,-4.052371978759766,2.6246306896209717,-0.00018072882085107267,0.032387301325798035,0.032387297600507736,1.0,3.0,success
1039,-4.051975727081299,2.6255927085876465,-0.00018070009537041187,0.03251345455646515,0.03251345455646515,1.0,-3.0,success
1040,-4.051580905914307,2.626553773880005,-0.00018072137027047575,0.03246888890862465,0.03246888518333435,1.0,-3.0,success
1041,-4.051187992095947,2.627513885498047,-0.00018075195839628577,0.03241870179772377,0.03241870179772377,1.0,-3.0,success
1042,-4.050796985626221,2.6284728050231934,-0.000180787785211578,0.032361675053834915,0.032361675053834915,1.0,-3.0,success
1043,-4.050405502319336,2.6294310092926025,-0.0001808248634915799,0.032346609979867935,0.032346609979867935,1.0,-3.0,success
1044,-4.050013065338135,2.6303884983062744,-0.00018087108037434518,0.032337211072444916,0.032337211072444916,1.0,3.0,success
1045,-4.049619674682617,2.631347417831421,-0.0001808806846383959,0.03238987922668457,0.03238987922668457,1.0,3.0,success
1046,-4.049216270446777,2.6323065757751465,-0.00018085422925651073,0.032516807317733765,0.032516807317733765,1.0,-3.0,success
1047,-4.048814296722412,2.6332647800445557,-0.0001808783272281289,0.03247201442718506,0.03247201442718506,1.0,-3.0,success
1048,-4.04841423034668,2.6342220306396484,-0.000180911403731443,0.03242150694131851,0.03242150694131851,1.0,-3.0,success
1049,-4.048015594482422,2.635178327560425,-0.0001809494278859347,0.03237678483128548,0.03237678483128548,1.0,-3.0,success
1050,-4.047618865966797,2.636134147644043,-0.00018099872977472842,0.03234013542532921,0.03234013170003891,1.0,3.0,success
1051,-4.047220706939697,2.6370909214019775,-0.0001810056419344619,0.032384809106588364,0.032384809106588364,1.0,3.0,success
1052,-4.046813011169434,2.6380484104156494,-0.0001809763052733615,0.03252103924751282,0.03252103924751282,1.0,-3.0,success
1053,-4.046406269073486,2.639004945755005,-0.0001809988170862198,0.032481949776411057,0.032481949776411057,1.0,-3.0,success
1054,-4.046001434326172,2.639960289001465,-0.0001810307876439765,0.03242436796426773,0.03242436796426773,1.0,-3.0,success
1055,-4.04559850692749,2.6409146785736084,-0.00018106805509887636,0.03237370401620865,0.03237370029091835,1.0,-3.0,success
1056,-4.045196056365967,2.6418681144714355,-0.0001811072143027559,0.03234045207500458,0.03234044834971428,1.0,-3.0,success
1057,-4.044792175292969,2.6428210735321045,-0.00018115455168299377,0.032344140112400055,0.032344140112400055,1.0,3.0,success
1058,-4.044387340545654,2.64377498626709,-0.00018116454884875566,0.032383210957050323,0.032383210957050323,1.0,3.0,success
1059,-4.043972015380859,2.6447296142578125,-0.00018113692931365222,0.032533176243305206,0.032533176243305206,1.0,-3.0,success
1060,-4.043558120727539,2.6456832885742188,-0.00018116188584826887,0.032488029450178146,0.032488029450178146,1.0,-3.0,success
1061,-4.043146133422852,2.6466357707977295,-0.00018119602464139462,0.03243015334010124,0.032430149614810944,1.0,-3.0,success
1062,-4.042736053466797,2.647587299346924,-0.0001812352129491046,0.032379161566495895,0.032379161566495895,1.0,-3.0,success
1063,-4.042327880859375,2.64853835105896,-0.00018128668307326734,0.03234192356467247,0.03234192356467247,1.0,3.0,success
1064,-4.0419182777404785,2.6494903564453125,-0.00018129387171939015,0.03238695487380028,0.03238695487380028,1.0,3.0,success
1065,-4.04149866104126,2.6504430770874023,-0.00018126307986676693,0.032532352954149246,0.032532352954149246,1.0,-3.0,success
1066,-4.041079998016357,2.651394844055176,-0.0001812862028600648,0.032493073493242264,0.032493073493242264,1.0,-3.0,success
1067,-4.040663719177246,2.6523454189300537,-0.00018131903198082,0.03242901712656021,0.03242901712656021,1.0,-3.0,success
1068,-4.040248394012451,2.6532950401306152,-0.0001813573035178706,0.032389767467975616,0.03238976374268532,1.0,-3.0,success
1069,-4.039834499359131,2.6542437076568604,-0.00018139889289159328,0.03234456107020378,0.03234456107020378,1.0,-3.0,success
1070,-4.039419651031494,2.655191659927368,-0.00018144716159440577,0.03233601152896881,0.03233601152896881,1.0,3.0,success
1071,-4.039003372192383,2.6561408042907715,-0.00018145752255804837,0.032388072460889816,0.032388072460889816,1.0,3.0,success
1072,-4.038576602935791,2.657090663909912,-0.00018142837507184595,0.03254151716828346,0.03254151716828346,1.0,-3.0,success
1073,-4.038151264190674,2.6580393314361572,-0.00018145385547541082,0.03248922526836395,0.03248922526836395,1.0,-3.0,success
1074,-4.037726879119873,2.658987045288086,-0.00018148882372770458,0.03244984522461891,0.03244984149932861,1.0,-3.0,success
1075,-4.037304878234863,2.6599338054656982,-0.00018152898701373488,0.032392241060733795,0.032392241060733795,1.0,-3.0,success
1076,-4.0368852615356445,2.6608798503875732,-0.00018158323655370623,0.032341547310352325,0.032341547310352325,1.0,3.0,success
1077,-4.036464691162109,2.6618270874023438,-0.0001815908181015402,0.032387685030698776,0.032387685030698776,1.0,3.0,success
1078,-4.0360331535339355,2.6627748012542725,-0.00018155825091525912,0.03254183009266853,0.03254183009266853,1.0,-3.0,success
1079,-4.035603046417236,2.663721799850464,-0.0001815817377064377,0.03250298276543617,0.03250298276543617,1.0,-3.0,success
1080,-4.035174369812012,2.6646673679351807,-0.00018161525076720864,0.03244379907846451,0.03244379907846451,1.0,-3.0,success
1081,-4.034747123718262,2.665611982345581,-0.00018165436631534249,0.03239821270108223,0.03239821270108223,1.0,-3.0,success
1082,-4.034321308135986,2.666555643081665,-0.00018169786198996007,0.032352644950151443,0.032352644950151443,1.0,-3.0,success
1083,-4.033895015716553,2.667498826980591,-0.00018174837168771774,0.03234519809484482,0.03234519809484482,1.0,3.0,success
1084,-4.033468246459961,2.668442964553833,-0.00018175925652030855,0.03237849473953247,0.03237849473953247,1.0,3.0,success
1085,-4.033029556274414,2.6693878173828125,-0.00018172823183704168,0.03255397826433182,0.03255397826433182,1.0,-3.0,success
1086,-4.032591819763184,2.6703317165374756,-0.00018175401783082634,0.03251440078020096,0.03251440078020096,1.0,-3.0,success
1087,-4.03216552734375,2.671273708343506,-0.00017742675845511258,0.032311540096998215,0.03231125697493553,1.0,-3.0,success
1088,-4.031736373901367,2.672215223312378,-0.00017810671124607325,0.032334666699171066,0.03233465924859047,1.0,-3.0,success
1089,-4.031306266784668,2.6731560230255127,-0.00017888947331812233,0.03232670947909355,0.032326702028512955,1.0,3.0,success
1090,-4.030874729156494,2.674098253250122,-0.00017949727771338075,0.03238596022129059,0.03238595649600029,1.0,3.0,success
1091,-4.030431747436523,2.6750409603118896,-0.00017994418158195913,0.032549984753131866,0.03254998102784157,1.0,-3.0,success
1092,-4.029989719390869,2.675982713699341,-0.00018035265384241939,0.032510336488485336,0.032510336488485336,1.0,-3.0,success
1093,-4.029549598693848,2.6769232749938965,-0.0001806943182600662,0.032451316714286804,0.032451312988996506,1.0,-3.0,success
1094,-4.029110908508301,2.6778628826141357,-0.0001809801033232361,0.03240538015961647,0.03240538015961647,1.0,-3.0,success
1095,-4.0286736488342285,2.6788012981414795,-0.00018122108303941786,0.03235272690653801,0.03235272690653801,1.0,-3.0,success
1096,-4.028236389160156,2.679739236831665,-0.0001814310235204175,0.03233921900391579,0.03233921900391579,1.0,3.0,success
1097,-4.027798175811768,2.680678367614746,-0.00018156789883505553,0.03238557651638985,0.03238557651638985,1.0,3.0,success
1098,-4.027348041534424,2.6816182136535645,-0.00018163552158512175,0.03256500884890556,0.03256500884890556,1.0,-3.0,success
1099,-4.0268988609313965,2.6825568675994873,-0.00018174195429310203,0.03251853957772255,0.03251853585243225,1.0,-3.0,success
1100,-4.0264506340026855,2.6834943294525146,-0.00018184239161200821,0.032472074031829834,0.032472074031829834,1.0,-3.0,success
1101,-4.026004314422607,2.6844308376312256,-0.0001819354947656393,0.03241950273513794,0.03241950273513794,1.0,-3.0,success
1102,-4.0255584716796875,2.685366153717041,-0.00018202263163402677,0.03237945958971977,0.03237945958971977,1.0,-3.0,success
1103,-4.0251145362854,2.6863009929656982,-0.0001821130863390863,0.0323403961956501,0.0323403961956501,1.0,3.0,success
1104,-4.024669647216797,2.687237024307251,-0.00018215189629700035,0.03238683566451073,0.03238683566451073,1.0,3.0,success
1105,-4.024212837219238,2.688173770904541,-0.0001821390469558537,0.03256858140230179,0.03256857767701149,1.0,-3.0,success
1106,-4.023756504058838,2.6891093254089355,-0.0001821822952479124,0.03252856433391571,0.03252856433391571,1.0,-3.0,success
1107,-4.023301124572754,2.6900436878204346,-0.00018223247025161982,0.03248202055692673,0.03248201683163643,1.0,-3.0,success
1108,-4.022846698760986,2.690977096557617,-0.00018228559929411858,0.03244217485189438,0.03244217112660408,1.0,-3.0,success
1109,-4.022397994995117,2.6919097900390625,-0.00018235811148770154,0.03234415873885155,0.03234415873885155,1.0,3.0,success
1110,-4.021949291229248,2.6928436756134033,-0.00018237416225019842,0.032377734780311584,0.032377734780311584,1.0,3.0,success
1111,-4.021487712860107,2.6937782764434814,-0.00018234159506391734,0.03257403150200844,0.03257403150200844,1.0,-3.0,success
1112,-4.021026611328125,2.694711923599243,-0.0001823698403313756,0.032540712505578995,0.032540712505578995,1.0,-3.0,success
1113,-4.020566463470459,2.6956441402435303,-0.00018240817007608712,0.03248743340373039,0.03248743340373039,1.0,-3.0,success
1114,-4.020107269287109,2.696575403213501,-0.00018245198589283973,0.03244752064347267,0.03244752064347267,1.0,-3.0,success
1115,-4.019649028778076,2.697505474090576,-0.0001825000363169238,0.03240093216300011,0.03240093216300011,1.0,-3.0,success
1116,-4.01919412612915,2.698435068130493,-0.00018256327894050628,0.03234158456325531,0.03234158456325531,1.0,3.0,success
1117,-4.018738269805908,2.6993656158447266,-0.00018257727788295597,0.03238145634531975,0.03238145262002945,1.0,3.0,success
1118,-4.018270015716553,2.7002971172332764,-0.00018254166934639215,0.03258037939667702,0.03258037939667702,1.0,-3.0,success
1119,-4.017801761627197,2.7012274265289307,-0.00018256863404531032,0.03254709765315056,0.03254709765315056,1.0,-3.0,success
1120,-4.017334461212158,2.7021565437316895,-0.00018260619253851473,0.03250042721629143,0.03250042349100113,1.0,-3.0,success
1121,-4.016867637634277,2.7030844688415527,-0.0001826495717978105,0.03246045112609863,0.03246045112609863,1.0,-3.0,success
1122,-4.016402244567871,2.7040112018585205,-0.00018269747670274228,0.032407090067863464,0.032407090067863464,1.0,-3.0,success
1123,-4.015940189361572,2.70493745803833,-0.0001827630476327613,0.03234707936644554,0.03234707564115524,1.0,3.0,success
1124,-4.015462398529053,2.705864429473877,-0.00018273691239301115,0.032589420676231384,0.032589420676231384,1.0,-3.0,success
1125,-4.014984130859375,2.7067902088165283,-0.0001827773085096851,0.03256314992904663,0.03256314620375633,1.0,-3.0,success
1126,-4.014520645141602,2.7077155113220215,-0.00018286106933373958,0.032340407371520996,0.032340407371520996,1.0,3.0,success
1127,-4.014040470123291,2.708641290664673,-0.00018282921519130468,0.03259055316448212,0.03259054943919182,1.0,-3.0,success
1128,-4.0135602951049805,2.709566116333008,-0.00018286454724147916,0.03256409615278244,0.03256409615278244,1.0,-3.0,success
1129,-4.013080596923828,2.7104897499084473,-0.00018290923617314547,0.032524168491363525,0.032524168491363525,1.0,-3.0,success
1130,-4.012601852416992,2.711411952972412,-0.00018295863992534578,0.03247075900435448,0.03247075900435448,1.0,-3.0,success
1131,-4.0121235847473145,2.7123334407806396,-0.00018301168165635318,0.0324440561234951,0.0324440561234951,1.0,-3.0,success
1132,-4.011645317077637,2.7132534980773926,-0.0001830676628742367,0.03240438550710678,0.03240438550710678,1.0,-3.0,success
1133,-4.011168003082275,2.71417236328125,-0.00018312607426196337,0.032357584685087204,0.032357584685087204,1.0,-3.0,success
1134,-4.0106892585754395,2.715090274810791,-0.00018318422371521592,0.032351791858673096,0.032351791858673096,1.0,-3.0,success
1135,-4.010209083557129,2.7160067558288574,-0.0001832413545344025,0.0323328860104084,0.0323328860104084,1.0,-3.0,success
1136,-4.009726047515869,2.7169222831726074,-0.00018330082821194082,0.032348111271858215,0.032348111271858215,1.0,-3.0,success
1137,-4.009241104125977,2.717836618423462,-0.00018336239736527205,0.0323430560529232,0.032343052327632904,1.0,-3.0,success
1138,-4.008754253387451,2.718749761581421,-0.00018342569819651544,0.03233814984560013,0.03233814984560013,1.0,-3.0,success
1139,-4.008265018463135,2.7196619510650635,-0.00018349043966736645,0.032347001135349274,0.032347001135349274,1.0,-3.0,success
1140,-4.007773399353027,2.7205727100372314,-0.00018355640349909663,0.03234293684363365,0.03234293684363365,1.0,-3.0,success
1141,-4.007279872894287,2.721482276916504,-0.00018362340051680803,0.032338544726371765,0.03233854100108147,1.0,-3.0,success
1142,-4.006783962249756,2.72239089012146,-0.00018369128520134836,0.03234798088669777,0.03234797716140747,1.0,-3.0,success
1143,-4.006285667419434,2.7232980728149414,-0.0001837599411373958,0.032344549894332886,0.032344549894332886,1.0,-3.0,success
1144,-4.005785942077637,2.7242043018341064,-0.00018382928101345897,0.032339997589588165,0.032339997589588165,1.0,-3.0,success
1145,-4.005283355712891,2.725109338760376,-0.0001838992175180465,0.03235069289803505,0.03235069289803505,1.0,-3.0,success
1146,-4.004778861999512,2.726012945175171,-0.0001839697069954127,0.032340630888938904,0.032340630888938904,1.0,-3.0,success
1147,-4.0042724609375,2.7269155979156494,-0.00018404069123789668,0.03234373405575752,0.03234373405575752,1.0,-3.0,success
1148,-4.003763675689697,2.7278168201446533,-0.00018411214114166796,0.03234131634235382,0.03234131634235382,1.0,-3.0,success
1149,-4.003252983093262,2.728717088699341,-0.00018418401305098087,0.03234473615884781,0.03234473615884781,1.0,-3.0,success
1150,-4.002739906311035,2.7296159267425537,-0.00018425629241392016,0.032342731952667236,0.032342731952667236,1.0,-3.0,success
1151,-4.002224922180176,2.730513572692871,-0.0001843289501266554,0.03234000504016876,0.032340001314878464,1.0,-3.0,success
1152,-4.001707553863525,2.731410026550293,-0.00018440198618918657,0.03234487026929855,0.03234487026929855,1.0,-3.0,success
1153,-4.001189231872559,2.7323060035705566,-0.00018448365153744817,0.032346878200769424,0.032346878200769424,1.0,3.0,success
1154,-4.000652313232422,2.7332026958465576,-0.00018447093316353858,0.032660938799381256,0.03266093507409096,1.0,-3.0,success
1155,-4.000114917755127,2.734097957611084,-0.00018453205120749772,0.03263026103377342,0.03263026103377342,1.0,-3.0,success
1156,-3.9995949268341064,2.734992742538452,-0.0001846456143539399,0.03234081342816353,0.03234081342816353,1.0,3.0,success
1157,-3.999074935913086,2.735889196395874,-0.00018466715118847787,0.032385919243097305,0.03238591551780701,1.0,3.0,success
1158,-3.9985384941101074,2.736786127090454,-0.00018462220032233745,0.032659679651260376,0.032659679651260376,1.0,-3.0,success
1159,-3.998002052307129,2.7376816272735596,-0.00018465389439370483,0.032621320337057114,0.032621320337057114,1.0,-3.0,success
1160,-3.9974660873413086,2.7385761737823486,-0.0001846977393142879,0.03258809819817543,0.03258809819817543,1.0,-3.0,success
1161,-3.9969305992126465,2.739469051361084,-0.00018474817625246942,0.03253570571541786,0.03253570571541786,1.0,-3.0,success
1162,-3.9963955879211426,2.740360975265503,-0.0001848037209128961,0.03250248357653618,0.03250248357653618,1.0,-3.0,success
1163,-3.9958691596984863,2.7412519454956055,-0.0001848889805842191,0.0323396660387516,0.0323396660387516,1.0,3.0,success
1164,-3.995323657989502,2.7421438694000244,-0.00018485463806428015,0.032672327011823654,0.032672323286533356,1.0,-3.0,success
1165,-3.9947783946990967,2.743034601211548,-0.00018490054935682565,0.03263665735721588,0.03263665735721588,1.0,-3.0,success
1166,-3.9942498207092285,2.743924379348755,-0.00018500151054468006,0.03234179690480232,0.032341793179512024,1.0,3.0,success
1167,-3.9937021732330322,2.7448151111602783,-0.00018496031407266855,0.032675620168447495,0.032675620168447495,1.0,-3.0,success
1168,-3.993155002593994,2.745704412460327,-0.00018500057922210544,0.03262973576784134,0.03262973204255104,1.0,-3.0,success
1169,-3.992608070373535,2.7465925216674805,-0.00018505162734072655,0.03259410709142685,0.03259410709142685,1.0,-3.0,success
1170,-3.9920620918273926,2.7474794387817383,-0.00018510805966798216,0.0325467586517334,0.0325467586517334,1.0,-3.0,success
1171,-3.991516351699829,2.7483646869659424,-0.00018516863929107785,0.032498445361852646,0.032498445361852646,1.0,-3.0,success
1172,-3.990971326828003,2.74924898147583,-0.0001852325804065913,0.03246134892106056,0.032461345195770264,1.0,-3.0,success
1173,-3.990426540374756,2.750131607055664,-0.00018529925728216767,0.032413046807050705,0.032413043081760406,1.0,-3.0,success
1174,-3.989882469177246,2.7510132789611816,-0.000185368160600774,0.03237594664096832,0.03237594664096832,1.0,-3.0,success
1175,-3.989337921142578,2.7518935203552246,-0.00018543703481554985,0.03234574943780899,0.03234574943780899,1.0,-3.0,success
1176,-3.9887912273406982,2.752772331237793,-0.0001855035370681435,0.03234311193227768,0.03234310820698738,1.0,-3.0,success
1177,-3.9882423877716064,2.753649950027466,-0.0001855723821790889,0.03234698995947838,0.03234698995947838,1.0,-3.0,success
1178,-3.987691640853882,2.754526138305664,-0.0001856433373177424,0.032340776175260544,0.032340776175260544,1.0,-3.0,success
1179,-3.987138509750366,2.755401134490967,-0.00018571605323813856,0.03234899416565895,0.03234899416565895,1.0,-3.0,success
1180,-3.9865834712982178,2.756274700164795,-0.00018579022435005754,0.03234313800930977,0.03234313800930977,1.0,-3.0,success
1181,-3.9860265254974365,2.7571470737457275,-0.00018586563237477094,0.03234374150633812,0.03234373778104782,1.0,-3.0,success
1182,-3.9854671955108643,2.7580180168151855,-0.00018594207358546555,0.03234626725316048,0.03234626352787018,1.0,-3.0,success
1183,-3.984905958175659,2.758887767791748,-0.00018601941701490432,0.03234720602631569,0.03234720602631569,1.0,-3.0,success
1184,-3.984342575073242,2.759756088256836,-0.00018609751714393497,0.032346103340387344,0.032346099615097046,1.0,-3.0,success
1185,-3.9837772846221924,2.760622978210449,-0.00018617630121298134,0.0323411263525486,0.0323411263525486,1.0,-3.0,success
1186,-3.983210802078247,2.7614893913269043,-0.00018626377277541906,0.03234902024269104,0.03234902024269104,1.0,3.0,success
1187,-3.982644557952881,2.762357234954834,-0.00018630331032909453,0.03238237276673317,0.03238237276673317,1.0,3.0,success
1188,-3.982059955596924,2.76322603225708,-0.00018626655219122767,0.03272411599755287,0.03272411599755287,1.0,-3.0,success
1189,-3.981475830078125,2.7640933990478516,-0.00018631467537488788,0.03267871215939522,0.03267871215939522,1.0,-3.0,success
1190,-3.9808924198150635,2.7649593353271484,-0.00018637337780091912,0.03262914717197418,0.03262914717197418,1.0,-3.0,success
1191,-3.9803097248077393,2.7658238410949707,-0.0001864370860857889,0.032579582184553146,0.032579582184553146,1.0,-3.0,success
1192,-3.9797277450561523,2.7666869163513184,-0.00018650460697244853,0.03253002092242241,0.03253002092242241,1.0,-3.0,success
1193,-3.9791553020477295,2.7675492763519287,-0.00018660386558622122,0.0323457233607769,0.0323457233607769,1.0,3.0,success
1194,-3.9785826206207275,2.7684133052825928,-0.0001866249367594719,0.03239330276846886,0.03239330276846886,1.0,3.0,success
1195,-3.977991819381714,2.769278049468994,-0.00018657262262422591,0.03272799402475357,0.03272799402475357,1.0,-3.0,success
1196,-3.9774017333984375,2.7701416015625,-0.0001866096572484821,0.03268462419509888,0.03268462419509888,1.0,-3.0,success
1197,-3.9768128395080566,2.771003484725952,-0.00018665968673303723,0.032620545476675034,0.032620545476675034,1.0,-3.0,success
1198,-3.97623872756958,2.771864652633667,-0.00018675840692594647,0.03234359249472618,0.03234359249472618,1.0,3.0,success
1199,-3.9756433963775635,2.7727267742156982,-0.00018670684949029237,0.03274058923125267,0.03274058550596237,1.0,-3.0,success
1200,-3.9750492572784424,2.773587465286255,-0.00018675043247640133,0.0326826311647892,0.0326826311647892,1.0,-3.0,success
1201,-3.9744560718536377,2.774446487426758,-0.00018680586072150618,0.03262278437614441,0.03262278437614441,1.0,-3.0,success
1202,-3.9738779067993164,2.7753050327301025,-0.0001869088300736621,0.03234601020812988,0.03234601020812988,1.0,3.0,success
1203,-3.9732987880706787,2.776165008544922,-0.00018691843433771282,0.0323997363448143,0.0323997363448143,1.0,3.0,success
1204,-3.9727017879486084,2.7770256996154785,-0.0001868565595941618,0.03273351117968559,0.03273351117968559,1.0,-3.0,success
1205,-3.9721057415008545,2.7778851985931396,-0.00018688735144678503,0.032685913145542145,0.032685913145542145,1.0,-3.0,success
1206,-3.971511125564575,2.778743028640747,-0.00018693254969548434,0.03261758014559746,0.03261758014559746,1.0,-3.0,success
1207,-3.9709177017211914,2.77959942817688,-0.00018698569328989834,0.03255962207913399,0.03255961835384369,1.0,-3.0,success
1208,-3.9703257083892822,2.780454635620117,-0.00018704500689636916,0.03250354155898094,0.03250354155898094,1.0,-3.0,success
1209,-3.9697351455688477,2.781308174133301,-0.00018710928270593286,0.03243521600961685,0.03243521600961685,1.0,-3.0,success
1210,-3.9691483974456787,2.782160997390747,-0.0001871913264039904,0.0323491208255291,0.0323491208255291,1.0,3.0,success
1211,-3.9685611724853516,2.783015251159668,-0.0001872101129265502,0.032394398003816605,0.032394398003816605,1.0,3.0,success
1212,-3.9679555892944336,2.7838706970214844,-0.00018715528130996972,0.032753199338912964,0.032753199338912964,1.0,-3.0,success
1213,-3.967350959777832,2.784724473953247,-0.000187193596502766,0.03269341215491295,0.03269341215491295,1.0,-3.0,success
1214,-3.966747999191284,2.785576820373535,-0.0001872450957307592,0.032626792788505554,0.032626792788505554,1.0,-3.0,success
1215,-3.966146230697632,2.7864277362823486,-0.00018730350711848587,0.032568786293268204,0.032568782567977905,1.0,-3.0,success
1216,-3.965545654296875,2.7872772216796875,-0.00018736727361101657,0.032510776072740555,0.032510776072740555,1.0,-3.0,success
1217,-3.9649531841278076,2.78812575340271,-0.00018745887791737914,0.03234076127409935,0.03234076127409935,1.0,3.0,success
1218,-3.9643595218658447,2.788975954055786,-0.00018747526337392628,0.03240484744310379,0.03240484744310379,1.0,3.0,success
1219,-3.96374773979187,2.7898271083831787,-0.0001874173030955717,0.032756511121988297,0.032756511121988297,1.0,-3.0,success
1220,-3.963136911392212,2.7906768321990967,-0.0001874543959274888,0.032702818512916565,0.032702818512916565,1.0,-3.0,success
1221,-3.9625277519226074,2.791524887084961,-0.00018750513845589012,0.03263003006577492,0.03263003006577492,1.0,-3.0,success
1222,-3.9619200229644775,2.7923717498779297,-0.00018756311328615993,0.032573699951171875,0.03257369622588158,1.0,-3.0,success
1223,-3.961313486099243,2.7932169437408447,-0.00018762667605187744,0.03250960633158684,0.03250960633158684,1.0,-3.0,success
1224,-3.960714817047119,2.7940611839294434,-0.00018771820759866387,0.03234255686402321,0.03234255686402321,1.0,3.0,success
1225,-3.9601151943206787,2.794907331466675,-0.00018773401097860187,0.032408419996500015,0.032408419996500015,1.0,3.0,success
1226,-3.9594972133636475,2.7957541942596436,-0.000187674566404894,0.03276152163743973,0.03276152163743973,1.0,-3.0,success
1227,-3.9588801860809326,2.796599864959717,-0.00018771183385979384,0.032713863998651505,0.032713860273361206,1.0,-3.0,success
1228,-3.9582648277282715,2.7974436283111572,-0.0001877629110822454,0.03263496980071068,0.03263496980071068,1.0,-3.0,success
1229,-3.957650899887085,2.798286199569702,-0.00018782132246997207,0.03257853537797928,0.03257853537797928,1.0,-3.0,success
1230,-3.957038164138794,2.7991271018981934,-0.00018788539455272257,0.03251444548368454,0.03251444548368454,1.0,-3.0,success
1231,-3.9564270973205566,2.79996657371521,-0.00018795400683302432,0.032447606325149536,0.032447606325149536,1.0,-3.0,success
1232,-3.955820322036743,2.80080509185791,-0.00018804096907842904,0.03234471380710602,0.03234471380710602,1.0,3.0,success
1233,-3.9552128314971924,2.801645517349243,-0.00018806128355208784,0.03240611031651497,0.03240611031651497,1.0,3.0,success
1234,-3.9545862674713135,2.8024868965148926,-0.0001880039635580033,0.032782744616270065,0.03278274089097977,1.0,-3.0,success
1235,-3.95396089553833,2.8033266067504883,-0.00018804472347255796,0.03271866589784622,0.03271866217255592,1.0,-3.0,success
1236,-3.9533369541168213,2.8041646480560303,-0.00018809887114912271,0.03265013545751572,0.03265013545751572,1.0,-3.0,success
1237,-3.952714681625366,2.8050014972686768,-0.00018815994553733617,0.03258911520242691,0.03258911520242691,1.0,-3.0,success
1238,-3.9520933628082275,2.8058366775512695,-0.0001882263895822689,0.03252948075532913,0.03252948075532913,1.0,-3.0,success
1239,-3.9514808654785156,2.806670904159546,-0.00018832297064363956,0.032341666519641876,0.032341666519641876,1.0,3.0,success
1240,-3.9508674144744873,2.807507038116455,-0.00018833998183254153,0.03240735083818436,0.03240735083818436,1.0,3.0,success
1241,-3.9502346515655518,2.8083438873291016,-0.00018827833991963416,0.03278578445315361,0.03278578445315361,1.0,-3.0,success
1242,-3.949603319168091,2.8091793060302734,-0.00018831691704690456,0.032723166048526764,0.032723166048526764,1.0,-3.0,success
1243,-3.9489731788635254,2.8100132942199707,-0.00018836950766853988,0.03266504406929016,0.03266504034399986,1.0,-3.0,success
1244,-3.9483444690704346,2.8108456134796143,-0.00018842950521502644,0.03259648010134697,0.03259648010134697,1.0,-3.0,success
1245,-3.9477171897888184,2.811676502227783,-0.00018849522166419774,0.03253386542201042,0.03253386542201042,1.0,-3.0,success
1246,-3.947098731994629,2.8125064373016357,-0.00018859247211366892,0.03234461322426796,0.03234461322426796,1.0,3.0,success
1247,-3.946479320526123,2.813338279724121,-0.0001886088721221313,0.032410215586423874,0.032410215586423874,1.0,3.0,success
1248,-3.945840358734131,2.8141708374023438,-0.00018854519294109195,0.03279649093747139,0.03279649093747139,1.0,-3.0,success
1249,-3.9452028274536133,2.815001964569092,-0.0001885834790300578,0.03273381292819977,0.03273381292819977,1.0,-3.0,success
1250,-3.944566488265991,2.815831422805786,-0.00018863604054786265,0.03266975283622742,0.03266975283622742,1.0,-3.0,success
1251,-3.9439313411712646,2.816659450531006,-0.0001886961399577558,0.03261161223053932,0.03261161223053932,1.0,-3.0,success
1252,-3.9432976245880127,2.817485809326172,-0.000188762103789486,0.03254302218556404,0.03254302218556404,1.0,-3.0,success
1253,-3.942673444747925,2.8183114528656006,-0.00018886146426666528,0.032344695180654526,0.03234469145536423,1.0,3.0,success
1254,-3.9420480728149414,2.819138765335083,-0.0001888779952423647,0.03240876644849777,0.032408762723207474,1.0,3.0,success
1255,-3.9414031505584717,2.819967031478882,-0.00018881265714298934,0.03280430659651756,0.032804302871227264,1.0,-3.0,success
1256,-3.9407591819763184,2.820793628692627,-0.00018885091412812471,0.03274484723806381,0.03274484723806381,1.0,-3.0,success
1257,-3.9401166439056396,2.8216187953948975,-0.00018890366482082754,0.032682109624147415,0.032682109624147415,1.0,-3.0,success
1258,-3.9394752979278564,2.8224422931671143,-0.0001889640698209405,0.032618071883916855,0.032618071883916855,1.0,-3.0,success
1259,-3.9388351440429688,2.8232641220092773,-0.00018903042655438185,0.032554034143686295,0.032554034143686295,1.0,-3.0,success
1260,-3.9381959438323975,2.824084758758545,-0.00018910154176410288,0.03250633180141449,0.03250633180141449,1.0,-3.0,success
1261,-3.93756365776062,2.824904203414917,-0.0001891988213174045,0.0323445089161396,0.032344505190849304,1.0,3.0,success
1262,-3.9369308948516846,2.825725555419922,-0.00018922037270385772,0.03240080922842026,0.03240080922842026,1.0,3.0,success
1263,-3.9362776279449463,2.826547861099243,-0.0001891566935228184,0.03281911090016365,0.03281910717487335,1.0,-3.0,success
1264,-3.9356253147125244,2.8273684978485107,-0.0001891980500658974,0.032759737223386765,0.032759737223386765,1.0,-3.0,success
1265,-3.934974193572998,2.8281877040863037,-0.00018925353651866317,0.032701559364795685,0.032701559364795685,1.0,-3.0,success
1266,-3.934324026107788,2.829005241394043,-0.00018931637168861926,0.0326421894133091,0.0326421894133091,1.0,-3.0,success
1267,-3.9336750507354736,2.8298213481903076,-0.0001893848821055144,0.032584015280008316,0.032584015280008316,1.0,-3.0,success
1268,-3.933037042617798,2.8306362628936768,-0.0001894929155241698,0.032342471182346344,0.032342471182346344,1.0,3.0,success
1269,-3.9323983192443848,2.831453323364258,-0.0001895113236969337,0.03240905702114105,0.03240905702114105,1.0,3.0,success
1270,-3.931739330291748,2.832271099090576,-0.00018944275507237762,0.032820288091897964,0.032820288091897964,1.0,-3.0,success
1271,-3.9310808181762695,2.83308744430542,-0.0001894814777188003,0.032776135951280594,0.032776135951280594,1.0,-3.0,success
1272,-3.9304234981536865,2.833901882171631,-0.00018953505787067115,0.032706353813409805,0.032706353813409805,1.0,-3.0,success
1273,-3.92976713180542,2.834714889526367,-0.00018959652516059577,0.032652851194143295,0.032652847468853,1.0,-3.0,success
1274,-3.9291114807128906,2.835526466369629,-0.0001896641042549163,0.03260403126478195,0.03260403126478195,1.0,-3.0,success
1275,-3.9284567832946777,2.836336374282837,-0.00018973657279275358,0.032544735819101334,0.032544732093811035,1.0,-3.0,success
1276,-3.9278109073638916,2.8371453285217285,-0.00018984255439136177,0.03234884515404701,0.03234884515404701,1.0,3.0,success
1277,-3.9271647930145264,2.837956190109253,-0.00018986521172337234,0.032400090247392654,0.032400090247392654,1.0,3.0,success
1278,-3.9264976978302,2.8387677669525146,-0.0001897974725579843,0.032829947769641876,0.032829947769641876,1.0,-3.0,success
1279,-3.925830841064453,2.8395779132843018,-0.00018983862537425011,0.032790690660476685,0.032790690660476685,1.0,-3.0,success
1280,-3.9251651763916016,2.8403866291046143,-0.00018989444652106613,0.03273250162601471,0.03273250162601471,1.0,-3.0,success
1281,-3.924499988555908,2.841193437576294,-0.00018995792197529227,0.032677020877599716,0.032677020877599716,1.0,-3.0,success
1282,-3.9238357543945312,2.841998815536499,-0.00019002733461093158,0.03262357413768768,0.03262357413768768,1.0,-3.0,success
1283,-3.9231841564178467,2.8428032398223877,-0.00019014324061572552,0.03235059231519699,0.03235058858990669,1.0,3.0,success
1284,-3.922532558441162,2.84360933303833,-0.0001901626237668097,0.03239113464951515,0.03239113464951515,1.0,3.0,success
1285,-3.9218592643737793,2.844416618347168,-0.00019008980598300695,0.03285019099712372,0.03285019099712372,1.0,-3.0,success
1286,-3.921186685562134,2.845222234725952,-0.00019012820848729461,0.032795827835798264,0.032795827835798264,1.0,-3.0,success
1287,-3.9205145835876465,2.8460261821746826,-0.00019018202146980911,0.032746247947216034,0.032746247947216034,1.0,-3.0,success
1288,-3.9198431968688965,2.8468284606933594,-0.00019024405628442764,0.03269190713763237,0.03269190341234207,1.0,-3.0,success
1289,-3.919172525405884,2.8476290702819824,-0.0001903124648379162,0.032637570053339005,0.032637566328048706,1.0,-3.0,success
1290,-3.9185023307800293,2.848428249359131,-0.0001903859811136499,0.032593734562397,0.032593734562397,1.0,-3.0,success
1291,-3.9178431034088135,2.849226474761963,-0.0001905008830362931,0.03235159069299698,0.03235159069299698,1.0,3.0,success
1292,-3.9171838760375977,2.8500263690948486,-0.00019052451534662396,0.03239182010293007,0.03239182010293007,1.0,3.0,success
1293,-3.9165027141571045,2.85082745552063,-0.00019045243971049786,0.032860394567251205,0.032860394567251205,1.0,-3.0,success
1294,-3.9158220291137695,2.8516268730163574,-0.00019049325783271343,0.03281101584434509,0.03281101584434509,1.0,-3.0,success
1295,-3.9151415824890137,2.8524246215820312,-0.0001905492681544274,0.032766491174697876,0.032766491174697876,1.0,-3.0,success
1296,-3.914461851119995,2.8532207012176514,-0.00019061329658143222,0.03271230682730675,0.03271230682730675,1.0,-3.0,success
1297,-3.9137823581695557,2.8540151119232178,-0.00019068353867623955,0.032667819410562515,0.032667819410562515,1.0,-3.0,success
1298,-3.9131033420562744,2.8548078536987305,-0.00019075872842222452,0.032618507742881775,0.032618507742881775,1.0,-3.0,success
1299,-3.9124367237091064,2.8555996417999268,-0.000190879829460755,0.0323450081050396,0.0323450043797493,1.0,3.0,success
1300,-3.9117701053619385,2.856393575668335,-0.00019090465502813458,0.032396335154771805,0.032396335154771805,1.0,3.0,success
1301,-3.911081075668335,2.8571882247924805,-0.00019083065853919834,0.03286794573068619,0.03286794200539589,1.0,-3.0,success
1302,-3.9103922843933105,2.8579814434051514,-0.00019087175314780325,0.032829295843839645,0.032829295843839645,1.0,-3.0,success
1303,-3.9097037315368652,2.8587727546691895,-0.00019092827278655022,0.032779425382614136,0.032779425382614136,1.0,-3.0,success
1304,-3.909015655517578,2.859562635421753,-0.00019099292694590986,0.032735925167798996,0.032735925167798996,1.0,-3.0,success
1305,-3.90832781791687,2.8603506088256836,-0.0001910638966364786,0.032686103135347366,0.032686103135347366,1.0,-3.0,success
1306,-3.907655715942383,2.861137866973877,-0.00019119196804240346,0.032347846776247025,0.032347843050956726,1.0,3.0,success
1307,-3.9069836139678955,2.861927032470703,-0.00019121280638501048,0.0323932021856308,0.0323931984603405,1.0,3.0,success
1308,-3.9062886238098145,2.8627171516418457,-0.00019113348389510065,0.03288384526968002,0.032883841544389725,1.0,-3.0,success
1309,-3.9055941104888916,2.8635053634643555,-0.0001911716681206599,0.03282926231622696,0.03282925859093666,1.0,-3.0,success
1310,-3.904899835586548,2.8642921447753906,-0.00019122607773169875,0.03279079869389534,0.03279079869389534,1.0,-3.0,success
1311,-3.904205799102783,2.865077018737793,-0.00019128921849187464,0.03274119645357132,0.03274119645357132,1.0,-3.0,success
1312,-3.9035120010375977,2.8658604621887207,-0.00019135914044454694,0.03270278126001358,0.03270278126001358,1.0,-3.0,success
1313,-3.902834177017212,2.866642951965332,-0.00019148823048453778,0.032351456582546234,0.032351456582546234,1.0,3.0,success
1314,-3.902156352996826,2.867427110671997,-0.0001915083557832986,0.03239089623093605,0.03239089623093605,1.0,3.0,success
1315,-3.901455879211426,2.8682124614715576,-0.0001914266758831218,0.032885920256376266,0.032885920256376266,1.0,-3.0,success
1316,-3.9007554054260254,2.8689961433410645,-0.00019146439444739372,0.03284701704978943,0.03284701332449913,1.0,-3.0,success
1317,-3.9000778198242188,2.869778871536255,-0.00019159403746016324,0.03235221281647682,0.03235220909118652,1.0,3.0,success
1318,-3.899400234222412,2.870563268661499,-0.0001915938191814348,0.032391659915447235,0.032391659915447235,1.0,3.0,success
1319,-3.8987224102020264,2.871349573135376,-0.00019157017231918871,0.03244165703654289,0.032441653311252594,1.0,3.0,success
1320,-3.8980443477630615,2.8721375465393066,-0.00019153162429574877,0.03248603641986847,0.03248603269457817,1.0,3.0,success
1321,-3.8973655700683594,2.872927188873291,-0.00019148124556522816,0.03254014998674393,0.03254014998674393,1.0,3.0,success
1322,-3.896686315536499,2.873718738555908,-0.0001914213935378939,0.03259507566690445,0.03259507194161415,1.0,3.0,success
1323,-3.8959944248199463,2.8745110034942627,-0.00019130989676341414,0.03287043049931526,0.03287042677402496,1.0,-3.0,success
1324,-3.8953030109405518,2.8753013610839844,-0.0001912957668537274,0.03281574696302414,0.03281574696302414,1.0,-3.0,success
1325,-3.8946125507354736,2.8760900497436523,-0.00019130739383399487,0.03275687247514725,0.03275687247514725,1.0,-3.0,success
1326,-3.893923044204712,2.8768770694732666,-0.00019133617752231658,0.032698001712560654,0.032698001712560654,1.0,-3.0,success
1327,-3.8932342529296875,2.877662181854248,-0.00019137847993988544,0.03263844922184944,0.03263844922184944,1.0,-3.0,success
1328,-3.8925585746765137,2.878446340560913,-0.0001914755121106282,0.03234708309173584,0.03234708309173584,1.0,3.0,success
1329,-3.8918826580047607,2.879232406616211,-0.0001914772146847099,0.03239712119102478,0.03239712119102478,1.0,3.0,success
1330,-3.8911843299865723,2.880019426345825,-0.0001913831220008433,0.03288031741976738,0.03288031741976738,1.0,-3.0,success
1331,-3.890486240386963,2.8808047771453857,-0.0001914107851916924,0.03283637389540672,0.03283637389540672,1.0,-3.0,success
1332,-3.889788866043091,2.8815884590148926,-0.00019145682745147496,0.032782550901174545,0.032782550901174545,1.0,-3.0,success
1333,-3.889091968536377,2.8823702335357666,-0.00019151330343447626,0.032728128135204315,0.032728128135204315,1.0,-3.0,success
1334,-3.8883955478668213,2.883150577545166,-0.0001915779139380902,0.032684847712516785,0.032684847712516785,1.0,-3.0,success
1335,-3.887699604034424,2.8839290142059326,-0.0001916490582516417,0.03263046592473984,0.03263046592473984,1.0,-3.0,success
1336,-3.8870162963867188,2.884706735610962,-0.0001917691552080214,0.03235182538628578,0.03235182538628578,1.0,3.0,success
1337,-3.8863329887390137,2.885486125946045,-0.00019179096852894872,0.0323910228908062,0.0323910191655159,1.0,3.0,success
1338,-3.8856265544891357,2.8862667083740234,-0.0001917099580168724,0.032899562269449234,0.032899558544158936,1.0,-3.0,success
1339,-3.884920358657837,2.887045383453369,-0.00019174978660885245,0.03285038471221924,0.03285038471221924,1.0,-3.0,success
1340,-3.8842146396636963,2.8878226280212402,-0.00019180591334588826,0.03280726447701454,0.03280726447701454,1.0,-3.0,success
1341,-3.8835091590881348,2.8885979652404785,-0.00019187078578397632,0.03275815024971962,0.03275814652442932,1.0,-3.0,success
1342,-3.8828041553497314,2.889371633529663,-0.00019194242486264557,0.032709553837776184,0.032709553837776184,1.0,-3.0,success
1343,-3.882099151611328,2.890143632888794,-0.00019201950635761023,0.03267102316021919,0.032671019434928894,1.0,-3.0,success
1344,-3.881394624710083,2.890913963317871,-0.0001921009534271434,0.03262247145175934,0.03262247145175934,1.0,-3.0,success
1345,-3.8807034492492676,2.8916831016540527,-0.0001878936163848266,0.03231490030884743,0.03231463208794594,1.0,3.0,success
1346,-3.880013942718506,2.8924546241760254,-0.00018857054237741977,0.0323353186249733,0.0323353111743927,1.0,3.0,success
1347,-3.879298686981201,2.8932271003723145,-0.00018921315495390445,0.03289885073900223,0.03289884701371193,1.0,-3.0,success
1348,-3.8785839080810547,2.89399790763855,-0.00018985275528393686,0.0328504703938961,0.032850462943315506,1.0,-3.0,success
1349,-3.8778698444366455,2.8947670459747314,-0.0001903896773001179,0.03279703110456467,0.03279702737927437,1.0,-3.0,success
1350,-3.8771564960479736,2.8955342769622803,-0.000190839302376844,0.032738152891397476,0.03273814916610718,1.0,-3.0,success
1351,-3.876443862915039,2.8962998390197754,-0.00019121885998174548,0.03268473967909813,0.03268473967909813,1.0,-3.0,success
1352,-3.8757317066192627,2.897063732147217,-0.0001915423636091873,0.03263642266392708,0.03263641893863678,1.0,-3.0,success
1353,-3.8750202655792236,2.8978257179260254,-0.00019182104733772576,0.03257759287953377,0.03257758915424347,1.0,-3.0,success
1354,-3.8743090629577637,2.8985860347747803,-0.00019206397701054811,0.0325343981385231,0.0325343981385231,1.0,-3.0,success
1355,-3.873598575592041,2.8993449211120605,-0.0001922783412737772,0.03248648717999458,0.032486483454704285,1.0,-3.0,success
1356,-3.8728883266448975,2.900101900100708,-0.0001924699463415891,0.03243790194392204,0.03243790194392204,1.0,-3.0,success
1357,-3.872178554534912,2.9008572101593018,-0.00019264341972302645,0.03238968178629875,0.03238968178629875,1.0,-3.0,success
1358,-3.8714685440063477,2.901610851287842,-0.00019280189007986337,0.03235680237412453,0.03235679864883423,1.0,-3.0,success
1359,-3.8707571029663086,2.902362585067749,-0.0001929430873133242,0.03234415873885155,0.03234415501356125,1.0,-3.0,success
1360,-3.870044469833374,2.903113603591919,-0.00019308419723529369,0.03235355764627457,0.03235355392098427,1.0,3.0,success
1361,-3.8693056106567383,2.9038658142089844,-0.0001930730213643983,0.03294961526989937,0.03294961526989937,1.0,-3.0,success
1362,-3.868593454360962,2.9046170711517334,-0.00019327235349919647,0.03234871104359627,0.03234871104359627,1.0,3.0,success
1363,-3.8678548336029053,2.905369520187378,-0.00019322709704283625,0.03294971585273743,0.03294971585273743,1.0,-3.0,success
1364,-3.8671164512634277,2.9061200618743896,-0.0001933057646965608,0.032901979982852936,0.03290197625756264,1.0,-3.0,success
1365,-3.8663785457611084,2.9068689346313477,-0.00019339421123731881,0.0328543595969677,0.0328543595969677,1.0,-3.0,success
1366,-3.8656411170959473,2.907616138458252,-0.00019348591740708798,0.03280676528811455,0.03280676156282425,1.0,-3.0,success
1367,-3.8649234771728516,2.9083621501922607,-0.00019364729814697057,0.03234851360321045,0.03234850987792015,1.0,3.0,success
1368,-3.8641793727874756,2.909109354019165,-0.00019358679128345102,0.03295363485813141,0.03295363485813141,1.0,-3.0,success
1369,-3.8634355068206787,2.9098548889160156,-0.00019365585467312485,0.03291143849492073,0.03291143849492073,1.0,-3.0,success
1370,-3.8627161979675293,2.91059947013855,-0.00019381960737518966,0.03235252574086189,0.03235252574086189,1.0,3.0,success
1371,-3.8619701862335205,2.9113452434539795,-0.00019374547991901636,0.03296410292387009,0.03296410292387009,1.0,-3.0,success
1372,-3.861224889755249,2.9120891094207764,-0.0001938039349624887,0.03290616348385811,0.03290616348385811,1.0,-3.0,success
1373,-3.860503911972046,2.912832021713257,-0.00019395882554817945,0.03235133737325668,0.03235133737325668,1.0,3.0,success
1374,-3.8597559928894043,2.9135758876800537,-0.00019387710199225694,0.032964225858449936,0.03296422213315964,1.0,-3.0,success
1375,-3.859009027481079,2.914318084716797,-0.00019393036200199276,0.032906319946050644,0.032906319946050644,1.0,-3.0,success
1376,-3.858262777328491,2.9150586128234863,-0.00019399878510739654,0.032853711396455765,0.032853711396455765,1.0,-3.0,success
1377,-3.8575382232666016,2.9157979488372803,-0.00019414786947891116,0.0323493517935276,0.0323493517935276,1.0,3.0,success
1378,-3.8568129539489746,2.916539192199707,-0.0001941597438417375,0.03240757808089256,0.03240757808089256,1.0,3.0,success
1379,-3.8560636043548584,2.9172818660736084,-0.00019406240608077496,0.032969702035188675,0.032969702035188675,1.0,-3.0,success
1380,-3.8553152084350586,2.918022394180298,-0.00019410005188547075,0.0329013429582119,0.0329013392329216,1.0,-3.0,success
1381,-3.854567766189575,2.9187612533569336,-0.00019415601855143905,0.03284347802400589,0.03284347802400589,1.0,-3.0,success
1382,-3.853821277618408,2.9194982051849365,-0.00019422199693508446,0.03278039023280144,0.03278039023280144,1.0,-3.0,success
1383,-3.8530759811401367,2.9202334880828857,-0.00019429574604146183,0.03271723538637161,0.03271723538637161,1.0,-3.0,success
1384,-3.8523318767547607,2.920966863632202,-0.00019437569426372647,0.03264886140823364,0.03264886140823364,1.0,-3.0,success
1385,-3.851600170135498,2.921699047088623,-0.00019450443505775183,0.03234770521521568,0.03234770521521568,1.0,3.0,success
1386,-3.850867748260498,2.922433614730835,-0.00019452731066849083,0.03241623193025589,0.03241622820496559,1.0,3.0,success
1387,-3.8501110076904297,2.9231691360473633,-0.0001944385439855978,0.03297797590494156,0.03297797217965126,1.0,-3.0,success
1388,-3.8493552207946777,2.923902750015259,-0.00019448500825092196,0.03291506692767143,0.03291506692767143,1.0,-3.0,success
1389,-3.8486006259918213,2.9246346950531006,-0.0001945482799783349,0.032852012664079666,0.03285200893878937,1.0,-3.0,success
1390,-3.8478469848632812,2.9253647327423096,-0.0001946202974068001,0.03278912603855133,0.03278912603855133,1.0,-3.0,success
1391,-3.8470945358276367,2.9260928630828857,-0.00019469906692393124,0.0327209047973156,0.0327209047973156,1.0,-3.0,success
1392,-3.8463430404663086,2.926819324493408,-0.00019478324975352734,0.03266322240233421,0.032663218677043915,1.0,-3.0,success
1393,-3.845592737197876,2.927543878555298,-0.00019487178360577673,0.032595016062259674,0.032595016062259674,1.0,-3.0,success
1394,-3.8448431491851807,2.928266763687134,-0.00019496382446959615,0.03254271671175957,0.03254271671175957,1.0,-3.0,success
1395,-3.8441011905670166,2.928988456726074,-0.00019508520199451596,0.03234553709626198,0.03234553709626198,1.0,3.0,success
1396,-3.843358278274536,2.9297122955322266,-0.00019511842401698232,0.03241366520524025,0.03241366520524025,1.0,3.0,success
1397,-3.842590808868408,2.9304375648498535,-0.00019503594376146793,0.032998353242874146,0.032998353242874146,1.0,-3.0,success
1398,-3.8418240547180176,2.9311606884002686,-0.0001950902515091002,0.03293607011437416,0.03293607011437416,1.0,-3.0,success
1399,-3.8410587310791016,2.93188214302063,-0.00019516018801368773,0.03286776691675186,0.03286776691675186,1.0,-3.0,success
1400,-3.840294361114502,2.9326016902923584,-0.00019523785158526152,0.03280520439147949,0.03280520439147949,1.0,-3.0,success
1401,-3.8395309448242188,2.933319330215454,-0.00019532146689016372,0.03274265676736832,0.03274265676736832,1.0,-3.0,success
1402,-3.83876895904541,2.934035062789917,-0.00019540982611943036,0.03266925737261772,0.03266925737261772,1.0,-3.0,success
1403,-3.838007688522339,2.934749126434326,-0.00019550199795048684,0.03261726722121239,0.03261726722121239,1.0,-3.0,success
1404,-3.837257146835327,2.935462236404419,-0.0001956344349309802,0.03235301375389099,0.03235301002860069,1.0,3.0,success
1405,-3.836505651473999,2.9361772537231445,-0.0001956653723027557,0.03241568058729172,0.03241567686200142,1.0,3.0,success
1406,-3.8357293605804443,2.9368934631347656,-0.00019557899213396013,0.03300661966204643,0.03300661966204643,1.0,-3.0,success
1407,-3.834954023361206,2.937608003616333,-0.00019563236855901778,0.032949354499578476,0.032949354499578476,1.0,-3.0,success
1408,-3.8341798782348633,2.9383203983306885,-0.00019570182485040277,0.032876528799533844,0.032876525074243546,1.0,-3.0,success
1409,-3.833406925201416,2.9390311241149902,-0.00019577932835090905,0.03281380236148834,0.032813798636198044,1.0,-3.0,success
1410,-3.832634925842285,2.939739942550659,-0.00019586303096730262,0.032751526683568954,0.032751526683568954,1.0,-3.0,success
1411,-3.831864356994629,2.9404468536376953,-0.00019595168123487383,0.03267829120159149,0.03267828747630119,1.0,-3.0,success
1412,-3.831094741821289,2.9411520957946777,-0.00019604430417530239,0.032621078193187714,0.032621078193187714,1.0,-3.0,success
1413,-3.8303260803222656,2.9418554306030273,-0.00019614012853708118,0.03255884721875191,0.03255884721875191,1.0,-3.0,success
1414,-3.8295652866363525,2.9425575733184814,-0.00019626707944553345,0.03235260024666786,0.03235260024666786,1.0,3.0,success
1415,-3.8288040161132812,2.9432618618011475,-0.00019630166934803128,0.032409053295850754,0.032409053295850754,1.0,3.0,success
1416,-3.828016996383667,2.943967580795288,-0.00019621572573669255,0.0330340638756752,0.0330340601503849,1.0,-3.0,success
1417,-3.8272311687469482,2.944671392440796,-0.00019627215806394815,0.03296653926372528,0.03296653926372528,1.0,-3.0,success
1418,-3.826446294784546,2.945373058319092,-0.000196344408323057,0.03289961814880371,0.03289961442351341,1.0,-3.0,success
1419,-3.825662851333618,2.946073055267334,-0.00019642442930489779,0.03283153101801872,0.03283153101801872,1.0,-3.0,success
1420,-3.824880361557007,2.9467709064483643,-0.00019651040202006698,0.03276464343070984,0.03276464343070984,1.0,-3.0,success
1421,-3.824099063873291,2.947467088699341,-0.00019660111865960062,0.03270213305950165,0.03270213305950165,1.0,-3.0,success
1422,-3.8233187198638916,2.9481613636016846,-0.00019669566245283931,0.0326402373611927,0.032640233635902405,1.0,-3.0,success
1423,-3.8225393295288086,2.9488539695739746,-0.00019679329125210643,0.03258330747485161,0.03258330747485161,1.0,-3.0,success
1424,-3.821760892868042,2.9495444297790527,-0.00019689343753270805,0.03251650556921959,0.03251650556921959,1.0,-3.0,success
1425,-3.820988655090332,2.9502339363098145,-0.0001970187877304852,0.032351985573768616,0.03235198184847832,1.0,3.0,success
1426,-3.8202157020568848,2.950925588607788,-0.00019705758313648403,0.032413333654403687,0.032413333654403687,1.0,3.0,success
1427,-3.8194167613983154,2.9516186714172363,-0.00019697137759067118,0.033052247017621994,0.033052247017621994,1.0,-3.0,success
1428,-3.8186185359954834,2.9523096084594727,-0.000197030691197142,0.0329914428293705,0.0329914428293705,1.0,-3.0,success
1429,-3.817821741104126,2.9529988765716553,-0.0001971056335605681,0.03292350843548775,0.03292350843548775,1.0,-3.0,success
1430,-3.817025661468506,2.953685998916626,-0.00019718811381608248,0.03286275640130043,0.03286275640130043,1.0,-3.0,success
1431,-3.8162307739257812,2.954371213912964,-0.00019727637118194252,0.03279561549425125,0.03279561549425125,1.0,-3.0,success
1432,-3.815436840057373,2.955054521560669,-0.00019736922695301473,0.032734137028455734,0.032734137028455734,1.0,-3.0,success
1433,-3.814643621444702,2.9557361602783203,-0.00019746577891055495,0.03268318250775337,0.03268318250775337,1.0,-3.0,success
1434,-3.8138513565063477,2.9564156532287598,-0.0001975653285626322,0.03261689469218254,0.03261689096689224,1.0,-3.0,success
1435,-3.8130693435668945,2.957094192504883,-0.00019770546350628138,0.03235483914613724,0.03235483914613724,1.0,3.0,success
1436,-3.812286853790283,2.9577748775482178,-0.00019774198881350458,0.032410066574811935,0.03241006284952164,1.0,3.0,success
1437,-3.8114776611328125,2.9584569931030273,-0.0001976502244360745,0.03307298570871353,0.03307298570871353,1.0,-3.0,success
1438,-3.810669422149658,2.959136962890625,-0.00019770750077441335,0.033006999641656876,0.033006999641656876,1.0,-3.0,success
1439,-3.8098621368408203,2.95981502532959,-0.00019778113346546888,0.03294583410024643,0.03294583410024643,1.0,-3.0,success
1440,-3.809055805206299,2.960491180419922,-0.00019786279881373048,0.032884687185287476,0.032884687185287476,1.0,-3.0,success
1441,-3.8082501888275146,2.961165428161621,-0.00019795064872596413,0.03282927721738815,0.03282927721738815,1.0,-3.0,success
1442,-3.807445526123047,2.9618375301361084,-0.0001980434317374602,0.03276340290904045,0.03276340290904045,1.0,-3.0,success
1443,-3.8066413402557373,2.962507963180542,-0.00019814015831798315,0.03271854668855667,0.03271854296326637,1.0,-3.0,success
1444,-3.805838108062744,2.9631764888763428,-0.00019824008631985635,0.03265749663114548,0.03265749663114548,1.0,-3.0,success
1445,-3.805035352706909,2.9638428688049316,-0.00019834261911455542,0.032603174448013306,0.032603174448013306,1.0,-3.0,success
1446,-3.8042421340942383,2.964508533477783,-0.00019848397641908377,0.032360054552555084,0.032360054552555084,1.0,3.0,success
1447,-3.8034486770629883,2.9651761054992676,-0.00019852412515319884,0.0324041023850441,0.0324041023850441,1.0,3.0,success
1448,-3.802654504776001,2.965846061706543,-0.00019853100820910186,0.03246919810771942,0.03246919810771942,1.0,3.0,success
1449,-3.801835775375366,2.9665169715881348,-0.00019842183974105865,0.033078353852033615,0.033078353852033615,1.0,-3.0,success
1450,-3.8010177612304688,2.967186212539673,-0.00019846035866066813,0.0330280177295208,0.0330280177295208,1.0,-3.0,success
1451,-3.8002004623413086,2.967853307723999,-0.00019851909019052982,0.03296828269958496,0.03296828269958496,1.0,-3.0,success
1452,-3.799384117126465,2.9685182571411133,-0.00019858912855852395,0.03290281072258949,0.03290281072258949,1.0,-3.0,success
1453,-3.7985684871673584,2.9691812992095947,-0.00019866791262757033,0.032847851514816284,0.032847851514816284,1.0,-3.0,success
1454,-3.7977535724639893,2.9698424339294434,-0.00019875365251209587,0.03279292583465576,0.03279292583465576,1.0,-3.0,success
1455,-3.7969393730163574,2.970501661300659,-0.0001988449803320691,0.03273802995681763,0.03273802995681763,1.0,-3.0,success
1456,-3.7961254119873047,2.971158742904663,-0.0001989408046938479,0.032690078020095825,0.032690078020095825,1.0,-3.0,success
1457,-3.7953245639801025,2.9718151092529297,-0.00019908953981939703,0.0323580764234066,0.0323580764234066,1.0,3.0,success
1458,-3.794523239135742,2.972473382949829,-0.00019912408606614918,0.032407402992248535,0.032407402992248535,1.0,3.0,success
1459,-3.793694496154785,2.973133087158203,-0.00019902268832083791,0.03310176730155945,0.03310176730155945,1.0,-3.0,success
1460,-3.7928662300109863,2.9737906455993652,-0.0001990772143471986,0.03304837644100189,0.03304837644100189,1.0,-3.0,success
1461,-3.7920384407043457,2.9744462966918945,-0.00019914921722374856,0.032999664545059204,0.032999664545059204,1.0,-3.0,success
1462,-3.7912111282348633,2.975100040435791,-0.00019923006766475737,0.0329509973526001,0.0329509973526001,1.0,-3.0,success
1463,-3.790384292602539,2.9757516384124756,-0.0001993177575059235,0.03289775922894478,0.03289775922894478,1.0,-3.0,success
1464,-3.789557933807373,2.9764013290405273,-0.00019941088976338506,0.032849185168743134,0.032849185168743134,1.0,-3.0,success
1465,-3.788731813430786,2.9770491123199463,-0.00019950838759541512,0.03280651569366455,0.03280651569366455,1.0,-3.0,success
1466,-3.7879230976104736,2.9776957035064697,-0.0001996765349758789,0.032356977462768555,0.032356977462768555,1.0,3.0,success
1467,-3.7870843410491943,2.9783437252044678,-0.00019959724158979952,0.0331227071583271,0.0331227071583271,1.0,-3.0,success
1468,-3.786245822906494,2.978989601135254,-0.00019967471598647535,0.03307585045695305,0.03307585045695305,1.0,-3.0,success
1469,-3.785407543182373,2.9796338081359863,-0.00019976537441834807,0.03303814306855202,0.03303814306855202,1.0,-3.0,success
1470,-3.784569501876831,2.9802756309509277,-0.00019986135885119438,0.03298688307404518,0.03298687934875488,1.0,-3.0,success
1471,-3.7837562561035156,2.980916738510132,-0.00020005674741696566,0.03236129507422447,0.03236129507422447,1.0,3.0,success
1472,-3.7829430103302,2.9815597534179688,-0.00020008640422020108,0.03239823132753372,0.03239823132753372,1.0,3.0,success
1473,-3.7821013927459717,2.9822044372558594,-0.000199974121642299,0.0331299714744091,0.0331299714744091,1.0,-3.0,success
1474,-3.7812600135803223,2.982846736907959,-0.0002000228560063988,0.03307879716157913,0.033078793436288834,1.0,-3.0,success
1475,-3.780418872833252,2.983487129211426,-0.00020009065337944776,0.0330367311835289,0.0330367311835289,1.0,-3.0,success
1476,-3.77957820892334,2.9841256141662598,-0.00020016850612591952,0.03298879414796829,0.03298879414796829,1.0,-3.0,success
1477,-3.7787375450134277,2.984761953353882,-0.0002002541586989537,0.03294828161597252,0.03294827789068222,1.0,-3.0,success
1478,-3.7778971195220947,2.985396146774292,-0.00020034602493979037,0.03290190547704697,0.03290190547704697,1.0,-3.0,success
1479,-3.7770566940307617,2.9860286712646484,-0.00020044286793563515,0.032870516180992126,0.032870516180992126,1.0,-3.0,success
1480,-3.7762160301208496,2.986659049987793,-0.0002005437418119982,0.032836198806762695,0.032836198806762695,1.0,-3.0,success
1481,-3.7753937244415283,2.987288236618042,-0.00020071989274583757,0.0323563888669014,0.0323563888669014,1.0,3.0,success
1482,-3.774571418762207,2.987919807434082,-0.00020075788779649884,0.03240171819925308,0.03240171819925308,1.0,3.0,success
1483,-3.773736000061035,2.9885647296905518,-0.0002006721479119733,0.03298095241189003,0.03298094868659973,1.0,-3.0,success
1484,-3.772915840148926,2.98919677734375,-0.00020081584807485342,0.03235765919089317,0.032357655465602875,1.0,3.0,success
1485,-3.772080659866333,2.989841938018799,-0.0002007144212257117,0.032979607582092285,0.032979607582092285,1.0,-3.0,success
1486,-3.7712414264678955,2.9904732704162598,-0.00020076974760740995,0.032818350940942764,0.032818350940942764,1.0,-3.0,success
1487,-3.770402193069458,2.991102695465088,-0.0002008253213716671,0.032782554626464844,0.032782554626464844,1.0,-3.0,success
1488,-3.7695631980895996,2.991729736328125,-0.00020089295867364854,0.03273193910717964,0.03273193538188934,1.0,-3.0,success
1489,-3.7687385082244873,2.9923558235168457,-0.00020102840790059417,0.03235693648457527,0.03235693275928497,1.0,3.0,success
1490,-3.7678985595703125,2.992995023727417,-0.00020095206855330616,0.032984524965286255,0.032984524965286255,1.0,-3.0,success
1491,-3.767056703567505,2.993626594543457,-0.0002010190801229328,0.03288835287094116,0.03288835287094116,1.0,-3.0,success
1492,-3.7662158012390137,2.9942588806152344,-0.0002010878233704716,0.03287794440984726,0.03287794440984726,1.0,-3.0,success
1493,-3.7653884887695312,2.9948813915252686,-0.00020124766160733998,0.0323549322783947,0.0323549285531044,1.0,3.0,success
1494,-3.764561176300049,2.9955060482025146,-0.00020126582239754498,0.032395292073488235,0.032395292073488235,1.0,3.0,success
1495,-3.7637202739715576,2.9961440563201904,-0.00020116342057008296,0.03298572078347206,0.03298571705818176,1.0,-3.0,success
1496,-3.762878656387329,2.9967799186706543,-0.00020119568216614425,0.032963063567876816,0.032963063567876816,1.0,-3.0,success
1497,-3.7620348930358887,2.9974141120910645,-0.00020124093862250447,0.032985229045152664,0.032985225319862366,1.0,-3.0,success
1498,-3.7611896991729736,2.998046398162842,-0.00020130212942603976,0.03298523649573326,0.03298523277044296,1.0,-3.0,success
1499,-3.760343313217163,2.9986767768859863,-0.0002013729972532019,0.03297943249344826,0.03297943249344826,1.0,-3.0,success
1500,-3.759495258331299,2.999305486679077,-0.00020145147573202848,0.03299018740653992,0.03299018740653992,1.0,-3.0,success
1501,-3.75864577293396,2.999932289123535,-0.00020153605146333575,0.03299068659543991,0.03299068659543991,1.0,-3.0,success
1502,-3.757812023162842,3.0005459785461426,-0.0002017260412685573,0.03235172480344772,0.032351721078157425,1.0,3.0,success
1503,-3.7569782733917236,3.001162052154541,-0.0002017530641751364,0.032395947724580765,0.032395943999290466,1.0,3.0,success
1504,-3.7561309337615967,3.001791477203369,-0.00020165668684057891,0.03298556059598923,0.03298556059598923,1.0,-3.0,success
1505,-3.755282163619995,3.0024189949035645,-0.00020169076742604375,0.03298598527908325,0.03298598527908325,1.0,-3.0,success
1506,-3.754431962966919,3.003044366836548,-0.00020174396922811866,0.03298217058181763,0.03298216685652733,1.0,-3.0,success
1507,-3.753580331802368,3.0036680698394775,-0.00020180865249130875,0.03298734501004219,0.03298734501004219,1.0,-3.0,success
1508,-3.7527272701263428,3.0042898654937744,-0.0002018823433900252,0.032988276332616806,0.032988276332616806,1.0,-3.0,success
1509,-3.7518727779388428,3.0049095153808594,-0.00020196322293486446,0.032985005527734756,0.03298500180244446,1.0,-3.0,success
1510,-3.7510170936584473,3.0055274963378906,-0.00020204987959004939,0.03298460692167282,0.03298460692167282,1.0,-3.0,success
1511,-3.750159978866577,3.006143808364868,-0.00020214116375427693,0.032990384846925735,0.032990384846925735,1.0,-3.0,success
1512,-3.7493183612823486,3.006747245788574,-0.00020233652321621776,0.03236234188079834,0.03236234188079834,1.0,3.0,success
1513,-3.748476982116699,3.007352828979492,-0.00020236796990502626,0.032395415008068085,0.032395411282777786,1.0,3.0,success
1514,-3.747622013092041,3.0079715251922607,-0.0002022745320573449,0.03297958895564079,0.032979585230350494,1.0,-3.0,success
1515,-3.746765375137329,3.0085885524749756,-0.00020231131929904222,0.03299134597182274,0.03299134224653244,1.0,-3.0,success
1516,-3.7459075450897217,3.0092034339904785,-0.00020236689306329936,0.0329824723303318,0.0329824723303318,1.0,-3.0,success
1517,-3.7450482845306396,3.0098164081573486,-0.00020243367180228233,0.032984163612127304,0.032984163612127304,1.0,-3.0,success
1518,-3.744187593460083,3.010427474975586,-0.00020250921079423279,0.032986026257276535,0.032986026257276535,1.0,-3.0,success
1519,-3.7433254718780518,3.0110368728637695,-0.0002025917638093233,0.03299235552549362,0.03299235552549362,1.0,-3.0,success
1520,-3.742462158203125,3.011644124984741,-0.00020267994841560721,0.032984159886837006,0.032984159886837006,1.0,-3.0,success
1521,-3.7415974140167236,3.01224946975708,-0.0002027726441156119,0.032986514270305634,0.032986514270305634,1.0,-3.0,success
1522,-3.7407314777374268,3.0128531455993652,-0.00020286896324250847,0.03298718482255936,0.03298718482255936,1.0,-3.0,success
1523,-3.7398641109466553,3.0134549140930176,-0.00020296822185628116,0.032989852130413055,0.032989852130413055,1.0,-3.0,success
1524,-3.738995313644409,3.014054775238037,-0.00020306983788032085,0.03299269080162048,0.03299269080162048,1.0,-3.0,success
1525,-3.7381255626678467,3.014652729034424,-0.0002031733893090859,0.03298341482877731,0.03298341482877731,1.0,-3.0,success
1526,-3.7372541427612305,3.0152487754821777,-0.0002032784977927804,0.03299272060394287,0.03299272060394287,1.0,-3.0,success
1527,-3.736381769180298,3.015842914581299,-0.000203384886845015,0.03298373147845268,0.03298373147845268,1.0,-3.0,success
1528,-3.7355079650878906,3.016435146331787,-0.00020349233818706125,0.032987214624881744,0.032987210899591446,1.0,-3.0,success
1529,-3.734632968902588,3.0170257091522217,-0.00020360064809210598,0.03298885375261307,0.03298885375261307,1.0,-3.0,success
1530,-3.733773708343506,3.017603874206543,-0.00020380961359478533,0.032364554703235626,0.032364554703235626,1.0,3.0,success
1531,-3.7328989505767822,3.0181949138641357,-0.0002037570666288957,0.032991018146276474,0.032991018146276474,1.0,-3.0,success
1532,-3.732023000717163,3.0187838077545166,-0.00020382778893690556,0.03298443183302879,0.03298443183302879,1.0,-3.0,success
1533,-3.7311458587646484,3.0193710327148438,-0.00020391090947669,0.03298631310462952,0.03298631310462952,1.0,-3.0,success
1534,-3.730267286300659,3.019956111907959,-0.00020400014182087034,0.03298625349998474,0.03298624977469444,1.0,-3.0,success
1535,-3.7293872833251953,3.0205395221710205,-0.00020409405988175422,0.03299462050199509,0.03299462050199509,1.0,-3.0,success
1536,-3.728506088256836,3.02112078666687,-0.00020419174688868225,0.03298870846629143,0.03298870846629143,1.0,-3.0,success
1537,-3.727623701095581,3.021700143814087,-0.000204292475245893,0.03298706188797951,0.03298705816268921,1.0,-3.0,success
1538,-3.7267401218414307,3.02227783203125,-0.00020439566287677735,0.03298963978886604,0.032989636063575745,1.0,-3.0,success
1539,-3.7258553504943848,3.022853374481201,-0.00020450082956813276,0.032984212040901184,0.032984212040901184,1.0,-3.0,success
1540,-3.7249691486358643,3.0234272480010986,-0.00020460761152207851,0.03299332037568092,0.03299332037568092,1.0,-3.0,success
1541,-3.7240817546844482,3.023998975753784,-0.00020471571770031005,0.032988227903842926,0.032988227903842926,1.0,-3.0,success
1542,-3.7231931686401367,3.024568796157837,-0.00020482491527218372,0.032987337559461594,0.032987333834171295,1.0,-3.0,success
1543,-3.7223033905029297,3.025136947631836,-0.0002049350005108863,0.032990604639053345,0.032990604639053345,1.0,-3.0,success
1544,-3.721412181854248,3.025702953338623,-0.00020504582789726555,0.03299229219555855,0.03299229219555855,1.0,-3.0,success
1545,-3.72052001953125,3.0262672901153564,-0.00020515729556791484,0.03298954665660858,0.03298954293131828,1.0,-3.0,success
1546,-3.7196264266967773,3.026829481124878,-0.00020526928710751235,0.03299157693982124,0.03299157693982124,1.0,-3.0,success
1547,-3.7187318801879883,3.0273897647857666,-0.00020538172975648195,0.032985128462314606,0.032985128462314606,1.0,-3.0,success
1548,-3.7178359031677246,3.0279483795166016,-0.00020549455075524747,0.032995399087667465,0.032995399087667465,1.0,-3.0,success
1549,-3.7169389724731445,3.0285048484802246,-0.0002056077355518937,0.03298529237508774,0.03298529237508774,1.0,-3.0,success
1550,-3.71604061126709,3.029059410095215,-0.00020572121138684452,0.03299194201827049,0.03299194201827049,1.0,-3.0,success
1551,-3.7151410579681396,3.0296120643615723,-0.0002058349782600999,0.0329924076795578,0.0329924039542675,1.0,-3.0,success
1552,-3.714240550994873,3.030162811279297,-0.00020594897796399891,0.03298666700720787,0.03298666328191757,1.0,-3.0,success
1553,-3.713338613510132,3.0307116508483887,-0.0002060632104985416,0.03299378603696823,0.03299378603696823,1.0,-3.0,success
1554,-3.712435722351074,3.0312585830688477,-0.00020617764675989747,0.032988328486680984,0.032988324761390686,1.0,-3.0,success
1555,-3.711531639099121,3.031803607940674,-0.00020629228674806654,0.03298938274383545,0.03298938274383545,1.0,-3.0,success
1556,-3.7106263637542725,3.032346725463867,-0.0002064071159111336,0.03299058601260185,0.03299058601260185,1.0,-3.0,success
1557,-3.709719657897949,3.0328876972198486,-0.0002065221342490986,0.03299452364444733,0.03299452364444733,1.0,-3.0,success
1558,-3.7088122367858887,3.0334270000457764,-0.00020663731265813112,0.032987043261528015,0.032987043261528015,1.0,-3.0,success
1559,-3.7079033851623535,3.033964157104492,-0.0002067526656901464,0.03299131244421005,0.03299131244421005,1.0,-3.0,success
1560,-3.706993341445923,3.034499406814575,-0.00020686817879322916,0.0329931303858757,0.0329931303858757,1.0,-3.0,success
1561,-3.706082344055176,3.0350327491760254,-0.00020698385196737945,0.032988667488098145,0.032988667488098145,1.0,-3.0,success
1562,-3.705170154571533,3.0355641841888428,-0.00020709967066068202,0.032990776002407074,0.032990776002407074,1.0,-3.0,success
1563,-3.704256772994995,3.0360934734344482,-0.00020721566397696733,0.03298930078744888,0.03298930078744888,1.0,-3.0,success
1564,-3.7033421993255615,3.036620855331421,-0.0002073317882604897,0.03299172222614288,0.03299172222614288,1.0,-3.0,success
1565,-3.7024266719818115,3.03714656829834,-0.00020744807261507958,0.03299153968691826,0.03299153968691826,1.0,-3.0,success
1566,-3.701509714126587,3.037670135498047,-0.00020756451704073697,0.032997015863657,0.032997015863657,1.0,-3.0,success
1567,-3.700592041015625,3.038191556930542,-0.00020768109243363142,0.03298325091600418,0.03298325091600418,1.0,-3.0,success
1568,-3.6996729373931885,3.0387113094329834,-0.00020779781334567815,0.032996419817209244,0.032996419817209244,1.0,-3.0,success
1569,-3.6987528800964355,3.039228916168213,-0.00020791467977687716,0.03298943489789963,0.03298943489789963,1.0,-3.0,success
1570,-3.697831630706787,3.0397446155548096,-0.00020803169172722846,0.03299275040626526,0.03299275040626526,1.0,-3.0,success
1571,-3.6969094276428223,3.0402584075927734,-0.00020814884919673204,0.032989710569381714,0.032989710569381714,1.0,-3.0,success
1572,-3.695985794067383,3.0407700538635254,-0.0002082661521853879,0.032996222376823425,0.032996222376823425,1.0,-3.0,success
1573,-3.695061445236206,3.0412797927856445,-0.00020838358614128083,0.03298695385456085,0.03298695385456085,1.0,-3.0,success
1574,-3.694135904312134,3.041787624359131,-0.00020850116561632603,0.032990869134664536,0.032990869134664536,1.0,-3.0,success
1575,-3.6932270526885986,3.0422847270965576,-0.00020871836750302464,0.032372381538152695,0.032372377812862396,1.0,3.0,success
1576,-3.6923019886016846,3.042793035507202,-0.0002086719177896157,0.03298497572541237,0.03298497572541237,1.0,-3.0,success
1577,-3.691375494003296,3.0432991981506348,-0.00020874834444839507,0.032991960644721985,0.032991956919431686,1.0,-3.0,success
1578,-3.690448045730591,3.0438034534454346,-0.00020883727120235562,0.03298960626125336,0.03298960626125336,1.0,-3.0,success
1579,-3.6895194053649902,3.0443058013916016,-0.00020893239707220346,0.03299393877387047,0.03299393877387047,1.0,-3.0,success
1580,-3.688589572906494,3.0448060035705566,-0.0002090322959702462,0.032994888722896576,0.032994888722896576,1.0,-3.0,success
1581,-3.6876587867736816,3.0453040599823,-0.000209136022021994,0.03298944979906082,0.03298944607377052,1.0,-3.0,success
1582,-3.6867451667785645,3.0457916259765625,-0.00020934261556249112,0.03236181661486626,0.03236181288957596,1.0,3.0,success
1583,-3.685814619064331,3.046290397644043,-0.00020928717276547104,0.03299343213438988,0.03299343213438988,1.0,-3.0,success
1584,-3.6848831176757812,3.0467870235443115,-0.00020935662905685604,0.03298810124397278,0.03298810124397278,1.0,-3.0,success
1585,-3.683950424194336,3.047281503677368,-0.0002094401279464364,0.032989516854286194,0.032989516854286194,1.0,-3.0,success
1586,-3.683016538619995,3.047774076461792,-0.00020953106286469847,0.0329945869743824,0.0329945869743824,1.0,-3.0,success
1587,-3.682081699371338,3.048264503479004,-0.00020962774578947574,0.0329897440969944,0.0329897440969944,1.0,-3.0,success
1588,-3.681145668029785,3.048753023147583,-0.00020972902711946517,0.03299511596560478,0.03299511596560478,1.0,-3.0,success
1589,-3.6802268028259277,3.0492310523986816,-0.00020993385987821966,0.032367900013923645,0.03236789628863335,1.0,3.0,success
1590,-3.679307222366333,3.0497114658355713,-0.00020996801322326064,0.03242215886712074,0.03242215886712074,1.0,3.0,success
1591,-3.678372859954834,3.0502028465270996,-0.00020988145843148232,0.032990407198667526,0.032990407198667526,1.0,-3.0,success
1592,-3.6774375438690186,3.050692081451416,-0.00020992220379412174,0.03298565745353699,0.03298565745353699,1.0,-3.0,success
1593,-3.6765010356903076,3.0511794090270996,-0.00020998275431338698,0.032991115003824234,0.032991115003824234,1.0,-3.0,success
1594,-3.675563335418701,3.051664352416992,-0.00021005547023378313,0.032989874482154846,0.032989874482154846,1.0,-3.0,success
1595,-3.674624443054199,3.052147388458252,-0.00021013771765865386,0.03299565985798836,0.03299565985798836,1.0,-3.0,success
1596,-3.673684597015381,3.0526282787323,-0.00021022760483901948,0.03299156576395035,0.03299156203866005,1.0,-3.0,success
1597,-3.672743797302246,3.053107261657715,-0.000210323603823781,0.032991014420986176,0.032991014420986176,1.0,-3.0,success
1598,-3.671801805496216,3.053584098815918,-0.00021042449225205928,0.032993875443935394,0.032993875443935394,1.0,-3.0,success
1599,-3.670858860015869,3.054058790206909,-0.0002105293096974492,0.032990261912345886,0.032990261912345886,1.0,-3.0,success
1600,-3.669914722442627,3.0545315742492676,-0.00021063729946035892,0.03299681097269058,0.032996807247400284,1.0,-3.0,success
1601,-3.6689698696136475,3.055002212524414,-0.0002107478358084336,0.0329868458211422,0.0329868420958519,1.0,-3.0,success
1602,-3.6680238246917725,3.0554709434509277,-0.0002108604385284707,0.03299368917942047,0.03299368917942047,1.0,-3.0,success
1603,-3.667076587677002,3.0559375286102295,-0.00021097470016684383,0.03299739211797714,0.03299739211797714,1.0,-3.0,success
1604,-3.666146993637085,3.056394100189209,-0.00021118976292200387,0.03236453980207443,0.03236453980207443,1.0,3.0,success
1605,-3.6652166843414307,3.0568532943725586,-0.000211232720175758,0.032420795410871506,0.032420795410871506,1.0,3.0,success
1606,-3.664271116256714,3.0573229789733887,-0.00021115194249432534,0.032993584871292114,0.032993584871292114,1.0,-3.0,success
1607,-3.6633245944976807,3.057790517807007,-0.00021119795565027744,0.032990530133247375,0.03299052640795708,1.0,-3.0,success
1608,-3.662377119064331,3.058255910873413,-0.00021126301726326346,0.03298763185739517,0.03298763185739517,1.0,-3.0,success
1609,-3.661428451538086,3.0587191581726074,-0.00021133960399311036,0.032991595566272736,0.032991595566272736,1.0,-3.0,success
1610,-3.6604785919189453,3.05918025970459,-0.00021142522746231407,0.03299573436379433,0.03299573436379433,1.0,-3.0,success
1611,-3.6595280170440674,3.0596394538879395,-0.00021151806868147105,0.032989874482154846,0.032989874482154846,1.0,-3.0,success
1612,-3.658576250076294,3.060096502304077,-0.0002116166870109737,0.0329943411052227,0.032994337379932404,1.0,-3.0,success
1613,-3.657623529434204,3.060551404953003,-0.00021171994740143418,0.03299226239323616,0.03299226239323616,1.0,-3.0,success
1614,-3.656669855117798,3.061004400253296,-0.00021182693308219314,0.032993536442518234,0.032993536442518234,1.0,-3.0,success
1615,-3.655715227127075,3.061455249786377,-0.00021193693100940436,0.03299177065491676,0.03299177065491676,1.0,-3.0,success
1616,-3.654778003692627,3.061896324157715,-0.00021214880689512938,0.03236954286694527,0.03236954286694527,1.0,3.0,success
1617,-3.6538403034210205,3.062340021133423,-0.00021218963956926018,0.03241799399256706,0.03241799399256706,1.0,3.0,success
1618,-3.6528871059417725,3.062793731689453,-0.00021210580598562956,0.032989680767059326,0.03298967704176903,1.0,-3.0,success
1619,-3.651932954788208,3.0632455348968506,-0.0002121500438079238,0.032991036772727966,0.032991036772727966,1.0,-3.0,success
1620,-3.650977611541748,3.063695192337036,-0.00021221388306003064,0.032996103167533875,0.032996099442243576,1.0,-3.0,success
1621,-3.6500213146209717,3.0641424655914307,-0.00021228969853837043,0.0329914353787899,0.0329914316534996,1.0,-3.0,success
1622,-3.649064064025879,3.0645878314971924,-0.00021237490000203252,0.032993242144584656,0.032993242144584656,1.0,-3.0,success
1623,-3.6481058597564697,3.065031051635742,-0.000212467581150122,0.03299206122756004,0.03299206122756004,1.0,-3.0,success
1624,-3.647146701812744,3.06547212600708,-0.000212566286791116,0.032991036772727966,0.032991036772727966,1.0,-3.0,success
1625,-3.646186590194702,3.065911293029785,-0.00021266979456413537,0.03299327939748764,0.03299327939748764,1.0,-3.0,success
1626,-3.6452255249023438,3.0663483142852783,-0.00021277715859469026,0.03299257159233093,0.03299257159233093,1.0,-3.0,success
1627,-3.64426326751709,3.0667829513549805,-0.00021288763673510402,0.03299574553966522,0.03299574553966522,1.0,-3.0,success
1628,-3.6433188915252686,3.0672085285186768,-0.00021310003648977727,0.032369960099458694,0.032369960099458694,1.0,3.0,success
1629,-3.642374277114868,3.067636728286743,-0.0002131422224920243,0.032410502433776855,0.032410502433776855,1.0,3.0,success
1630,-3.641413688659668,3.0680744647979736,-0.00021305729751475155,0.03298826888203621,0.03298826888203621,1.0,-3.0,success
1631,-3.6404519081115723,3.0685102939605713,-0.0002131016954081133,0.03299752622842789,0.03299752622842789,1.0,-3.0,success
1632,-3.6394894123077393,3.068943977355957,-0.00021316589845810086,0.03299028053879738,0.03299028053879738,1.0,-3.0,success
1633,-3.6385257244110107,3.0693752765655518,-0.00021324219414964318,0.03299374505877495,0.03299374505877495,1.0,-3.0,success
1634,-3.637561321258545,3.0698046684265137,-0.00021332793403416872,0.03298985958099365,0.03298985958099365,1.0,-3.0,success
1635,-3.6365957260131836,3.0702319145202637,-0.00021342125546652824,0.032996706664562225,0.032996706664562225,1.0,-3.0,success
1636,-3.635629415512085,3.0706570148468018,-0.00021352063049562275,0.03299009054899216,0.03299009054899216,1.0,-3.0,success
1637,-3.634661912918091,3.071079969406128,-0.00021362488041631877,0.03299727290868759,0.03299727290868759,1.0,-3.0,success
1638,-3.6336936950683594,3.071500778198242,-0.00021373301569838077,0.032990969717502594,0.032990969717502594,1.0,-3.0,success
1639,-3.6327431201934814,3.0719125270843506,-0.00021394368377514184,0.03237248957157135,0.03237248957157135,1.0,3.0,success
1640,-3.6317925453186035,3.072326898574829,-0.00021398538956418633,0.032405152916908264,0.032405152916908264,1.0,3.0,success
1641,-3.6308419704437256,3.0727438926696777,-0.00021398774697445333,0.03243798762559891,0.03243798762559891,1.0,3.0,success
1642,-3.6298763751983643,3.0731701850891113,-0.00021387693413998932,0.032984659075737,0.032984659075737,1.0,-3.0,success
1643,-3.6289095878601074,3.073594570159912,-0.0002138971321983263,0.03299473971128464,0.03299473598599434,1.0,-3.0,success
1644,-3.627941846847534,3.074016571044922,-0.00021394198120106012,0.032992176711559296,0.032992176711559296,1.0,-3.0,success
1645,-3.6269731521606445,3.0744364261627197,-0.00021400295372586697,0.03299277275800705,0.03299277275800705,1.0,-3.0,success
1646,-3.6260035037994385,3.0748541355133057,-0.0002140766300726682,0.032993532717227936,0.03299352899193764,1.0,-3.0,success
1647,-3.625032901763916,3.0752696990966797,-0.00021416043455246836,0.032994452863931656,0.032994452863931656,1.0,-3.0,success
1648,-3.624061346054077,3.075683116912842,-0.00021425235900096595,0.03299554064869881,0.03299554064869881,1.0,-3.0,success
1649,-3.623089075088501,3.076094388961792,-0.0002143507736036554,0.03298993036150932,0.03298993036150932,1.0,-3.0,success
1650,-3.6221156120300293,3.0765035152435303,-0.00021445438324008137,0.03299820423126221,0.03299820050597191,1.0,-3.0,success
1651,-3.6211414337158203,3.0769104957580566,-0.0002145621838280931,0.032992903143167496,0.0329928994178772,1.0,-3.0,success
1652,-3.620166301727295,3.077315330505371,-0.00021467331680469215,0.03299463540315628,0.03299463540315628,1.0,-3.0,success
1653,-3.6191904544830322,3.0777180194854736,-0.00021478715643752366,0.03298963978886604,0.03298963978886604,1.0,-3.0,success
1654,-3.618232488632202,3.0781121253967285,-0.00021500235015992075,0.032370805740356445,0.032370805740356445,1.0,3.0,success
1655,-3.6172566413879395,3.0785155296325684,-0.00021495381952263415,0.03299817442893982,0.03299817442893982,1.0,-3.0,success
1656,-3.6162800788879395,3.078916549682617,-0.00021502931485883892,0.032990459352731705,0.032990459352731705,1.0,-3.0,success
1657,-3.615302562713623,3.079315662384033,-0.00021511873637791723,0.032995451241731644,0.032995451241731644,1.0,-3.0,success
1658,-3.6143243312835693,3.0797126293182373,-0.00021521550661418587,0.032990872859954834,0.032990872859954834,1.0,-3.0,success
1659,-3.61334490776062,3.0801072120666504,-0.0002153179666493088,0.032997485250234604,0.032997481524944305,1.0,-3.0,success
1660,-3.6123647689819336,3.0804998874664307,-0.0002154249814338982,0.032996002584695816,0.03299599885940552,1.0,-3.0,success
1661,-3.6113839149475098,3.080890417098999,-0.00021553566330112517,0.032991889864206314,0.032991889864206314,1.0,-3.0,success
1662,-3.6104021072387695,3.0812788009643555,-0.00021564928465522826,0.03299485519528389,0.03299485519528389,1.0,-3.0,success
1663,-3.609419584274292,3.0816650390625,-0.00021576526341959834,0.03299104794859886,0.03299104794859886,1.0,-3.0,success
1664,-3.608436107635498,3.0820491313934326,-0.00021588314848486334,0.032994333654642105,0.03299432992935181,1.0,-3.0,success
1665,-3.6074516773223877,3.0824313163757324,-0.00021600259060505778,0.03300048038363457,0.03300047665834427,1.0,-3.0,success
1666,-3.60646653175354,3.082811117172241,-0.00021612326963804662,0.03299444168806076,0.03299444168806076,1.0,-3.0,success
1667,-3.605480670928955,3.083189010620117,-0.00021624498185701668,0.03299391642212868,0.03299391642212868,1.0,-3.0,success
1668,-3.6044938564300537,3.0835647583007812,-0.00021636752353515476,0.03299782797694206,0.03299782797694206,1.0,-3.0,success
1669,-3.603506326675415,3.0839381217956543,-0.00021649074915330857,0.03299229219555855,0.03299229219555855,1.0,-3.0,success
1670,-3.602518081665039,3.0843095779418945,-0.0002166145422961563,0.032992180436849594,0.032992180436849594,1.0,-3.0,success
1671,-3.6015288829803467,3.084679126739502,-0.00021673881565220654,0.03299917280673981,0.03299917280673981,1.0,-3.0,success
1672,-3.600538969039917,3.0850462913513184,-0.00021686348190996796,0.03299413248896599,0.03299413248896599,1.0,-3.0,success
1673,-3.59954833984375,3.085411310195923,-0.00021698848286177963,0.032991841435432434,0.032991841435432434,1.0,-3.0,success
1674,-3.5985567569732666,3.0857744216918945,-0.00021711377485189587,0.03299926593899727,0.03299926221370697,1.0,-3.0,success
1675,-3.597564458847046,3.086135149002075,-0.000217239314224571,0.03299472853541374,0.03299472853541374,1.0,-3.0,success
1676,-3.596571445465088,3.086493968963623,-0.00021736508642788976,0.03299542888998985,0.03299542888998985,1.0,-3.0,success
1677,-3.5955777168273926,3.086850643157959,-0.00021749103325419128,0.03299374133348465,0.03299374133348465,1.0,-3.0,success
1678,-3.59458327293396,3.087204933166504,-0.00021761716925539076,0.03298969939351082,0.03298969939351082,1.0,-3.0,success
1679,-3.593587875366211,3.087557315826416,-0.00021774345077574253,0.03299783542752266,0.03299783542752266,1.0,-3.0,success
1680,-3.5925917625427246,3.087907552719116,-0.0002178698923671618,0.03299660608172417,0.03299660608172417,1.0,-3.0,success
1681,-3.591594934463501,3.0882556438446045,-0.00021799646492581815,0.03299552574753761,0.03299552574753761,1.0,-3.0,success
1682,-3.59059739112854,3.088601589202881,-0.0002181231538997963,0.032994598150253296,0.032994598150253296,1.0,-3.0,success
1683,-3.589599132537842,3.0889456272125244,-0.00021824997384101152,0.032996244728565216,0.032996244728565216,1.0,-3.0,success
1684,-3.5886001586914062,3.089287281036377,-0.00021837689564563334,0.032993193715810776,0.032993193715810776,1.0,-3.0,success
1685,-3.5876002311706543,3.0896267890930176,-0.00021850393386557698,0.03299977257847786,0.03299977257847786,1.0,-3.0,success
1686,-3.586599826812744,3.0899641513824463,-0.00021863108850084245,0.032992396503686905,0.032992396503686905,1.0,-3.0,success
1687,-3.5855984687805176,3.090299606323242,-0.0002187583304475993,0.03300165385007858,0.03300165385007858,1.0,-3.0,success
1688,-3.584596633911133,3.090632677078247,-0.00021888567425776273,0.032992202788591385,0.032992202788591385,1.0,-3.0,success
1689,-3.5835940837860107,3.09096360206604,-0.00021901311993133277,0.03299233317375183,0.03299233317375183,1.0,-3.0,success
1690,-3.5825905799865723,3.091292381286621,-0.0002191406674683094,0.03299969807267189,0.03299969807267189,1.0,-3.0,success
1691,-3.5815865993499756,3.0916192531585693,-0.0002192683023167774,0.03299535810947418,0.03299535810947418,1.0,-3.0,success
1692,-3.5805819034576416,3.0919437408447266,-0.000219396039028652,0.03299363702535629,0.03299363702535629,1.0,-3.0,success
1693,-3.5795764923095703,3.092266082763672,-0.00021952384850010276,0.03299437463283539,0.03299437463283539,1.0,-3.0,success
1694,-3.5785703659057617,3.0925865173339844,-0.0002196517598349601,0.03299752250313759,0.03299752250313759,1.0,-3.0,success
1695,-3.577563524246216,3.092904567718506,-0.00021977975848130882,0.03299630433320999,0.03299630433320999,1.0,-3.0,success
1696,-3.5765559673309326,3.0932204723358154,-0.00021990785899106413,0.0329974927008152,0.0329974927008152,1.0,-3.0,success
1697,-3.575547933578491,3.093534231185913,-0.0002200360322603956,0.03299172222614288,0.03299172222614288,1.0,-3.0,success
1698,-3.5745389461517334,3.093845844268799,-0.0002201642928412184,0.03300033137202263,0.03300033137202263,1.0,-3.0,success
1699,-3.5735294818878174,3.0941555500030518,-0.0002202926407335326,0.03299703821539879,0.03299703449010849,1.0,-3.0,success
1700,-3.572519302368164,3.0944628715515137,-0.00022042107593733817,0.03299663960933685,0.03299663960933685,1.0,-3.0,success
1701,-3.5715084075927734,3.0947680473327637,-0.0002205495984526351,0.03299858793616295,0.03299858793616295,1.0,-3.0,success
1702,-3.5704970359802246,3.0950708389282227,-0.00022067820827942342,0.032991405576467514,0.032991405576467514,1.0,-3.0,success
1703,-3.5694849491119385,3.095371723175049,-0.00022080689086578786,0.03299578279256821,0.03299578279256821,1.0,-3.0,success
1704,-3.568472146987915,3.095670461654663,-0.00022093566076364368,0.03299817442893982,0.03299817442893982,1.0,-3.0,success
1705,-3.5674588680267334,3.0959670543670654,-0.00022106451797299087,0.03299356997013092,0.03299356997013092,1.0,-3.0,success
1706,-3.5664446353912354,3.0962612628936768,-0.00022119346249382943,0.033001337200403214,0.033001337200403214,1.0,-3.0,success
1707,-3.565430164337158,3.0965535640716553,-0.0002213224652223289,0.03299194201827049,0.03299194201827049,1.0,-3.0,success
1708,-3.5644147396087646,3.0968434810638428,-0.00022145156981423497,0.03300004452466965,0.03300004452466965,1.0,-3.0,success
1709,-3.563398838043213,3.0971312522888184,-0.00022158074716571718,0.0329960361123085,0.032996032387018204,1.0,-3.0,success
1710,-3.562382459640503,3.097417116165161,-0.00022170999727677554,0.03299418464303017,0.03299418464303017,1.0,-3.0,success
1711,-3.5613651275634766,3.097700595855713,-0.00022183933469932526,0.03300280123949051,0.03300279751420021,1.0,-3.0,success
1712,-3.560347557067871,3.0979819297790527,-0.00022196874488145113,0.03299204632639885,0.03299204632639885,1.0,-3.0,success
1713,-3.5593292713165283,3.0982608795166016,-0.00022209824237506837,0.032993823289871216,0.032993823289871216,1.0,-3.0,success
1714,-3.5583102703094482,3.0985379219055176,-0.00022222779807634652,0.03299969807267189,0.03299969807267189,1.0,-3.0,success
1715,-3.55729079246521,3.0988128185272217,-0.00022235744108911604,0.03299655392765999,0.03299655392765999,1.0,-3.0,success
1716,-3.5562705993652344,3.0990853309631348,-0.0002224871568614617,0.03299883008003235,0.03299882635474205,1.0,-3.0,success
1717,-3.5552499294281006,3.099355697631836,-0.00022261695994529873,0.03299599140882492,0.03299599140882492,1.0,-3.0,success
1718,-3.5542287826538086,3.099623918533325,-0.00022274682123679668,0.03299329802393913,0.03299329802393913,1.0,-3.0,success
1719,-3.5532069206237793,3.0998899936676025,-0.00022287675528787076,0.03299795836210251,0.03299795836210251,1.0,-3.0,success
1720,-3.5521843433380127,3.100153923034668,-0.00022300677665043622,0.03300276771187782,0.033002763986587524,1.0,-3.0,success
1721,-3.551161527633667,3.1004154682159424,-0.0002231368562206626,0.0329914428293705,0.0329914428293705,1.0,-3.0,success
1722,-3.550137996673584,3.100675106048584,-0.00022326702310238034,0.03299839049577713,0.03299839049577713,1.0,-3.0,success
1723,-3.5491139888763428,3.1009323596954346,-0.000223397248191759,0.032994601875543594,0.032994598150253296,1.0,-3.0,success
1724,-3.5480892658233643,3.1011874675750732,-0.0002235275460407138,0.03300001844763756,0.03300001844763756,1.0,-3.0,success
1725,-3.5470640659332275,3.1014404296875,-0.00022365791664924473,0.03299834951758385,0.03299834951758385,1.0,-3.0,success
1726,-3.5460383892059326,3.101691246032715,-0.0002237883600173518,0.032996825873851776,0.032996825873851776,1.0,-3.0,success
1727,-3.5450122356414795,3.1019396781921387,-0.00022391887614503503,0.03299368917942047,0.03299368917942047,1.0,-3.0,success
1728,-3.543985366821289,3.1021859645843506,-0.00022404945048037916,0.032999712973833084,0.032999709248542786,1.0,-3.0,success
1729,-3.5429580211639404,3.1024301052093506,-0.00022418009757529944,0.03299863263964653,0.03299863263964653,1.0,-3.0,success
1730,-3.5419301986694336,3.1026721000671387,-0.00022431080287788063,0.032997701317071915,0.032997697591781616,1.0,-3.0,success
1731,-3.5409018993377686,3.102911949157715,-0.00022444158094003797,0.03299690783023834,0.03299690783023834,1.0,-3.0,success
1732,-3.5398731231689453,3.1031494140625,-0.00022457243176177144,0.0329945832490921,0.0329945832490921,1.0,-3.0,success
1733,-3.5388436317443848,3.1033847332000732,-0.00022470334079116583,0.033001355826854706,0.033001355826854706,1.0,-3.0,success
1734,-3.537813901901245,3.1036179065704346,-0.00022483430802822113,0.03299374505877495,0.03299374505877495,1.0,-3.0,success
1735,-3.536783456802368,3.103848934173584,-0.00022496534802485257,0.03300080820918083,0.03300080820918083,1.0,-3.0,success
1736,-3.535752773284912,3.1040775775909424,-0.00022509646078106016,0.032991863787174225,0.032991863787174225,1.0,-3.0,success
1737,-3.5347213745117188,3.104304075241089,-0.00022522761719301343,0.03299923986196518,0.03299923986196518,1.0,-3.0,success
1738,-3.533689498901367,3.1045284271240234,-0.00022535884636454284,0.03299948200583458,0.03299948200583458,1.0,-3.0,success
1739,-3.5326571464538574,3.104750633239746,-0.00022549013374373317,0.03299986943602562,0.03299986943602562,1.0,-3.0,success
1740,-3.5316245555877686,3.1049704551696777,-0.00022562149388249964,0.03299155458807945,0.03299155458807945,1.0,-3.0,success
1741,-3.5305912494659424,3.1051883697509766,-0.0002257528976770118,0.033001068979501724,0.033001068979501724,1.0,-3.0,success
1742,-3.529557466506958,3.1054036617279053,-0.00022588437423110008,0.032998841255903244,0.032998841255903244,1.0,-3.0,success
1743,-3.5285234451293945,3.105617046356201,-0.0002260159089928493,0.03299403935670853,0.03299403563141823,1.0,-3.0,success
1744,-3.5274887084960938,3.105828046798706,-0.0002261475019622594,0.03300096094608307,0.03300096094608307,1.0,-3.0,success
1745,-3.526453733444214,3.106037139892578,-0.00022627913858741522,0.03299640864133835,0.03299640491604805,1.0,-3.0,success
1746,-3.5254180431365967,3.10624361038208,-0.00022641084797214717,0.03300219774246216,0.03300219774246216,1.0,-3.0,success
1747,-3.5243821144104004,3.106448173522949,-0.00022654261556454003,0.03299790248274803,0.03299790248274803,1.0,-3.0,success
1748,-3.523345708847046,3.1066503524780273,-0.00022667442681267858,0.03299817442893982,0.03299817442893982,1.0,-3.0,success
1749,-3.5223090648651123,3.1068503856658936,-0.00022680631082039326,0.03299272060394287,0.03299272060394287,1.0,-3.0,success
1750,-3.5212717056274414,3.107048273086548,-0.00022693823848385364,0.033002033829689026,0.033002033829689026,1.0,-3.0,success
1751,-3.5202341079711914,3.107243776321411,-0.00022707022435497493,0.03299547731876373,0.03299547731876373,1.0,-3.0,success
1752,-3.519196033477783,3.1074371337890625,-0.0002272022538818419,0.032997775822877884,0.032997775822877884,1.0,-3.0,success
1753,-3.518157482147217,3.107628345489502,-0.00022733434161636978,0.033000215888023376,0.033000215888023376,1.0,-3.0,success
1754,-3.5171186923980713,3.1078171730041504,-0.00022746648755855858,0.03299413621425629,0.03299413621425629,1.0,-3.0,success
1755,-3.5160791873931885,3.108003854751587,-0.0002275986917084083,0.033004213124513626,0.033004213124513626,1.0,-3.0,success
1756,-3.5150396823883057,3.1081883907318115,-0.0002277309395140037,0.032992422580718994,0.032992422580718994,1.0,-3.0,success
1757,-3.5139994621276855,3.108370542526245,-0.00022786323097534478,0.03300149738788605,0.03300149738788605,1.0,-3.0,success
1758,-3.5129590034484863,3.108550548553467,-0.00022799558064434677,0.03299734368920326,0.032997339963912964,1.0,-3.0,success
1759,-3.511918067932129,3.1087284088134766,-0.00022812798852100968,0.03300066292285919,0.03300066292285919,1.0,-3.0,success
1760,-3.5108768939971924,3.1089041233062744,-0.00022826042550150305,0.032996781170368195,0.032996781170368195,1.0,-3.0,success
1761,-3.5098352432250977,3.1090774536132812,-0.00022839292068965733,0.03299916535615921,0.03299916535615921,1.0,-3.0,success
1762,-3.508793354034424,3.109248399734497,-0.00022852547408547252,0.03299437090754509,0.03299437090754509,1.0,-3.0,success
1763,-3.507750988006592,3.10941743850708,-0.00022865805658511817,0.03299948200583458,0.03299948200583458,1.0,-3.0,success
1764,-3.5067081451416016,3.109584093093872,-0.00022879069729242474,0.033002354204654694,0.033002350479364395,1.0,-3.0,success
1765,-3.5056650638580322,3.109748363494873,-0.000228923381655477,0.03299803286790848,0.03299803286790848,1.0,-3.0,success
1766,-3.504621744155884,3.109910726547241,-0.00022905610967427492,0.032996177673339844,0.032996173948049545,1.0,-3.0,success
1767,-3.503577947616577,3.1100707054138184,-0.00022918888134881854,0.03299953415989876,0.03299953043460846,1.0,-3.0,success
1768,-3.5025339126586914,3.1102283000946045,-0.00022932171123102307,0.032995693385601044,0.032995689660310745,1.0,-3.0,success
1769,-3.5014894008636475,3.110383987426758,-0.00022945457021705806,0.03300158679485321,0.03300158306956291,1.0,-3.0,success
1770,-3.5004446506500244,3.110537052154541,-0.00022958747285883874,0.032996974885463715,0.032996974885463715,1.0,-3.0,success
1771,-3.4993996620178223,3.1106882095336914,-0.0002297204191563651,0.032995764166116714,0.032995764166116714,1.0,-3.0,success
1772,-3.498354196548462,3.110836982727051,-0.00022985340910963714,0.032999929040670395,0.032999929040670395,1.0,-3.0,success
1773,-3.4973084926605225,3.1109836101531982,-0.00022998644271865487,0.03299793228507042,0.03299792855978012,1.0,-3.0,success
1774,-3.496262311935425,3.1111278533935547,-0.00023011950543150306,0.03300242871046066,0.03300242871046066,1.0,-3.0,success
1775,-3.495215892791748,3.111269950866699,-0.00023025262635201216,0.03300071880221367,0.03300071880221367,1.0,-3.0,success
1776,-3.494169235229492,3.111409902572632,-0.00023038577637635171,0.03299914672970772,0.03299914672970772,1.0,-3.0,success
1777,-3.4931223392486572,3.1115474700927734,-0.00023051897005643696,0.03299674391746521,0.03299674391746521,1.0,-3.0,success
1778,-3.492075204849243,3.111682891845703,-0.00023065219284035265,0.03299546241760254,0.03299546241760254,1.0,-3.0,success
1779,-3.491027593612671,3.111815929412842,-0.00023078545928001404,0.033000774681568146,0.033000774681568146,1.0,-3.0,success
1780,-3.4899797439575195,3.1119468212127686,-0.00023091875482350588,0.032999783754348755,0.032999783754348755,1.0,-3.0,success
1781,-3.488931655883789,3.1120755672454834,-0.0002310520940227434,0.032998938113451004,0.032998938113451004,1.0,-3.0,success
1782,-3.4878833293914795,3.1122019290924072,-0.00023118546232581139,0.03299733251333237,0.03299733251333237,1.0,-3.0,success
1783,-3.486834764480591,3.112326145172119,-0.00023131887428462505,0.0329967699944973,0.0329967699944973,1.0,-3.0,success
1784,-3.485785722732544,3.11244797706604,-0.00023145231534726918,0.03300289437174797,0.03300289064645767,1.0,-3.0,success
1785,-3.484736680984497,3.112567663192749,-0.000231585800065659,0.03299522399902344,0.03299522399902344,1.0,-3.0,success
1786,-3.483687162399292,3.112685203552246,-0.00023171931388787925,0.033002499490976334,0.033002499490976334,1.0,-3.0,success
1787,-3.482637643814087,3.112800359725952,-0.00023185285681392998,0.032994288951158524,0.032994285225868225,1.0,-3.0,success
1788,-3.4815876483917236,3.1129133701324463,-0.00023198642884381115,0.033001858741045,0.033001858741045,1.0,-3.0,success
1789,-3.4805374145507812,3.1130239963531494,-0.0002321200299775228,0.0330013781785965,0.0330013781785965,1.0,-3.0,success
1790,-3.479487180709839,3.1131324768066406,-0.0002322536747669801,0.03299442306160927,0.03299442306160927,1.0,-3.0,success
1791,-3.4784364700317383,3.11323881149292,-0.00023238733410835266,0.033002424985170364,0.033002424985170364,1.0,-3.0,success
1792,-3.4773855209350586,3.113342761993408,-0.0002325210371054709,0.033002421259880066,0.033002421259880066,1.0,-3.0,success
1793,-3.476334571838379,3.1134443283081055,-0.00023265475465450436,0.03299517184495926,0.03299517184495926,1.0,-3.0,success
1794,-3.47528338432312,3.11354398727417,-0.0002327885158592835,0.03299690783023834,0.03299690783023834,1.0,-3.0,success
1795,-3.474231719970703,3.1136410236358643,-0.00023292229161597788,0.03300410881638527,0.03300410881638527,1.0,-3.0,success
1796,-3.473180055618286,3.113736152648926,-0.00023305609647650272,0.03299868851900101,0.03299868479371071,1.0,-3.0,success
1797,-3.47212815284729,3.1138288974761963,-0.00023318994499277323,0.03299948200583458,0.03299948200583458,1.0,-3.0,success
1798,-3.471076011657715,3.113919258117676,-0.00023332379350904375,0.03300044313073158,0.03300044313073158,1.0,-3.0,success
1799,-3.4700238704681396,3.1140074729919434,-0.00023345768568105996,0.032994773238897324,0.032994773238897324,1.0,-3.0,success
1800,-3.4689712524414062,3.114093542098999,-0.0002335915924049914,0.03300409018993378,0.03300408646464348,1.0,-3.0,success
1801,-3.467918634414673,3.1141772270202637,-0.00023372552823275328,0.03299810364842415,0.03299809992313385,1.0,-3.0,success
1802,-3.4668657779693604,3.1142587661743164,-0.00023385949316434562,0.03300028666853905,0.03300028666853905,1.0,-3.0,success
1803,-3.465812921524048,3.114337921142578,-0.0002339934726478532,0.03299461305141449,0.03299461305141449,1.0,-3.0,success
1804,-3.464759588241577,3.114414930343628,-0.000234127466683276,0.0330045185983181,0.0330045185983181,1.0,-3.0,success
1805,-3.4637062549591064,3.1144895553588867,-0.00023426150437444448,0.03299916908144951,0.03299916908144951,1.0,-3.0,success
1806,-3.4626529216766357,3.1145620346069336,-0.00023439554206561297,0.03299449756741524,0.03299449756741524,1.0,-3.0,success
1807,-3.461599111557007,3.1146323680877686,-0.00023452960886061192,0.03300483152270317,0.03300483152270317,1.0,-3.0,success
1808,-3.460545301437378,3.1147003173828125,-0.0002346636902075261,0.032999951392412186,0.032999951392412186,1.0,-3.0,success
1809,-3.459491491317749,3.1147661209106445,-0.00023479780065827072,0.03299570456147194,0.03299570456147194,1.0,-3.0,success
1810,-3.458437442779541,3.1148295402526855,-0.00023493192566093057,0.03299858421087265,0.03299858421087265,1.0,-3.0,success
1811,-3.457383155822754,3.1148908138275146,-0.00023506606521550566,0.033002059906721115,0.033002059906721115,1.0,-3.0,success
1812,-3.456328868865967,3.1149497032165527,-0.00023520021932199597,0.032997824251651764,0.032997824251651764,1.0,-3.0,success
1813,-3.4552743434906006,3.115006446838379,-0.00023533438798040152,0.03300158679485321,0.03300158679485321,1.0,-3.0,success
1814,-3.4542198181152344,3.115060806274414,-0.00023546858574263752,0.03299767151474953,0.03299767151474953,1.0,-3.0,success
1815,-3.453165054321289,3.1151130199432373,-0.00023560279805678874,0.03300173208117485,0.03300172835588455,1.0,-3.0,success
1816,-3.4521102905273438,3.1151628494262695,-0.00023573701037093997,0.03299812972545624,0.03299812972545624,1.0,-3.0,success
1817,-3.4510552883148193,3.11521053314209,-0.00023587125178892165,0.03300247713923454,0.03300247713923454,1.0,-3.0,success
1818,-3.450000286102295,3.1152560710906982,-0.00023600549320690334,0.032999515533447266,0.032999515533447266,1.0,-3.0,success
1819,-3.4489452838897705,3.1152992248535156,-0.00023613976372871548,0.03299638628959656,0.03299638628959656,1.0,-3.0,success
1820,-3.447890043258667,3.115340232849121,-0.00023627403425052762,0.03300115838646889,0.03300115838646889,1.0,-3.0,success
1821,-3.4468348026275635,3.1153788566589355,-0.000236408319324255,0.03299834951758385,0.03299834951758385,1.0,-3.0,success
1822,-3.445779323577881,3.115415096282959,-0.00023654260439798236,0.033003151416778564,0.033003151416778564,1.0,-3.0,success
1823,-3.4447238445281982,3.1154494285583496,-0.00023667691857554018,0.033001162111759186,0.033001162111759186,1.0,-3.0,success
1824,-3.4436683654785156,3.11548113822937,-0.000236811232753098,0.03299860283732414,0.032998599112033844,1.0,-3.0,success
1825,-3.442612886428833,3.115510940551758,-0.00023694556148257107,0.03299686312675476,0.03299686312675476,1.0,-3.0,success
1826,-3.4415571689605713,3.1155381202697754,-0.00023707989021204412,0.0330021008849144,0.0330021008849144,1.0,-3.0,success
1827,-3.4405014514923096,3.11556339263916,-0.0002372142334934324,0.03300062194466591,0.03300062194466591,1.0,-3.0,success
1828,-3.439445734024048,3.115586280822754,-0.00023734859132673591,0.03299892321228981,0.03299892321228981,1.0,-3.0,success
1829,-3.438390016555786,3.1156067848205566,-0.0002374829346081242,0.03299739211797714,0.03299739211797714,1.0,-3.0,success
1830,-3.4373340606689453,3.1156251430511475,-0.00023761730699334294,0.03300360590219498,0.03300360217690468,1.0,-3.0,success
1831,-3.4362781047821045,3.1156413555145264,-0.00023775166482664645,0.03300251066684723,0.03300251066684723,1.0,-3.0,success
1832,-3.4352221488952637,3.1156554222106934,-0.0002378860372118652,0.033001549541950226,0.03300154581665993,1.0,-3.0,success
1833,-3.434166431427002,3.1156671047210693,-0.00023802040959708393,0.03299318999052048,0.03299318999052048,1.0,-3.0,success
1834,-3.433110237121582,3.1156764030456543,-0.0002381547965342179,0.03300734981894493,0.03300734609365463,1.0,-3.0,success
1835,-3.432054281234741,3.1156837940216064,-0.00023828918347135186,0.0329994261264801,0.0329994261264801,1.0,-3.0,success
1836,-3.4309983253479004,3.1156888008117676,-0.00023842357040848583,0.03299899026751518,0.032998986542224884,1.0,-3.0,success
1837,-3.4299423694610596,3.1156914234161377,-0.0002385579573456198,0.03299872204661369,0.03299872204661369,1.0,-3.0,success
1838,-3.4288864135742188,3.115691900253296,-0.00023869234428275377,0.03299862518906593,0.03299862518906593,1.0,-3.0,success
1839,-3.427830219268799,3.115690231323242,-0.00023882674577180296,0.03300611302256584,0.03300610929727554,1.0,-3.0,success
1840,-3.426774263381958,3.1156861782073975,-0.00023896113270893693,0.032998863607645035,0.032998859882354736,1.0,-3.0,success
1841,-3.425718307495117,3.115679979324341,-0.00023909553419798613,0.032999187707901,0.032999187707901,1.0,-3.0,success
1842,-3.4246623516082764,3.115671396255493,-0.00023922993568703532,0.032999709248542786,0.032999709248542786,1.0,-3.0,success
1843,-3.4236063957214355,3.1156606674194336,-0.0002393643226241693,0.03300032392144203,0.03300032392144203,1.0,-3.0,success
1844,-3.4225504398345947,3.115647554397583,-0.00023949872411321849,0.033001162111759186,0.033001162111759186,1.0,-3.0,success
1845,-3.421494483947754,3.1156322956085205,-0.00023963312560226768,0.033002063632011414,0.033002063632011414,1.0,-3.0,success
1846,-3.420438766479492,3.115614652633667,-0.00023976751253940165,0.03299577534198761,0.03299577534198761,1.0,-3.0,success
1847,-3.4193828105926514,3.1155946254730225,-0.00023990189947653562,0.033004552125930786,0.033004552125930786,1.0,-3.0,success
1848,-3.4183270931243896,3.115572452545166,-0.00024003628641366959,0.03299844637513161,0.03299844637513161,1.0,-3.0,success
1849,-3.417271375656128,3.1155481338500977,-0.00024017067335080355,0.0329999215900898,0.0329999215900898,1.0,-3.0,success
1850,-3.416215658187866,3.115521192550659,-0.00024030506028793752,0.03300191089510918,0.03300190716981888,1.0,-3.0,success
1851,-3.4151599407196045,3.115492105484009,-0.00024043943267315626,0.03300368785858154,0.03300368785858154,1.0,-3.0,success
1852,-3.414104461669922,3.1154608726501465,-0.000240573805058375,0.032998159527778625,0.03299815580248833,1.0,-3.0,success
1853,-3.4130489826202393,3.115427017211914,-0.0002407081628916785,0.033000681549310684,0.033000681549310684,1.0,-3.0,success
1854,-3.4119935035705566,3.115391254425049,-0.00024084252072498202,0.03300264850258827,0.03300264850258827,1.0,-3.0,success
1855,-3.410938262939453,3.1153528690338135,-0.00024097689311020076,0.03299807757139206,0.03299807757139206,1.0,-3.0,success
1856,-3.4098830223083496,3.1153125762939453,-0.00024111125094350427,0.03300030156970024,0.03300029784440994,1.0,-3.0,success
1857,-3.408827781677246,3.115269899368286,-0.00024124557967297733,0.033003225922584534,0.033003225922584534,1.0,-3.0,success
1858,-3.4077727794647217,3.115225076675415,-0.00024137990840245038,0.03299855813384056,0.03299855813384056,1.0,-3.0,success
1859,-3.4067177772521973,3.115177869796753,-0.0002415142225800082,0.03300180658698082,0.03300180658698082,1.0,-3.0,success
1860,-3.405662775039673,3.115128517150879,-0.00024164853675756603,0.033004868775606155,0.033004868775606155,1.0,-3.0,success
1861,-3.4046080112457275,3.115077018737793,-0.0002417828218312934,0.033000633120536804,0.033000633120536804,1.0,-3.0,success
1862,-3.4035534858703613,3.115023136138916,-0.00024191709235310555,0.03299690783023834,0.03299690783023834,1.0,-3.0,success
1863,-3.402498960494995,3.114966869354248,-0.00024205136287491769,0.03300079330801964,0.03300079330801964,1.0,-3.0,success
1864,-3.401444435119629,3.114908456802368,-0.00024218560429289937,0.033004432916641235,0.033004432916641235,1.0,-3.0,success
1865,-3.400390148162842,3.1148478984832764,-0.00024231984571088105,0.033000774681568146,0.033000774681568146,1.0,-3.0,success
1866,-3.399336099624634,3.1147849559783936,-0.0002424540725769475,0.03299769386649132,0.03299769386649132,1.0,-3.0,success
1867,-3.398282051086426,3.114719867706299,-0.0002425882703391835,0.03300175443291664,0.03300175443291664,1.0,-3.0,success
1868,-3.3972280025482178,3.114652395248413,-0.00024272245354950428,0.03300642967224121,0.03300642967224121,1.0,-3.0,success
1869,-3.396174430847168,3.1145827770233154,-0.00024285663675982505,0.03299591317772865,0.03299591317772865,1.0,-3.0,success
1870,-3.395120859146118,3.114511013031006,-0.00024299079086631536,0.0330004021525383,0.0330004021525383,1.0,-3.0,success
1871,-3.3940672874450684,3.1144368648529053,-0.00024312493042089045,0.033005550503730774,0.033005550503730774,1.0,-3.0,success
1872,-3.3930141925811768,3.1143603324890137,-0.00024325904087163508,0.032996002584695816,0.03299599885940552,1.0,-3.0,success
1873,-3.391960859298706,3.11428165435791,-0.0002433931513223797,0.03300836309790611,0.03300836309790611,1.0,-3.0,success
1874,-3.3909080028533936,3.1142008304595947,-0.00024352723266929388,0.03299856558442116,0.03299856558442116,1.0,-3.0,success
1875,-3.389855146408081,3.1141176223754883,-0.0002436612849123776,0.03300435468554497,0.03300435468554497,1.0,-3.0,success
1876,-3.3888027667999268,3.11403226852417,-0.00024379532260354608,0.03299485146999359,0.03299485146999359,1.0,-3.0,success
1877,-3.3877503871917725,3.1139445304870605,-0.00024392934574279934,0.03300095722079277,0.03300095722079277,1.0,-3.0,success
1878,-3.386698007583618,3.1138546466827393,-0.00024406333977822214,0.03300659731030464,0.03300659358501434,1.0,-3.0,success
1879,-3.385646104812622,3.113762378692627,-0.0002441973192617297,0.03299817442893982,0.03299817442893982,1.0,-3.0,success
1880,-3.384594202041626,3.1136679649353027,-0.0002443312550894916,0.03300410136580467,0.03300410136580467,1.0,-3.0,success
1881,-3.383542537689209,3.1135714054107666,-0.0002444651909172535,0.03300274536013603,0.03300274536013603,1.0,-3.0,success
1882,-3.382491111755371,3.1134724617004395,-0.0002445990976411849,0.03300222381949425,0.03300222009420395,1.0,-3.0,success
1883,-3.3814399242401123,3.1133713722229004,-0.0002447329752612859,0.03300115466117859,0.03300115466117859,1.0,-3.0,success
1884,-3.3803889751434326,3.1132678985595703,-0.0002448668237775564,0.03300095722079277,0.03300095722079277,1.0,-3.0,success
1885,-3.379338264465332,3.1131622791290283,-0.0002450006431899965,0.03300018236041069,0.03300018236041069,1.0,-3.0,success
1886,-3.3782877922058105,3.1130545139312744,-0.0002451344334986061,0.03299954533576965,0.03299954533576965,1.0,-3.0,success
1887,-3.377237319946289,3.1129443645477295,-0.00024526819470338523,0.03300723060965538,0.03300723060965538,1.0,-3.0,success
1888,-3.376187324523926,3.1128318309783936,-0.0002454019559081644,0.033000268042087555,0.033000268042087555,1.0,-3.0,success
1889,-3.3751375675201416,3.1127171516418457,-0.0002455356589052826,0.033000074326992035,0.033000070601701736,1.0,-3.0,success
1890,-3.3740880489349365,3.112600326538086,-0.0002456693327985704,0.03300001844763756,0.03300001844763756,1.0,-3.0,success
1891,-3.3730387687683105,3.1124813556671143,-0.00024580300669185817,0.033000100404024124,0.033000100404024124,1.0,-3.0,success
1892,-3.3719897270202637,3.1123597621917725,-0.00024593662237748504,0.033002033829689026,0.033002033829689026,1.0,-3.0,success
1893,-3.370940923690796,3.112236261367798,-0.00024607020895928144,0.033001549541950226,0.033001549541950226,1.0,-3.0,success
1894,-3.3698923587799072,3.1121103763580322,-0.0002462037664372474,0.03300295025110245,0.03300295025110245,1.0,-3.0,success
1895,-3.3688440322875977,3.1119823455810547,-0.0002463372948113829,0.033003613352775574,0.033003609627485275,1.0,-3.0,success
1896,-3.367795944213867,3.111851930618286,-0.00024647079408168793,0.03300533443689346,0.03300533443689346,1.0,-3.0,success
1897,-3.366748332977295,3.1117193698883057,-0.00024660423514433205,0.03299890086054802,0.03299890086054802,1.0,-3.0,success
1898,-3.3657009601593018,3.1115846633911133,-0.0002467376762069762,0.03299999609589577,0.03299999237060547,1.0,-3.0,success
1899,-3.3646538257598877,3.11144757270813,-0.0002468710590619594,0.03300219401717186,0.03300219401717186,1.0,-3.0,success
1900,-3.3636069297790527,3.1113083362579346,-0.00024700441281311214,0.03300357982516289,0.03300357982516289,1.0,-3.0,success
1901,-3.362560272216797,3.1111667156219482,-0.000247137708356604,0.03300609812140465,0.03300609812140465,1.0,-3.0,success
1902,-3.361514091491699,3.11102294921875,-0.0002472710039000958,0.033000398427248,0.0330003947019577,1.0,-3.0,success
1903,-3.3604681491851807,3.11087703704834,-0.00024740424123592675,0.033002208918333054,0.033002208918333054,1.0,-3.0,success
1904,-3.3594226837158203,3.1107287406921387,-0.0002475374494679272,0.03299783542752266,0.03299783542752266,1.0,-3.0,success
1905,-3.35837721824646,3.1105782985687256,-0.00024767062859609723,0.03300732001662254,0.03300732001662254,1.0,-3.0,success
1906,-3.357332229614258,3.1104254722595215,-0.00024780374951660633,0.033003270626068115,0.033003270626068115,1.0,-3.0,success
1907,-3.356287717819214,3.1102705001831055,-0.000247936841333285,0.03299830108880997,0.03299830108880997,1.0,-3.0,success
1908,-3.355243444442749,3.1101133823394775,-0.0002480698749423027,0.03300084173679352,0.03300083801150322,1.0,-3.0,success
1909,-3.3541994094848633,3.1099538803100586,-0.00024820287944749,0.03300464153289795,0.03300464153289795,1.0,-3.0,success
1910,-3.3531558513641357,3.1097922325134277,-0.0002483358548488468,0.03300010785460472,0.03300010785460472,1.0,-3.0,success
1911,-3.3521125316619873,3.109628438949585,-0.0002484687720425427,0.033003080636262894,0.033003080636262894,1.0,-3.0,success
1912,-3.351069450378418,3.109462261199951,-0.00024860166013240814,0.033007360994815826,0.03300735726952553,1.0,-3.0,success
1913,-3.350026845932007,3.1092939376831055,-0.0002487344900146127,0.03300326690077782,0.03300326690077782,1.0,-3.0,success
1914,-3.348984718322754,3.109123468399048,-0.0002488672616891563,0.03299931436777115,0.03299931064248085,1.0,-3.0,success
1915,-3.34794282913208,3.108950614929199,-0.0002490000333636999,0.033004071563482285,0.033004071563482285,1.0,-3.0,success
1916,-3.3469014167785645,3.1087756156921387,-0.00024913271772675216,0.03300042077898979,0.03300042077898979,1.0,-3.0,success
1917,-3.345860242843628,3.108598470687866,-0.00024926537298597395,0.03300425037741661,0.03300425037741661,1.0,-3.0,success
1918,-3.3448195457458496,3.1084189414978027,-0.00024939797003753483,0.03300214558839798,0.03300214558839798,1.0,-3.0,success
1919,-3.3437793254852295,3.1082372665405273,-0.00024953053798526525,0.032998934388160706,0.032998934388160706,1.0,-3.0,success
1920,-3.3427393436431885,3.108053207397461,-0.00024966304772533476,0.03300449624657631,0.03300449624657631,1.0,-3.0,success
1921,-3.3416998386383057,3.1078670024871826,-0.0002497955283615738,0.03300158306956291,0.03300158306956291,1.0,-3.0,success
1922,-3.340660572052002,3.1076786518096924,-0.00024992795079015195,0.03300613537430763,0.03300613537430763,1.0,-3.0,success
1923,-3.3396217823028564,3.1074881553649902,-0.0002500603150110692,0.03300350531935692,0.03300350159406662,1.0,-3.0,success
1924,-3.338583469390869,3.107295274734497,-0.0002501926210243255,0.033002372831106186,0.033002372831106186,1.0,-3.0,success
1925,-3.33754563331604,3.107100248336792,-0.00025032489793375134,0.03300004079937935,0.03300004079937935,1.0,-3.0,success
1926,-3.33650803565979,3.106903076171875,-0.00025045708753168583,0.03300517424941063,0.03300517052412033,1.0,-3.0,success
1927,-3.3354709148406982,3.106703519821167,-0.00025058924802578986,0.033004529774188995,0.033004529774188995,1.0,-3.0,success
1928,-3.3344342708587646,3.106501817703247,-0.00025072137941606343,0.033002641052007675,0.033002641052007675,1.0,-3.0,success
1929,-3.3333981037139893,3.1062979698181152,-0.00025085342349484563,0.0330008901655674,0.0330008901655674,1.0,-3.0,success
1930,-3.332362413406372,3.1060919761657715,-0.00025098543846979737,0.03299928456544876,0.03299928456544876,1.0,-3.0,success
1931,-3.331326961517334,3.1058835983276367,-0.00025111736613325775,0.03300659358501434,0.03300659358501434,1.0,-3.0,success
1932,-3.330291986465454,3.10567307472229,-0.00025124926469288766,0.03300528973340988,0.03300528973340988,1.0,-3.0,success
1933,-3.3292577266693115,3.1054601669311523,-0.00025138110504485667,0.032998327165842056,0.03299832344055176,1.0,-3.0,success
1934,-3.328223705291748,3.105245351791382,-0.00025151288718916476,0.033003102988004684,0.033003102988004684,1.0,-3.0,success
1935,-3.3271901607513428,3.1050281524658203,-0.00025164461112581193,0.033003754913806915,0.033003754913806915,1.0,-3.0,success
1936,-3.3261570930480957,3.1048085689544678,-0.0002517762768547982,0.033004581928253174,0.033004578202962875,1.0,-3.0,success
1937,-3.325124502182007,3.1045870780944824,-0.00025190788437612355,0.03300245478749275,0.03300245478749275,1.0,-3.0,success
1938,-3.324092388153076,3.104363203048706,-0.000252039433689788,0.03300359845161438,0.03300359845161438,1.0,-3.0,success
1939,-3.3230607509613037,3.1041371822357178,-0.0002521709247957915,0.033003322780132294,0.033003322780132294,1.0,-3.0,success
1940,-3.3220295906066895,3.1039090156555176,-0.0002523023576941341,0.03300318866968155,0.03300318866968155,1.0,-3.0,success
1941,-3.3209989070892334,3.1036784648895264,-0.00025243370328098536,0.033004824072122574,0.033004824072122574,1.0,-3.0,success
1942,-3.3199687004089355,3.1034460067749023,-0.00025256501976400614,0.03300334885716438,0.03300334885716438,1.0,-3.0,success
1943,-3.318939208984375,3.1032111644744873,-0.000252696278039366,0.032998036593198776,0.032998036593198776,1.0,-3.0,success
1944,-3.3179099559783936,3.1029741764068604,-0.0002528274490032345,0.03300575539469719,0.03300575539469719,1.0,-3.0,success
1945,-3.3168811798095703,3.1027348041534424,-0.0002529585617594421,0.033008038997650146,0.033008038997650146,1.0,-3.0,success
1946,-3.3158531188964844,3.1024932861328125,-0.0002530896454118192,0.03300154209136963,0.03300153836607933,1.0,-3.0,success
1947,-3.3148255348205566,3.10224986076355,-0.0002532206126488745,0.03300072252750397,0.03300072252750397,1.0,-3.0,success
1948,-3.313798427581787,3.102003812789917,-0.00025335155078209937,0.03300521895289421,0.03300521895289421,1.0,-3.0,success
1949,-3.312771797180176,3.1017558574676514,-0.0002534824307076633,0.03300467133522034,0.03300467133522034,1.0,-3.0,success
1950,-3.3117458820343018,3.101505756378174,-0.00025361322332173586,0.032998763024806976,0.032998763024806976,1.0,-3.0,success
1951,-3.310720205307007,3.1012532711029053,-0.0002537439577281475,0.033009253442287445,0.033009253442287445,1.0,-3.0,success
1952,-3.309695243835449,3.100998640060425,-0.0002538746048230678,0.03300365060567856,0.03300365060567856,1.0,-3.0,success
1953,-3.308670997619629,3.1007418632507324,-0.0002540052228141576,0.03299820423126221,0.03299820050597191,1.0,-3.0,success
1954,-3.3076469898223877,3.100482702255249,-0.0002541357243899256,0.033009178936481476,0.03300917521119118,1.0,-3.0,success
1955,-3.306623697280884,3.100221633911133,-0.00025426619686186314,0.03300219401717186,0.03300219401717186,1.0,-3.0,success
1956,-3.305601119995117,3.0999581813812256,-0.0002543965820223093,0.03299904614686966,0.03299904242157936,1.0,-3.0,success
1957,-3.3045787811279297,3.0996925830841064,-0.00025452690897509456,0.0330086275935173,0.0330086275935173,1.0,-3.0,success
1958,-3.3035571575164795,3.0994248390197754,-0.00025465714861638844,0.033003926277160645,0.033003926277160645,1.0,-3.0,success
1959,-3.3025362491607666,3.0991549491882324,-0.0002547873300500214,0.03299938514828682,0.03299938514828682,1.0,-3.0,success
1960,-3.301515817642212,3.0988826751708984,-0.00025491745327599347,0.03300410509109497,0.03300410509109497,1.0,-3.0,success
1961,-3.3004958629608154,3.0986084938049316,-0.00025504748919047415,0.033005133271217346,0.033005133271217346,1.0,-3.0,success
1962,-3.2994766235351562,3.098331928253174,-0.00025517743779346347,0.033002980053424835,0.033002980053424835,1.0,-3.0,success
1963,-3.2984578609466553,3.098053216934204,-0.00025530732818879187,0.03300623223185539,0.033006228506565094,1.0,-3.0,success
1964,-3.2974398136138916,3.0977723598480225,-0.00025543716037645936,0.03300243988633156,0.03300243988633156,1.0,-3.0,success
1965,-3.296422243118286,3.097489356994629,-0.0002555669052526355,0.0330059789121151,0.0330059789121151,1.0,-3.0,success
1966,-3.295405387878418,3.0972042083740234,-0.00025569656281732023,0.03300248831510544,0.03300248831510544,1.0,-3.0,success
1967,-3.294389009475708,3.096916913986206,-0.0002558261330705136,0.03300631791353226,0.03300631418824196,1.0,-3.0,success
1968,-3.2933733463287354,3.0966272354125977,-0.00025595564511604607,0.03300516679883003,0.033005163073539734,1.0,-3.0,success
1969,-3.2923583984375,3.0963356494903564,-0.0002560850989539176,0.03300008177757263,0.03300007805228233,1.0,-3.0,success
1970,-3.291343927383423,3.096041679382324,-0.0002562144654802978,0.033006418496370316,0.03300641477108002,1.0,-3.0,success
1971,-3.290330171585083,3.09574556350708,-0.0002563437446951866,0.03300368785858154,0.03300368785858154,1.0,-3.0,success
1972,-3.2893168926239014,3.095447301864624,-0.00025647293659858406,0.03300825506448746,0.03300825506448746,1.0,-3.0,success
1973,-3.288304567337036,3.095146894454956,-0.0002566020411904901,0.03299868106842041,0.03299868106842041,1.0,-3.0,success
1974,-3.287292718887329,3.094844341278076,-0.0002567310875747353,0.0330035462975502,0.0330035462975502,1.0,-3.0,success
1975,-3.2862813472747803,3.0945396423339844,-0.00025686004664748907,0.033008549362421036,0.033008549362421036,1.0,-3.0,success
1976,-3.285270929336548,3.0942327976226807,-0.00025698894751258194,0.032999437302351,0.0329994335770607,1.0,-3.0,success
1977,-3.2842609882354736,3.093923568725586,-0.000257117731962353,0.03300691768527031,0.03300691395998001,1.0,-3.0,success
1978,-3.2832517623901367,3.0936129093170166,-0.00025318629923276603,0.03299889713525772,0.032998666167259216,1.0,-3.0,success
1979,-3.282243013381958,3.0932998657226562,-0.0002539069391787052,0.03300643712282181,0.03300642967224121,1.0,-3.0,success
1980,-3.2812349796295166,3.092984437942505,-0.00025471820845268667,0.033007267862558365,0.03300725668668747,1.0,-3.0,success
1981,-3.2802276611328125,3.0926668643951416,-0.00025540366186760366,0.033006034791469574,0.03300602734088898,1.0,-3.0,success
1982,-3.2792208194732666,3.0923471450805664,-0.0002559780841693282,0.03301205113530159,0.03301204741001129,1.0,-3.0,success
1983,-3.278214931488037,3.0920250415802,-0.00025646312860772014,0.03300629183650017,0.03300628811120987,1.0,-3.0,success
1984,-3.277209758758545,3.091701030731201,-0.0002568766940385103,0.033003244549036026,0.03300324082374573,1.0,-3.0,success
1985,-3.276205062866211,3.0913748741149902,-0.0002572330122347921,0.03300970420241356,0.03300970420241356,1.0,-3.0,success
1986,-3.2752013206481934,3.0910463333129883,-0.0002575435792095959,0.03300446271896362,0.033004458993673325,1.0,-3.0,success
1987,-3.274198293685913,3.0907158851623535,-0.0002578175044618547,0.033001821488142014,0.033001817762851715,1.0,-3.0,success
1988,-3.273195743560791,3.0903830528259277,-0.00025806212215684354,0.0330110639333725,0.0330110639333725,1.0,-3.0,success
1989,-3.2721941471099854,3.090048313140869,-0.00025828328216448426,0.033001627773046494,0.033001627773046494,1.0,-3.0,success
1990,-3.271193265914917,3.0897111892700195,-0.0002584856702014804,0.03300413489341736,0.03300413489341736,1.0,-3.0,success
1991,-3.270192861557007,3.089371919631958,-0.0002586729824542999,0.03301149234175682,0.03301148861646652,1.0,-3.0,success
1992,-3.269193410873413,3.0890307426452637,-0.00025884827482514083,0.03300247713923454,0.03300247713923454,1.0,-3.0,success
1993,-3.2681946754455566,3.0886871814727783,-0.0002590139047242701,0.0330054834485054,0.0330054797232151,1.0,-3.0,success
1994,-3.2671966552734375,3.08834171295166,-0.00025917176390066743,0.0330037958920002,0.0330037958920002,1.0,-3.0,success
1995,-3.2661993503570557,3.087993860244751,-0.0002593234530650079,0.03300714120268822,0.03300713747739792,1.0,-3.0,success
1996,-3.265202760696411,3.087644100189209,-0.00025947013637050986,0.0330057255923748,0.0330057255923748,1.0,-3.0,success
1997,-3.264207124710083,3.087292194366455,-0.00025961280334740877,0.03299988806247711,0.03299988806247711,1.0,-3.0,success
1998,-3.263211965560913,3.08693790435791,-0.00025975226890295744,0.033010754734277725,0.033010754734277725,1.0,-3.0,success
1999,-3.2622177600860596,3.0865817070007324,-0.000259889115113765,0.033002737909555435,0.033002737909555435,1.0,-3.0,success
2000,-3.2612242698669434,3.0862233638763428,-0.00026002389495261014,0.033004384487867355,0.033004384487867355,1.0,-3.0,success
2001,-3.2602314949035645,3.085862874984741,-0.0002601569576654583,0.03300618752837181,0.03300618752837181,1.0,-3.0,success
2002,-3.259239435195923,3.0855002403259277,-0.0002602886233944446,0.033008139580488205,0.033008139580488205,1.0,-3.0,success
2003,-3.2582483291625977,3.0851354598999023,-0.0002604191831778735,0.03300325199961662,0.03300325199961662,1.0,-3.0,success
2004,-3.2572579383850098,3.084768533706665,-0.00026054884074255824,0.03300551325082779,0.03300551325082779,1.0,-3.0,success
2005,-3.256268262863159,3.084399700164795,-0.0002606777416076511,0.03300531953573227,0.03300531953573227,1.0,-3.0,success
2006,-3.255279302597046,3.084028482437134,-0.00026080600218847394,0.033010486513376236,0.033010486513376236,1.0,-3.0,success
2007,-3.254291296005249,3.08365535736084,-0.00026093373890034854,0.03300359845161438,0.03300359845161438,1.0,-3.0,success
2008,-3.2533042430877686,3.083279848098755,-0.00026106106815859675,0.03300214186310768,0.03300213813781738,1.0,-3.0,success
2009,-3.2523176670074463,3.082902431488037,-0.000261188019067049,0.03300946205854416,0.03300946205854416,1.0,-3.0,success
2010,-3.2513320446014404,3.0825228691101074,-0.0002613146498333663,0.033005665987730026,0.033005665987730026,1.0,-3.0,success
2011,-3.250347137451172,3.082141160964966,-0.0002614410186652094,0.03300898149609566,0.03300898149609566,1.0,-3.0,success
2012,-3.2493631839752197,3.0817575454711914,-0.00026156712556257844,0.03300280123949051,0.03300279751420021,1.0,-3.0,success
2013,-3.248380184173584,3.081371545791626,-0.00026169302873313427,0.03300219401717186,0.03300219401717186,1.0,-3.0,success
2014,-3.2473976612091064,3.0809836387634277,-0.00026181875728070736,0.03301016613841057,0.03301016241312027,1.0,-3.0,success
2015,-3.2464163303375244,3.0805935859680176,-0.0002619443112052977,0.03300022706389427,0.03300022706389427,1.0,-3.0,success
2016,-3.2454354763031006,3.0802013874053955,-0.0002620696905069053,0.033011216670274734,0.033011216670274734,1.0,-3.0,success
2017,-3.2444558143615723,3.0798070430755615,-0.00026219492428936064,0.033001609146595,0.033001609146595,1.0,-3.0,success
2018,-3.243476629257202,3.0794105529785156,-0.0002623200125526637,0.03301289677619934,0.03301289677619934,1.0,-3.0,success
2019,-3.2424986362457275,3.079012155532837,-0.0002624449844006449,0.03300080820918083,0.03300080820918083,1.0,-3.0,success
2020,-3.2415213584899902,3.0786116123199463,-0.00026256981072947383,0.0330054797232151,0.0330054797232151,1.0,-3.0,success
2021,-3.2405447959899902,3.0782089233398438,-0.00026269452064298093,0.03301030397415161,0.03301030397415161,1.0,-3.0,success
2022,-3.2395691871643066,3.0778040885925293,-0.00026281908503733575,0.0330084003508091,0.0330084003508091,1.0,-3.0,success
2023,-3.2385945320129395,3.077397346496582,-0.0002629435621201992,0.033003780990839005,0.033003780990839005,1.0,-3.0,success
2024,-3.2376208305358887,3.076988458633423,-0.00026306789368391037,0.03300218656659126,0.03300218656659126,1.0,-3.0,success
2025,-3.236647844314575,3.0765774250030518,-0.0002631921088322997,0.03300761803984642,0.03300761431455612,1.0,-3.0,success
2026,-3.235675811767578,3.0761642456054688,-0.0002633162366691977,0.03300634026527405,0.03300634026527405,1.0,-3.0,success
2027,-3.2347044944763184,3.075749158859253,-0.00026344021898694336,0.03300914913415909,0.03300914540886879,1.0,-3.0,success
2028,-3.233734130859375,3.075331926345825,-0.0002635641139931977,0.03300817310810089,0.03300817310810089,1.0,-3.0,success
2029,-3.232764720916748,3.0749125480651855,-0.00026368789258413017,0.033007364720106125,0.033007360994815826,1.0,-3.0,success
2030,-3.2317962646484375,3.074491024017334,-0.00026381152565591037,0.03300671651959419,0.03300671651959419,1.0,-3.0,success
2031,-3.2308287620544434,3.0740675926208496,-0.0002639350714161992,0.033003244549036026,0.033003244549036026,1.0,-3.0,success
2032,-3.2298619747161865,3.0736420154571533,-0.0002640585007611662,0.03300972655415535,0.03300972655415535,1.0,-3.0,success
2033,-3.228896141052246,3.073214530944824,-0.0002641818136908114,0.03300653398036957,0.03300653398036957,1.0,-3.0,success
2034,-3.227931261062622,3.072784900665283,-0.0002643049811013043,0.03300650417804718,0.03300650045275688,1.0,-3.0,success
2035,-3.2269673347473145,3.0723531246185303,-0.0002644280612003058,0.033006634563207626,0.033006634563207626,1.0,-3.0,success
2036,-3.2260043621063232,3.0719192028045654,-0.0002645510248839855,0.033006928861141205,0.033006928861141205,1.0,-3.0,success
2037,-3.2250423431396484,3.0714833736419678,-0.0002646738721523434,0.033004313707351685,0.033004309982061386,1.0,-3.0,success
2038,-3.224081039428711,3.071045398712158,-0.00026479660300537944,0.033011697232723236,0.033011697232723236,1.0,-3.0,success
2039,-3.223120927810669,3.070605516433716,-0.00026491921744309366,0.0330025851726532,0.0330025851726532,1.0,-3.0,success
2040,-3.2221615314483643,3.0701634883880615,-0.00026504171546548605,0.033010270446538925,0.033010270446538925,1.0,-3.0,success
2041,-3.221203327178955,3.0697193145751953,-0.0002651640970725566,0.033004581928253174,0.033004581928253174,1.0,-3.0,success
2042,-3.220245838165283,3.0692732334136963,-0.0002652863331604749,0.03300943225622177,0.03300943225622177,1.0,-3.0,success
2043,-3.219289541244507,3.0688250064849854,-0.0002654084819369018,0.033004067838191986,0.033004067838191986,1.0,-3.0,success
2044,-3.2183339595794678,3.0683746337890625,-0.00026553048519417644,0.03301236405968666,0.03301236405968666,1.0,-3.0,success
2045,-3.217379570007324,3.067922353744507,-0.00026565237203612924,0.03300414979457855,0.03300414979457855,1.0,-3.0,success
2046,-3.216425895690918,3.0674681663513184,-0.00026577417156659067,0.03300954028964043,0.03300953656435013,1.0,-3.0,success
2047,-3.2154734134674072,3.067011833190918,-0.0002658958255778998,0.03300482779741287,0.03300482779741287,1.0,-3.0,success
2048,-3.214521884918213,3.0665533542633057,-0.0002660173340700567,0.03300700709223747,0.03300700709223747,1.0,-3.0,success
2049,-3.213571310043335,3.0660929679870605,-0.00026613875525072217,0.03300609439611435,0.03300609439611435,1.0,-3.0,success
2050,-3.2126216888427734,3.0656304359436035,-0.0002662600309122354,0.03300858289003372,0.03300858289003372,1.0,-3.0,success
2051,-3.2116730213165283,3.0651659965515137,-0.00026638119015842676,0.03300795704126358,0.03300795704126358,1.0,-3.0,success
2052,-3.2107253074645996,3.064699411392212,-0.0002665022329892963,0.033010754734277725,0.033010754734277725,1.0,-3.0,success
2053,-3.2097787857055664,3.0642306804656982,-0.00026662315940484405,0.03300704061985016,0.03300704061985016,1.0,-3.0,success
2054,-3.208815097808838,3.063751697540283,-0.00026665895711630583,0.03362997993826866,0.03362997621297836,1.0,3.0,success
2055,-3.2078680992126465,3.063283681869507,-0.0002668274100869894,0.033010486513376236,0.033010486513376236,1.0,-3.0,success
2056,-3.2069222927093506,3.0628135204315186,-0.00026690823142416775,0.03300688788294792,0.03300688788294792,1.0,-3.0,success
2057,-3.2059593200683594,3.06233286857605,-0.00026690863887779415,0.03363322466611862,0.03363322094082832,1.0,3.0,success
2058,-3.204996109008789,3.0618550777435303,-0.00026696865097619593,0.03360006585717201,0.03360006585717201,1.0,3.0,success
2059,-3.2040326595306396,3.0613794326782227,-0.00026699385489337146,0.033576998859643936,0.033576998859643936,1.0,3.0,success
2060,-3.203068971633911,3.0609066486358643,-0.0002669870445970446,0.033544208854436874,0.033544208854436874,1.0,3.0,success
2061,-3.2021045684814453,3.060436248779297,-0.00026695424458011985,0.0335315465927124,0.0335315465927124,1.0,3.0,success
2062,-3.201139450073242,3.0599682331085205,-0.0002669006062205881,0.033519063144922256,0.033519063144922256,1.0,3.0,success
2063,-3.2001733779907227,3.0595028400421143,-0.0002668302331585437,0.0335102304816246,0.0335102304816246,1.0,3.0,success
2064,-3.199206590652466,3.05903959274292,-0.0002667464141268283,0.033501338213682175,0.033501338213682175,1.0,3.0,success
2065,-3.1982383728027344,3.0585787296295166,-0.00026665188488550484,0.03350956737995148,0.03350956737995148,1.0,3.0,success
2066,-3.1972689628601074,3.0581204891204834,-0.0002665487991180271,0.03350809961557388,0.03350809961557388,1.0,3.0,success
2067,-3.196298360824585,3.057664394378662,-0.0002664388157427311,0.03351321071386337,0.03351321071386337,1.0,3.0,success
2068,-3.195326089859009,3.057210683822632,-0.00026632341905497015,0.033528849482536316,0.033528849482536316,1.0,3.0,success
2069,-3.194352388381958,3.0567593574523926,-0.00026620362768881023,0.033537961542606354,0.033537961542606354,1.0,3.0,success
2070,-3.1933770179748535,3.0563104152679443,-0.00026608037296682596,0.033554065972566605,0.033554065972566605,1.0,3.0,success
2071,-3.1923999786376953,3.055863857269287,-0.0002659543533809483,0.033570412546396255,0.03357040882110596,1.0,3.0,success
2072,-3.1914210319519043,3.055419683456421,-0.00026582612190395594,0.03359377756714821,0.03359377384185791,1.0,3.0,success
2073,-3.1904404163360596,3.0549776554107666,-0.0002656961150933057,0.0336136668920517,0.0336136668920517,1.0,3.0,success
2074,-3.189476490020752,3.0545456409454346,-0.0002656473661772907,0.03300968185067177,0.03300967812538147,1.0,-3.0,success
2075,-3.18851375579834,3.0541110038757324,-0.0002655537100508809,0.033009327948093414,0.033009327948093414,1.0,-3.0,success
2076,-3.187551975250244,3.0536742210388184,-0.0002655000425875187,0.033009834587574005,0.033009834587574005,1.0,-3.0,success
2077,-3.186591386795044,3.0532350540161133,-0.00026548164896667004,0.033006832003593445,0.033006832003593445,1.0,-3.0,success
2078,-3.18563175201416,3.052793502807617,-0.0002654915442690253,0.033010803163051605,0.033010803163051605,1.0,-3.0,success
2079,-3.1846730709075928,3.0523500442504883,-0.00026552402414381504,0.03300871327519417,0.03300871327519417,1.0,-3.0,success
2080,-3.183715581893921,3.0519042015075684,-0.0002655745192896575,0.03300628438591957,0.03300628438591957,1.0,-3.0,success
2081,-3.1827588081359863,3.0514564514160156,-0.0002656393626239151,0.033011242747306824,0.033011242747306824,1.0,-3.0,success
2082,-3.1818032264709473,3.051006317138672,-0.0002657156146597117,0.03300918638706207,0.03300918638706207,1.0,-3.0,success
2083,-3.1808488368988037,3.0505542755126953,-0.0002658009761944413,0.03300096094608307,0.03300096094608307,1.0,-3.0,success
2084,-3.1798951625823975,3.0500998497009277,-0.0002658935554791242,0.033012744039297104,0.033012744039297104,1.0,-3.0,success
2085,-3.1789424419403076,3.0496437549591064,-0.00026599192642606795,0.033008329570293427,0.03300832584500313,1.0,-3.0,success
2086,-3.1779909133911133,3.049185276031494,-0.00026609483757056296,0.03300700709223747,0.03300700709223747,1.0,-3.0,success
2087,-3.1770403385162354,3.048724889755249,-0.00026620138669386506,0.03300609439611435,0.03300609439611435,1.0,-3.0,success
2088,-3.176090717315674,3.048262357711792,-0.0002663107879925519,0.03300858289003372,0.03300858289003372,1.0,-3.0,success
2089,-3.1751420497894287,3.047797918319702,-0.00026642248849384487,0.03300795704126358,0.03300795704126358,1.0,-3.0,success
2090,-3.1741943359375,3.0473313331604004,-0.0002665359352249652,0.033010754734277725,0.033010754734277725,1.0,-3.0,success
2091,-3.173247814178467,3.0468626022338867,-0.00026665080804377794,0.03300704061985016,0.03300704061985016,1.0,-3.0,success
2092,-3.17230224609375,3.0463919639587402,-0.00026676675770431757,0.033006854355335236,0.033006854355335236,1.0,-3.0,success
2093,-3.1713576316833496,3.045919418334961,-0.0002668835804797709,0.03300680220127106,0.03300680220127106,1.0,-3.0,success
2094,-3.1704139709472656,3.0454447269439697,-0.0002670010144356638,0.03301022946834564,0.03301022946834564,1.0,-3.0,success
2095,-3.169471502304077,3.0449678897857666,-0.00026711897226050496,0.033007171005010605,0.033007171005010605,1.0,-3.0,success
2096,-3.168529987335205,3.0444891452789307,-0.0002672372793313116,0.033007554709911346,0.033007554709911346,1.0,-3.0,success
2097,-3.1675894260406494,3.044008493423462,-0.0002673558483365923,0.03300807625055313,0.03300807252526283,1.0,-3.0,success
2098,-3.16664981842041,3.0435256958007812,-0.00026747462106868625,0.033012133091688156,0.033012133091688156,1.0,-3.0,success
2099,-3.1657114028930664,3.0430409908294678,-0.000267593510216102,0.03300631046295166,0.03300631046295166,1.0,-3.0,success
2100,-3.164773941040039,3.0425541400909424,-0.00026771248667500913,0.033010683953762054,0.033010683953762054,1.0,-3.0,success
2101,-3.1638376712799072,3.042065382003784,-0.00026783146313391626,0.03300517052412033,0.03300516679883003,1.0,-3.0,success
2102,-3.162902355194092,3.041574478149414,-0.0002679504395928234,0.033009860664606094,0.033009860664606094,1.0,-3.0,success
2103,-3.1619679927825928,3.041081666946411,-0.0002680694160517305,0.033011239022016525,0.033011239022016525,1.0,-3.0,success
2104,-3.1610348224639893,3.0405869483947754,-0.00026818833430297673,0.03300617262721062,0.03300617262721062,1.0,-3.0,success
2105,-3.1601028442382812,3.0400900840759277,-0.00026830716524273157,0.0330047570168972,0.0330047532916069,1.0,-3.0,success
2106,-3.1591715812683105,3.0395913124084473,-0.0002684259379748255,0.033013131469488144,0.033013131469488144,1.0,-3.0,success
2107,-3.1582415103912354,3.039090394973755,-0.0002685445942915976,0.033012039959430695,0.033012039959430695,1.0,-3.0,success
2108,-3.1573126316070557,3.038587808609009,-0.00026866316329687834,0.0330040380358696,0.0330040380358696,1.0,-3.0,success
2109,-3.156367063522339,3.038073778152466,-0.00026869651628658175,0.03363298997282982,0.03363298997282982,1.0,3.0,success
2110,-3.155421018600464,3.037562608718872,-0.0002687824016902596,0.0336034893989563,0.0336034893989563,1.0,3.0,success
2111,-3.1544742584228516,3.0370538234710693,-0.00026882902602665126,0.033587824553251266,0.03358782082796097,1.0,3.0,success
2112,-3.153527021408081,3.0365476608276367,-0.00026883993996307254,0.03356224298477173,0.03356224298477173,1.0,3.0,success
2113,-3.1525790691375732,3.036043882369995,-0.0002688219246920198,0.03354693204164505,0.03354693204164505,1.0,3.0,success
2114,-3.15162992477417,3.0355427265167236,-0.0002687806263566017,0.0335414856672287,0.0335414856672287,1.0,3.0,success
2115,-3.1506800651550293,3.035043716430664,-0.00026872067246586084,0.033530015498399734,0.033530015498399734,1.0,3.0,success
2116,-3.149728775024414,3.0345473289489746,-0.0002686457592062652,0.03353160619735718,0.03353160619735718,1.0,3.0,success
2117,-3.1487762928009033,3.034053087234497,-0.00026855888427235186,0.033533696085214615,0.033533696085214615,1.0,3.0,success
2118,-3.147822141647339,3.0335612297058105,-0.0002684624050743878,0.03354579582810402,0.03354579210281372,1.0,3.0,success
2119,-3.146866798400879,3.033071756362915,-0.00026835830067284405,0.03354487195611,0.03354487195611,1.0,3.0,success
2120,-3.145909547805786,3.0325846672058105,-0.0002682480844669044,0.03356407955288887,0.03356407955288887,1.0,3.0,success
2121,-3.1449508666992188,3.032099723815918,-0.000268132978817448,0.03357360512018204,0.03357360512018204,1.0,3.0,success
2122,-3.1440069675445557,3.031625509262085,-0.0002680898760445416,0.03301019221544266,0.03301019221544266,1.0,-3.0,success
2123,-3.143064022064209,3.031148910522461,-0.0002680059405975044,0.0330171063542366,0.0330171063542366,1.0,-3.0,success
2124,-3.142122507095337,3.030669927597046,-0.0002679597237147391,0.03301092982292175,0.03301092982292175,1.0,-3.0,success
2125,-3.1411821842193604,3.030189037322998,-0.0002679468016140163,0.03300483152270317,0.03300483152270317,1.0,-3.0,success
2126,-3.1402428150177,3.029705762863159,-0.00026796053862199187,0.03301231563091278,0.03301231563091278,1.0,-3.0,success
2127,-3.1393046379089355,3.0292203426361084,-0.0002679955796338618,0.033009957522153854,0.033009957522153854,1.0,-3.0,success
2128,-3.1383676528930664,3.0287327766418457,-0.00026804758817888796,0.033007774502038956,0.033007774502038956,1.0,-3.0,success
2129,-3.1374316215515137,3.028243064880371,-0.00026811310090124607,0.03301237151026726,0.03301237151026726,1.0,-3.0,success
2130,-3.1364967823028564,3.0277512073516846,-0.0002681893529370427,0.033010534942150116,0.033010534942150116,1.0,-3.0,success
2131,-3.1355631351470947,3.0272574424743652,-0.0002682741906028241,0.03300539776682854,0.03300539404153824,1.0,-3.0,success
2132,-3.1346304416656494,3.026761770248413,-0.00026836583856493235,0.03300698474049568,0.03300698474049568,1.0,-3.0,success
2133,-3.1336987018585205,3.026263952255249,-0.00026846289983950555,0.03301221504807472,0.03301221504807472,1.0,-3.0,success
2134,-3.132768154144287,3.025763988494873,-0.0002685642393771559,0.033011049032211304,0.033011049032211304,1.0,-3.0,success
2135,-3.131838798522949,3.0252621173858643,-0.0002686689840629697,0.033006519079208374,0.033006515353918076,1.0,-3.0,success
2136,-3.1309103965759277,3.0247583389282227,-0.00026877643540501595,0.03300868347287178,0.03300867974758148,1.0,-3.0,success
2137,-3.1299831867218018,3.024252414703369,-0.0002688859822228551,0.03300800919532776,0.03300800919532776,1.0,-3.0,success
2138,-3.129056930541992,3.0237443447113037,-0.00026899718795903027,0.03301404416561127,0.03301404416561127,1.0,-3.0,success
2139,-3.128131866455078,3.0232346057891846,-0.000269109703367576,0.03300653025507927,0.03300653025507927,1.0,-3.0,success
2140,-3.1272079944610596,3.0227227210998535,-0.0002692232374101877,0.03300635144114494,0.03300635144114494,1.0,-3.0,success
2141,-3.1262850761413574,3.0222089290618896,-0.00026933755725622177,0.03300923481583595,0.03300923481583595,1.0,-3.0,success
2142,-3.125363349914551,3.021692991256714,-0.00026945245917886496,0.03300939127802849,0.03300939127802849,1.0,-3.0,success
2143,-3.1244425773620605,3.0211751461029053,-0.000269567797658965,0.033012568950653076,0.033012568950653076,1.0,-3.0,success
2144,-3.123522996902466,3.020655393600464,-0.0002696834853850305,0.03300939127802849,0.03300939127802849,1.0,-3.0,success
2145,-3.1226046085357666,3.0201337337493896,-0.0002697993768379092,0.03300636261701584,0.03300636261701584,1.0,-3.0,success
2146,-3.121687173843384,3.0196099281311035,-0.0002699154429137707,0.03301364928483963,0.03301364928483963,1.0,-3.0,success
2147,-3.1207709312438965,3.0190842151641846,-0.00027003162540495396,0.033010926097631454,0.033010926097631454,1.0,-3.0,success
2148,-3.119873285293579,3.018547534942627,-0.00026620179414749146,0.032682906836271286,0.03268268704414368,1.0,-3.0,success
2149,-3.1189589500427246,3.0180177688598633,-0.00026684682234190404,0.03302256017923355,0.033022552728652954,1.0,-3.0,success
2150,-3.1180460453033447,3.017486095428467,-0.0002676359436009079,0.03301384672522545,0.03301384299993515,1.0,-3.0,success
2151,-3.1171340942382812,3.0169525146484375,-0.00026830309070646763,0.03301815688610077,0.03301815316081047,1.0,-3.0,success
2152,-3.1162235736846924,3.0164167881011963,-0.0002688605454750359,0.03301353380084038,0.03301353007555008,1.0,-3.0,success
2153,-3.11531400680542,3.0158791542053223,-0.0002693296119105071,0.03301813825964928,0.03301813453435898,1.0,-3.0,success
2154,-3.114405870437622,3.0153396129608154,-0.0002697278978303075,0.03301006555557251,0.03301006555557251,1.0,-3.0,success
2155,-3.1134986877441406,3.014798164367676,-0.00027006957679986954,0.03301495313644409,0.03301495313644409,1.0,-3.0,success
2156,-3.112592935562134,3.0142548084259033,-0.00027036591200158,0.03300720080733299,0.033007197082042694,1.0,-3.0,success
2157,-3.1116881370544434,3.013709306716919,-0.00027062598383054137,0.03301621973514557,0.03301621600985527,1.0,-3.0,success
2158,-3.1107847690582275,3.0131618976593018,-0.00027085698093287647,0.033008791506290436,0.033008791506290436,1.0,-3.0,success
2159,-3.109882354736328,3.012612819671631,-0.0002710647531785071,0.033010389655828476,0.033010389655828476,1.0,-3.0,success
2160,-3.108981132507324,3.012061595916748,-0.00027125386986881495,0.03301350772380829,0.03301350772380829,1.0,-3.0,success
2161,-3.108081340789795,3.0115084648132324,-0.00027142802719026804,0.03300655260682106,0.03300655260682106,1.0,-3.0,success
2162,-3.107182502746582,3.010953426361084,-0.0002715902228374034,0.03301244601607323,0.03301244601607323,1.0,-3.0,success
2163,-3.1062848567962646,3.0103964805603027,-0.00027174281422048807,0.03301214054226875,0.03301214054226875,1.0,-3.0,success
2164,-3.105388641357422,3.0098373889923096,-0.0002718876930885017,0.0330096073448658,0.0330096073448658,1.0,-3.0,success
2165,-3.1044933795928955,3.0092766284942627,-0.00027202637284062803,0.03301198035478592,0.03301198035478592,1.0,-3.0,success
2166,-3.1035993099212646,3.008713960647583,-0.0002721600467339158,0.03301212564110756,0.03301212564110756,1.0,-3.0,success
2167,-3.1027066707611084,3.0081493854522705,-0.00027228970429860055,0.03300612047314644,0.03300612047314644,1.0,-3.0,success
2168,-3.1018149852752686,3.007582664489746,-0.00027241610223427415,0.033016856759786606,0.033016856759786606,1.0,-3.0,success
2169,-3.1009247303009033,3.007014274597168,-0.00027253988082520664,0.033007171005010605,0.033007171005010605,1.0,-3.0,success
2170,-3.1000356674194336,3.006443738937378,-0.00027266150573268533,0.03301195055246353,0.03301195055246353,1.0,-3.0,success
2171,-3.0991475582122803,3.005871534347534,-0.00027278141351416707,0.033015087246894836,0.033015087246894836,1.0,-3.0,success
2172,-3.0982608795166016,3.0052974224090576,-0.00027289989520795643,0.03300987556576729,0.03300987556576729,1.0,-3.0,success
2173,-3.0973756313323975,3.0047214031219482,-0.0002730172127485275,0.03300483152270317,0.03300483152270317,1.0,-3.0,success
2174,-3.0964913368225098,3.004143238067627,-0.0002731335407588631,0.033016499131917953,0.033016499131917953,1.0,-3.0,success
2175,-3.0956084728240967,3.003563404083252,-0.0002732490829657763,0.03300769627094269,0.03300769627094269,1.0,-3.0,success
2176,-3.0947265625,3.002981662750244,-0.00027336395578458905,0.033015571534633636,0.033015571534633636,1.0,-3.0,success
2177,-3.093846082687378,3.0023980140686035,-0.0002734782756306231,0.03301116079092026,0.03301116079092026,1.0,-3.0,success
2178,-3.0929667949676514,3.00181245803833,-0.00027359207160770893,0.03301311656832695,0.03301311656832695,1.0,-3.0,success
2179,-3.0920889377593994,3.001224994659424,-0.00027370546013116837,0.033009033650159836,0.033009033650159836,1.0,-3.0,success
2180,-3.091212272644043,3.0006356239318848,-0.00027381847030483186,0.033011294901371,0.033011294901371,1.0,-3.0,success
2181,-3.090336799621582,3.000044584274292,-0.00027393116033636034,0.03300954028964043,0.03300953656435013,1.0,-3.0,success
2182,-3.0894625186920166,2.9994513988494873,-0.00027404355932958424,0.03301627188920975,0.03301627188920975,1.0,-3.0,success
2183,-3.088589668273926,2.998856544494629,-0.00027415569638833404,0.0330086313188076,0.0330086313188076,1.0,-3.0,success
2184,-3.0877180099487305,2.9982597827911377,-0.0002742675715126097,0.03301149234175682,0.03301148861646652,1.0,-3.0,success
2185,-3.0868475437164307,2.9976611137390137,-0.00027437921380624175,0.03301449492573738,0.03301449492573738,1.0,-3.0,success
2186,-3.0859785079956055,2.997060537338257,-0.0002744906523730606,0.03301152214407921,0.03301152214407921,1.0,-3.0,success
2187,-3.085110664367676,2.996458053588867,-0.0002746018872130662,0.03301484137773514,0.03301483765244484,1.0,-3.0,success
2188,-3.0842442512512207,2.995853900909424,-0.00027471291832625866,0.03300793096423149,0.03300793096423149,1.0,-3.0,success
2189,-3.083379030227661,2.9952478408813477,-0.00027482377481646836,0.0330115407705307,0.0330115370452404,1.0,-3.0,success
2190,-3.082515001296997,2.9946398735046387,-0.00027493442757986486,0.03301529958844185,0.03301529958844185,1.0,-3.0,success
2191,-3.0816524028778076,2.994029998779297,-0.0002750449057202786,0.03301312401890755,0.03301312401890755,1.0,-3.0,success
2192,-3.0807912349700928,2.9934182167053223,-0.00027515520923770964,0.033011116087436676,0.033011116087436676,1.0,-3.0,success
2193,-3.0799312591552734,2.992804765701294,-0.0002752653381321579,0.03301101550459862,0.03301101550459862,1.0,-3.0,success
2194,-3.0790724754333496,2.992189407348633,-0.000275375263299793,0.033015377819538116,0.03301537409424782,1.0,-3.0,success
2195,-3.0782151222229004,2.991572380065918,-0.0002754850429482758,0.03300948441028595,0.03300948441028595,1.0,-3.0,success
2196,-3.077359199523926,2.990953207015991,-0.00027559464797377586,0.03301246836781502,0.03301246464252472,1.0,-3.0,success
2197,-3.0765044689178467,2.9903323650360107,-0.00027570410748012364,0.03301291540265083,0.033012911677360535,1.0,-3.0,success
2198,-3.075650930404663,2.9897096157073975,-0.0002758133632596582,0.03301788121461868,0.03301788121461868,1.0,-3.0,success
2199,-3.074798822402954,2.9890851974487305,-0.00027592244441621006,0.03301257640123367,0.03301257640123367,1.0,-3.0,success
2200,-3.0739481449127197,2.9884588718414307,-0.0002760313800536096,0.03301183134317398,0.03301183134317398,1.0,-3.0,success
2201,-3.07309889793396,2.987830638885498,-0.0002761401410680264,0.03301125764846802,0.03301125764846802,1.0,-3.0,success
2202,-3.0722508430480957,2.9872007369995117,-0.0002762487274594605,0.03301239013671875,0.03301238641142845,1.0,-3.0,success
2203,-3.071404218673706,2.9865689277648926,-0.00027635713922791183,0.03301212936639786,0.03301212564110756,1.0,-3.0,success
2204,-3.070558786392212,2.9859352111816406,-0.0002764653763733804,0.03301799297332764,0.03301799297332764,1.0,-3.0,success
2205,-3.0697147846221924,2.985299825668335,-0.00027657346799969673,0.03301357477903366,0.03301357477903366,1.0,-3.0,success
2206,-3.0688722133636475,2.9846625328063965,-0.00027668135589919984,0.03301379457116127,0.03301379457116127,1.0,-3.0,success
2207,-3.068031072616577,2.9840235710144043,-0.00027678909827955067,0.03300967067480087,0.03300967067480087,1.0,-3.0,success
2208,-3.067190647125244,2.983379364013672,-0.0002768851409200579,0.03309134021401405,0.033091336488723755,1.0,-3.0,success
2209,-3.0663530826568604,2.98272442817688,-0.00027697489713318646,0.0332258939743042,0.0332258939743042,1.0,-3.0,success
2210,-3.0655150413513184,2.982067584991455,-0.0002770830178633332,0.033274371176958084,0.033274371176958084,1.0,-3.0,success
2211,-3.0646770000457764,2.9814085960388184,-0.0002771935542114079,0.03331577777862549,0.03331577405333519,1.0,-3.0,success
2212,-3.063838481903076,2.9807474613189697,-0.00027730551664717495,0.03336896747350693,0.03336896747350693,1.0,-3.0,success
2213,-3.062999963760376,2.9800844192504883,-0.0002774185559246689,0.033405907452106476,0.033405907452106476,1.0,-3.0,success
2214,-3.0621609687805176,2.979419469833374,-0.0002775323810055852,0.03345458209514618,0.03345458209514618,1.0,-3.0,success
2215,-3.061321973800659,2.978752374649048,-0.00027764684637077153,0.033496275544166565,0.033496271818876266,1.0,-3.0,success
2216,-3.0604825019836426,2.978083372116089,-0.0002777617482934147,0.033545054495334625,0.033545054495334625,1.0,-3.0,success
2217,-3.059643030166626,2.977412462234497,-0.0002778769703581929,0.033582236617803574,0.033582236617803574,1.0,-3.0,success
2218,-3.0588033199310303,2.9767394065856934,-0.0002779923961497843,0.03362995386123657,0.033629950135946274,1.0,-3.0,success
2219,-3.05796480178833,2.976064443588257,-0.0002781124785542488,0.03363823518157005,0.03363823518157005,1.0,-3.0,success
2220,-3.0571277141571045,2.9753873348236084,-0.0002782336378004402,0.03364555537700653,0.03364555537700653,1.0,-3.0,success
2221,-3.0562922954559326,2.974708318710327,-0.0002783537202049047,0.03364258259534836,0.03364258259534836,1.0,-3.0,success
2222,-3.0554585456848145,2.974027395248413,-0.0002784728421829641,0.03363979980349541,0.03363979980349541,1.0,-3.0,success
2223,-3.05462646484375,2.973344326019287,-0.0002785910910461098,0.03364192694425583,0.03364192694425583,1.0,-3.0,success
2224,-3.05379581451416,2.9726593494415283,-0.0002787086123134941,0.033645279705524445,0.033645279705524445,1.0,-3.0,success
2225,-3.052966833114624,2.9719724655151367,-0.00027882555150426924,0.03364305570721626,0.03364305570721626,1.0,-3.0,success
2226,-3.0521395206451416,2.9712836742401123,-0.00027894190861843526,0.033641017973423004,0.033641014248132706,1.0,-3.0,success
2227,-3.051313877105713,2.970592975616455,-0.00027905782917514443,0.03363916650414467,0.03363916650414467,1.0,-3.0,success
2228,-3.050489902496338,2.969900131225586,-0.0002791732840705663,0.03364229574799538,0.03364229574799538,1.0,-3.0,success
2229,-3.0496673583984375,2.969205379486084,-0.0002792883897200227,0.03364652022719383,0.03364652022719383,1.0,-3.0,success
2230,-3.04884672164917,2.968508720397949,-0.0002794031170196831,0.03363955393433571,0.03363955393433571,1.0,-3.0,success
2231,-3.048027515411377,2.9678101539611816,-0.00027951752417720854,0.03364413231611252,0.03364413231611252,1.0,-3.0,success
2232,-3.0472099781036377,2.967109441757202,-0.0002796316402964294,0.033648062497377396,0.033648062497377396,1.0,-3.0,success
2233,-3.0463943481445312,2.966407060623169,-0.0002797454362735152,0.03363683819770813,0.03363683819770813,1.0,-3.0,success
2234,-3.0455801486968994,2.965702533721924,-0.00027985897031612694,0.03364681825041771,0.03364681825041771,1.0,-3.0,success
2235,-3.0447676181793213,2.964996099472046,-0.00027997224242426455,0.03364647179841995,0.03364647179841995,1.0,-3.0,success
2236,-3.043956756591797,2.9642879962921143,-0.00028008525259792805,0.03364141285419464,0.03364140912890434,1.0,-3.0,success
2237,-3.043147563934326,2.9635777473449707,-0.000280197971733287,0.033646345138549805,0.033646341413259506,1.0,-3.0,success
2238,-3.0423402786254883,2.9628655910491943,-0.0002803104871418327,0.033640969544649124,0.033640969544649124,1.0,-3.0,success
2239,-3.041534423828125,2.962151527404785,-0.00028042274061590433,0.03364696353673935,0.03364695981144905,1.0,-3.0,success
2240,-3.0407302379608154,2.961435556411743,-0.00028053473215550184,0.03364754840731621,0.03364754840731621,1.0,-3.0,success
2241,-3.0399279594421387,2.9607176780700684,-0.00028064651996828616,0.03364277258515358,0.03364277258515358,1.0,-3.0,success
2242,-3.0391273498535156,2.95999813079834,-0.00028075804584659636,0.033638760447502136,0.033638760447502136,1.0,-3.0,success
2243,-3.038328170776367,2.9592764377593994,-0.0002808693388942629,0.03365043178200722,0.03365042805671692,1.0,-3.0,success
2244,-3.0375308990478516,2.958552837371826,-0.00028098037000745535,0.033646248281002045,0.033646244555711746,1.0,-3.0,success
2245,-3.0367355346679688,2.95782732963562,-0.0002810911973938346,0.033642277121543884,0.033642273396253586,1.0,-3.0,success
2246,-3.0359416007995605,2.9571001529693604,-0.0002812017628457397,0.03364446386694908,0.03364446386694908,1.0,-3.0,success
2247,-3.035149335861206,2.9563708305358887,-0.00028131212457083166,0.03365140035748482,0.03365140035748482,1.0,-3.0,success
2248,-3.0343589782714844,2.9556398391723633,-0.0002814222243614495,0.0336429625749588,0.0336429625749588,1.0,-3.0,success
2249,-3.0335702896118164,2.954906940460205,-0.00028153209132142365,0.03364524245262146,0.03364524245262146,1.0,-3.0,success
2250,-3.0327835083007812,2.954172134399414,-0.00028164172545075417,0.03364225849509239,0.03364225849509239,1.0,-3.0,success
2251,-3.0319981575012207,2.9534354209899902,-0.00028175112674944103,0.03365034982562065,0.03365034982562065,1.0,-3.0,success
2252,-3.031214714050293,2.9526968002319336,-0.0002818602661136538,0.03364776447415352,0.03364776447415352,1.0,-3.0,success
2253,-3.030433177947998,2.9519565105438232,-0.0002819691726472229,0.033640265464782715,0.033640265464782715,1.0,-3.0,success
2254,-3.0296530723571777,2.95121431350708,-0.0002820778754539788,0.03364887833595276,0.03364887833595276,1.0,-3.0,success
2255,-3.0288748741149902,2.950470209121704,-0.00028218631632626057,0.03364688903093338,0.03364688530564308,1.0,-3.0,success
2256,-3.0280985832214355,2.9497241973876953,-0.00028229449526406825,0.033645108342170715,0.03364510461688042,1.0,-3.0,success
2257,-3.0273239612579346,2.9489762783050537,-0.00028240247047506273,0.03364889323711395,0.03364889323711395,1.0,-3.0,success
2258,-3.0265510082244873,2.9482266902923584,-0.0002825101837515831,0.03364768251776695,0.03364768251776695,1.0,-3.0,success
2259,-3.025779962539673,2.9474754333496094,-0.0002826176641974598,0.03364129364490509,0.03364129364490509,1.0,-3.0,success
2260,-3.025010585784912,2.9467220306396484,-0.0002827249118126929,0.03365084156394005,0.03365084156394005,1.0,-3.0,success
2261,-3.024242877960205,2.945966958999634,-0.00028283189749345183,0.033650148659944534,0.033650144934654236,1.0,-3.0,success
2262,-3.02347731590271,2.9452099800109863,-0.00028293865034356713,0.03364425525069237,0.03364425525069237,1.0,-3.0,success
2263,-3.0227131843566895,2.944451332092285,-0.0002830451412592083,0.03364920616149902,0.03364920616149902,1.0,-3.0,success
2264,-3.0219509601593018,2.943690776824951,-0.00028315139934420586,0.033649008721113205,0.033649004995822906,1.0,-3.0,success
2265,-3.021190643310547,2.9429285526275635,-0.00028325742459855974,0.03364374488592148,0.03364374488592148,1.0,-3.0,success
2266,-3.020432233810425,2.942164182662964,-0.0002833631879184395,0.033649247139692307,0.033649247139692307,1.0,-3.0,success
2267,-3.0196752548217773,2.9413983821868896,-0.0002834687184076756,0.03364955261349678,0.03364955261349678,1.0,-3.0,success
2268,-3.018920421600342,2.9406306743621826,-0.0002835740160662681,0.03364492207765579,0.03364492207765579,1.0,-3.0,success
2269,-3.01816725730896,2.9398610591888428,-0.000283679022686556,0.033650953322649,0.033650949597358704,1.0,-3.0,success
2270,-3.017416000366211,2.939089775085449,-0.0002837838255800307,0.033646631985902786,0.033646631985902786,1.0,-3.0,success
2271,-3.0166664123535156,2.938316583633423,-0.00028388836653903127,0.033653032034635544,0.033653032034635544,1.0,-3.0,success
2272,-3.0159189701080322,2.9375417232513428,-0.00028399264556355774,0.03364390879869461,0.03364390507340431,1.0,-3.0,success
2273,-3.0151729583740234,2.936765193939209,-0.0002840966626536101,0.0336504764854908,0.0336504764854908,1.0,-3.0,success
2274,-3.0144290924072266,2.9359867572784424,-0.0002842004469130188,0.03364712744951248,0.03364712372422218,1.0,-3.0,success
2275,-3.0136868953704834,2.935206651687622,-0.0002843039983417839,0.03364887833595276,0.03364887833595276,1.0,-3.0,success
2276,-3.012946605682373,2.934424638748169,-0.00028440728783607483,0.03365108370780945,0.03365108370780945,1.0,-3.0,success
2277,-3.0122082233428955,2.933640956878662,-0.00028451031539589167,0.03364807367324829,0.03364807367324829,1.0,-3.0,success
2278,-3.011471748352051,2.9328556060791016,-0.0002846130810212344,0.033645257353782654,0.033645253628492355,1.0,-3.0,success
2279,-3.0107369422912598,2.932068347930908,-0.00028471561381593347,0.033653147518634796,0.033653147518634796,1.0,-3.0,success
2280,-3.0100042819976807,2.931279420852661,-0.00028481788467615843,0.0336456261575222,0.0336456261575222,1.0,-3.0,success
2281,-3.0092732906341553,2.9304888248443604,-0.0002849198936019093,0.03364843502640724,0.03364843502640724,1.0,-3.0,success
2282,-3.0085442066192627,2.9296963214874268,-0.000285021640593186,0.03365183621644974,0.03365183621644974,1.0,-3.0,success
2283,-3.007816791534424,2.9289023876190186,-0.0002851231547538191,0.0336494967341423,0.0336494967341423,1.0,-3.0,success
2284,-3.007091522216797,2.9281065464019775,-0.0002852244069799781,0.03364826366305351,0.03364826366305351,1.0,-3.0,success
2285,-3.0063681602478027,2.9273087978363037,-0.00028532539727166295,0.033652275800704956,0.033652275800704956,1.0,-3.0,success
2286,-3.0056464672088623,2.9265096187591553,-0.0002854261256288737,0.03365043178200722,0.03365042805671692,1.0,-3.0,success
2287,-3.004926919937134,2.925708532333374,-0.00028552659205161035,0.03364984691143036,0.03364984691143036,1.0,-3.0,success
2288,-3.004209041595459,2.924906015396118,-0.00028562682564370334,0.03364832326769829,0.03364832326769829,1.0,-3.0,success
2289,-3.003493309020996,2.9241015911102295,-0.00028572676819749177,0.033648159354925156,0.033648159354925156,1.0,-3.0,success
2290,-3.002779245376587,2.923295497894287,-0.00028582647792063653,0.03365253657102585,0.03365253657102585,1.0,-3.0,success
2291,-3.0020673274993896,2.922487735748291,-0.0002859259257093072,0.03364722058176994,0.03364722058176994,1.0,-3.0,success
2292,-3.001357078552246,2.921678304672241,-0.0002860250824596733,0.03365194424986839,0.03365194424986839,1.0,-3.0,success
2293,-3.0006489753723145,2.9208669662475586,-0.0002861240063793957,0.03365263715386391,0.03365263715386391,1.0,-3.0,success
2294,-2.9999425411224365,2.9200541973114014,-0.00028622266836464405,0.03365209698677063,0.03365209698677063,1.0,-3.0,success
2295,-2.9992382526397705,2.9192397594451904,-0.0002863210393115878,0.033647578209638596,0.033647578209638596,1.0,-3.0,success
2296,-2.9985358715057373,2.918423652648926,-0.0002864191774278879,0.033648133277893066,0.03364812955260277,1.0,-3.0,success
2297,-2.997835397720337,2.9176056385040283,-0.0002865170536097139,0.033654533326625824,0.033654529601335526,1.0,-3.0,success
2298,-2.9971368312835693,2.9167861938476562,-0.00028661463875323534,0.03364979848265648,0.03364979848265648,1.0,-3.0,success
2299,-2.9964401721954346,2.9159650802612305,-0.0002867119910661131,0.03365091606974602,0.03365091606974602,1.0,-3.0,success
2300,-2.9957454204559326,2.915142297744751,-0.0002868090523406863,0.03365221619606018,0.03365221619606018,1.0,-3.0,success
2301,-2.9950528144836426,2.9143178462982178,-0.0002869058516807854,0.033648911863565445,0.033648908138275146,1.0,-3.0,success
2302,-2.9943618774414062,2.913491725921631,-0.0002870023890864104,0.033655375242233276,0.033655375242233276,1.0,-3.0,success
2303,-2.993673086166382,2.9126639366149902,-0.0002870986645575613,0.033652469515800476,0.033652469515800476,1.0,-3.0,success
2304,-2.993011713027954,2.9118354320526123,-0.00028327383915893734,0.03312866762280464,0.03312844783067703,1.0,-3.0,success
2305,-2.992351531982422,2.9110047817230225,-0.0002839354274328798,0.033157698810100555,0.03315769135951996,1.0,-3.0,success
2306,-2.9916930198669434,2.910172462463379,-0.0002846888091880828,0.03316615894436836,0.03316614776849747,1.0,-3.0,success
2307,-2.9910356998443604,2.9093384742736816,-0.0002853194600902498,0.0331839993596077,0.0331839919090271,1.0,-3.0,success
2308,-2.9903788566589355,2.9085028171539307,-0.00028584309620782733,0.03321576490998268,0.03321576118469238,1.0,-3.0,success
2309,-2.9897232055664062,2.907665729522705,-0.0002862805558834225,0.033227935433387756,0.03322793170809746,1.0,-3.0,success
2310,-2.989068031311035,2.9068267345428467,-0.00028664901037700474,0.03326570987701416,0.03326570615172386,1.0,-3.0,success
2311,-2.9884138107299805,2.9059860706329346,-0.00028696219669654965,0.033288516104221344,0.033288516104221344,1.0,-3.0,success
2312,-2.987760066986084,2.905143976211548,-0.0002872310869861394,0.03331466764211655,0.03331466391682625,1.0,-3.0,success
2313,-2.9871068000793457,2.9043002128601074,-0.00028746447060257196,0.0333467572927475,0.0333467535674572,1.0,-3.0,success
2314,-2.9864542484283447,2.9034547805786133,-0.0002876694779843092,0.033374346792697906,0.033374346792697906,1.0,-3.0,success
2315,-2.985801935195923,2.9026079177856445,-0.00028785166796296835,0.03340519592165947,0.03340519592165947,1.0,-3.0,success
2316,-2.985150098800659,2.901759386062622,-0.0002880155807361007,0.03343744948506355,0.03343744948506355,1.0,-3.0,success
2317,-2.9844985008239746,2.900909185409546,-0.00028816485428251326,0.03347429260611534,0.03347429260611534,1.0,-3.0,success
2318,-2.983847141265869,2.900057554244995,-0.00028830236988142133,0.033505260944366455,0.033505260944366455,1.0,-3.0,success
2319,-2.9831960201263428,2.8992042541503906,-0.00028843042673543096,0.03354218229651451,0.03354218229651451,1.0,-3.0,success
2320,-2.9825451374053955,2.8983492851257324,-0.0002885508583858609,0.03357914462685585,0.03357914462685585,1.0,-3.0,success
2321,-2.9818942546844482,2.8974931240081787,-0.0002886651491280645,0.03360879421234131,0.03360879048705101,1.0,-3.0,success
2322,-2.98124361038208,2.896635055541992,-0.00028877449221909046,0.03365175798535347,0.03365175798535347,1.0,-3.0,success
2323,-2.9805948734283447,2.895775556564331,-0.0002888846502173692,0.0336514487862587,0.0336514487862587,1.0,-3.0,success
2324,-2.979948043823242,2.8949146270751953,-0.00028899149037897587,0.03365130349993706,0.03365130349993706,1.0,-3.0,success
2325,-2.9793031215667725,2.894052028656006,-0.00028909483808092773,0.033657290041446686,0.03365728631615639,1.0,-3.0,success
2326,-2.9786603450775146,2.893187999725342,-0.0002891952753998339,0.03365303948521614,0.03365303948521614,1.0,-3.0,success
2327,-2.9780197143554688,2.892322301864624,-0.0002892933553084731,0.033654965460300446,0.033654965460300446,1.0,-3.0,success
2328,-2.9773812294006348,2.8914551734924316,-0.00028938945615664124,0.03365110978484154,0.03365110605955124,1.0,-3.0,success
2329,-2.9767446517944336,2.8905866146087646,-0.00028948395629413426,0.03365184739232063,0.033651843667030334,1.0,-3.0,success
2330,-2.9761099815368652,2.889716386795044,-0.0002895770885515958,0.033658772706985474,0.033658772706985474,1.0,-3.0,success
2331,-2.975477695465088,2.8888447284698486,-0.0002896691148635,0.033651094883680344,0.033651094883680344,1.0,-3.0,success
2332,-2.9748473167419434,2.8879716396331787,-0.00028976015164516866,0.03365236893296242,0.03365236893296242,1.0,-3.0,success
2333,-2.9742188453674316,2.887097120285034,-0.0002898503444157541,0.033653803169727325,0.033653803169727325,1.0,-3.0,success
2334,-2.973592758178711,2.886220932006836,-0.00028993983869440854,0.03365279734134674,0.03365279361605644,1.0,-3.0,success
2335,-2.972968578338623,2.885343313217163,-0.00029002869268879294,0.0336545966565609,0.0336545966565609,1.0,-3.0,success
2336,-2.972346544265747,2.8844642639160156,-0.0002901169646065682,0.03365226089954376,0.03365226089954376,1.0,-3.0,success
2337,-2.971726417541504,2.8835835456848145,-0.0002902047417592257,0.03366049379110336,0.03366049379110336,1.0,-3.0,success
2338,-2.9711086750030518,2.8827016353607178,-0.00029029205325059593,0.033648163080215454,0.033648163080215454,1.0,-3.0,success
2339,-2.9704928398132324,2.8818180561065674,-0.0002903789281845093,0.0336567722260952,0.0336567722260952,1.0,-3.0,success
2340,-2.969879150390625,2.8809330463409424,-0.00029046539566479623,0.03365520387887955,0.03365520387887955,1.0,-3.0,success
2341,-2.9692676067352295,2.880046844482422,-0.0002905515138991177,0.03364769369363785,0.03364769369363785,1.0,-3.0,success
2342,-2.968657970428467,2.8791589736938477,-0.00029063725378364325,0.033656857907772064,0.033656857907772064,1.0,-3.0,success
2343,-2.968050479888916,2.8782694339752197,-0.0002907226444222033,0.03366200625896454,0.03366200253367424,1.0,-3.0,success
2344,-2.9674453735351562,2.8773787021636963,-0.0002908076858147979,0.033650849014520645,0.033650849014520645,1.0,-3.0,success
2345,-2.9668421745300293,2.8764865398406982,-0.0002908924361690879,0.03365441784262657,0.03365441784262657,1.0,-3.0,success
2346,-2.9662411212921143,2.8755929470062256,-0.0002909768372774124,0.03365398570895195,0.03365398570895195,1.0,-3.0,success
2347,-2.965642213821411,2.8746979236602783,-0.0002910609473474324,0.03365375101566315,0.03365375101566315,1.0,-3.0,success
2348,-2.965045213699341,2.8738014698028564,-0.0002911447372753173,0.03365784138441086,0.03365784138441086,1.0,-3.0,success
2349,-2.9644505977630615,2.87290358543396,-0.0002912282070610672,0.0336538590490818,0.0336538590490818,1.0,-3.0,success
2350,-2.963858127593994,2.872004270553589,-0.00029131138580851257,0.03365420550107956,0.03365420550107956,1.0,-3.0,success
2351,-2.9632675647735596,2.871103525161743,-0.00029139427351765335,0.03365882486104965,0.03365882486104965,1.0,-3.0,success
2352,-2.962679386138916,2.870201587677002,-0.0002914768410846591,0.03364923223853111,0.03364923223853111,1.0,-3.0,success
2353,-2.9620931148529053,2.869297981262207,-0.0002915591176133603,0.03366045281291008,0.03366044908761978,1.0,-3.0,success
2354,-2.9615092277526855,2.8683931827545166,-0.0002916411031037569,0.03365125134587288,0.03365125134587288,1.0,-3.0,success
2355,-2.9609272480010986,2.8674869537353516,-0.0002917227684520185,0.03365657478570938,0.03365657478570938,1.0,-3.0,success
2356,-2.9603476524353027,2.866579294204712,-0.000291804171865806,0.03365404158830643,0.03365404158830643,1.0,-3.0,success
2357,-2.9597699642181396,2.8656702041625977,-0.00029188525513745844,0.03365971893072128,0.03365971893072128,1.0,-3.0,success
2358,-2.9591946601867676,2.864759922027588,-0.00029196604737080634,0.033651307225227356,0.033651307225227356,1.0,-3.0,success
2359,-2.9586215019226074,2.8638482093811035,-0.00029204654856584966,0.03365336358547211,0.03365336358547211,1.0,-3.0,success
2360,-2.95805025100708,2.8629350662231445,-0.00029212672961875796,0.033659569919109344,0.033659569919109344,1.0,-3.0,success
2361,-2.9574813842773438,2.862020492553711,-0.00029220664873719215,0.033658064901828766,0.033658064901828766,1.0,-3.0,success
2362,-2.9569146633148193,2.861104726791382,-0.0002922862477134913,0.03365436941385269,0.03365436941385269,1.0,-3.0,success
2363,-2.956350088119507,2.860187530517578,-0.0002923655556514859,0.033657196909189224,0.033657193183898926,1.0,-3.0,success
2364,-2.9557876586914062,2.859269142150879,-0.00029244457255117595,0.033653855323791504,0.033653855323791504,1.0,-3.0,success
2365,-2.9552276134490967,2.858349323272705,-0.00029252326930873096,0.03365318104624748,0.03365318104624748,1.0,-3.0,success
2366,-2.95466947555542,2.8574280738830566,-0.0002926016750279814,0.03366044908761978,0.03366044536232948,1.0,-3.0,success
2367,-2.954113721847534,2.8565056324005127,-0.0002926797897089273,0.033653803169727325,0.033653803169727325,1.0,-3.0,success
2368,-2.9535598754882812,2.8555819988250732,-0.0002927576133515686,0.03365502879023552,0.03365502506494522,1.0,-3.0,success
2369,-2.9530084133148193,2.85465669631958,-0.00029283511685207486,0.03366156294941902,0.03366156294941902,1.0,-3.0,success
2370,-2.9524593353271484,2.8537304401397705,-0.0002929123293142766,0.03364911302924156,0.03364911302924156,1.0,-3.0,success
2371,-2.9519121646881104,2.8528027534484863,-0.0002929892507381737,0.0336572527885437,0.0336572527885437,1.0,-3.0,success
2372,-2.9513673782348633,2.8518736362457275,-0.00029306585201993585,0.033658016473054886,0.033658016473054886,1.0,-3.0,success
2373,-2.950824737548828,2.8509433269500732,-0.0002931421622633934,0.033656325191259384,0.033656325191259384,1.0,-3.0,success
2374,-2.950284242630005,2.8500118255615234,-0.00029321815236471593,0.03365480527281761,0.03365480527281761,1.0,-3.0,success
2375,-2.9497458934783936,2.849078893661499,-0.00029329388053156435,0.0336599163711071,0.0336599126458168,1.0,-3.0,success
2376,-2.9492099285125732,2.848144769668579,-0.0002933692594524473,0.03365504741668701,0.03365504741668701,1.0,-3.0,success
2377,-2.948676109313965,2.8472094535827637,-0.0002934443764388561,0.03365407511591911,0.03365407511591911,1.0,-3.0,success
2378,-2.9481444358825684,2.8462727069854736,-0.00029351917328312993,0.03365975618362427,0.03365975618362427,1.0,-3.0,success
2379,-2.947615146636963,2.845334768295288,-0.0002935936499852687,0.03365548327565193,0.03365548327565193,1.0,-3.0,success
2380,-2.9470880031585693,2.844395637512207,-0.0002936678356491029,0.03365505859255791,0.03365505859255791,1.0,-3.0,success
2381,-2.9465630054473877,2.8434550762176514,-0.0002937417302746326,0.033661313354969025,0.033661313354969025,1.0,-3.0,success
2382,-2.946040391921997,2.8425133228302,-0.0002938153047580272,0.033657632768154144,0.033657632768154144,1.0,-3.0,success
2383,-2.9455199241638184,2.8415703773498535,-0.0002938885590992868,0.033657755702733994,0.033657755702733994,1.0,-3.0,success
2384,-2.9450016021728516,2.8406262397766113,-0.0002939615224022418,0.03365805372595787,0.03365805372595787,1.0,-3.0,success
2385,-2.944485664367676,2.8396809101104736,-0.0002940341946668923,0.03365495800971985,0.03365495428442955,1.0,-3.0,success
2386,-2.943972110748291,2.8387343883514404,-0.00029410654678940773,0.03365206718444824,0.03365206718444824,1.0,-3.0,success
2387,-2.943460464477539,2.8377864360809326,-0.00029417857876978815,0.03366301208734512,0.03366301208734512,1.0,-3.0,success
2388,-2.942951202392578,2.8368375301361084,-0.000294250319711864,0.033653948456048965,0.033653948456048965,1.0,-3.0,success
2389,-2.942444324493408,2.8358871936798096,-0.0002943217405118048,0.033658213913440704,0.033658213913440704,1.0,-3.0,success
2390,-2.94193959236145,2.8349356651306152,-0.0002943928411696106,0.033659614622592926,0.033659614622592926,1.0,-3.0,success
2391,-2.941437005996704,2.8339829444885254,-0.00029446365078911185,0.033661190420389175,0.033661190420389175,1.0,-3.0,success
2392,-2.940936803817749,2.833029270172119,-0.0002945341693703085,0.033652883023023605,0.033652883023023605,1.0,-3.0,success
2393,-2.940438985824585,2.8320741653442383,-0.0002946043387055397,0.0336579754948616,0.0336579754948616,1.0,-3.0,success
2394,-2.939943313598633,2.831117868423462,-0.0002946742170024663,0.033660102635622025,0.033660102635622025,1.0,-3.0,success
2395,-2.9394497871398926,2.830160617828369,-0.00029474380426108837,0.03365578502416611,0.03365578502416611,1.0,-3.0,success
2396,-2.9389586448669434,2.8292019367218018,-0.00029481304227374494,0.03366148844361305,0.03366148844361305,1.0,-3.0,success
2397,-2.938469886779785,2.828242301940918,-0.00029488198924809694,0.03365413472056389,0.03365413472056389,1.0,-3.0,success
2398,-2.937983274459839,2.8272814750671387,-0.0002949506451841444,0.03365698456764221,0.03365698456764221,1.0,-3.0,success
2399,-2.9374990463256836,2.826319456100464,-0.00029501895187422633,0.033656660467386246,0.033656660467386246,1.0,-3.0,success
2400,-2.9370169639587402,2.8253562450408936,-0.0002950869675260037,0.03365987166762352,0.03365987166762352,1.0,-3.0,success
2401,-2.936537265777588,2.8243918418884277,-0.0002951546630356461,0.03365994617342949,0.03365994244813919,1.0,-3.0,success
2402,-2.9360597133636475,2.8234264850616455,-0.0002952220384031534,0.03365684673190117,0.03365684673190117,1.0,-3.0,success
2403,-2.935584545135498,2.8224599361419678,-0.0002952891227323562,0.03365730494260788,0.03365730121731758,1.0,-3.0,success
2404,-2.9351117610931396,2.8214921951293945,-0.0002953558578155935,0.033657968044281006,0.033657968044281006,1.0,-3.0,success
2405,-2.934641122817993,2.820523262023926,-0.0002954223018605262,0.0336620919406414,0.0336620919406414,1.0,-3.0,success
2406,-2.9341728687286377,2.8195533752441406,-0.0002954884257633239,0.033656440675258636,0.033656440675258636,1.0,-3.0,success
2407,-2.9337069988250732,2.81858229637146,-0.0002955542295239866,0.03365769609808922,0.03365769609808922,1.0,-3.0,success
2408,-2.9332432746887207,2.817610263824463,-0.0002956197422463447,0.033655643463134766,0.033655643463134766,1.0,-3.0,success
2409,-2.932781934738159,2.816636800765991,-0.0002956849057227373,0.033664021641016006,0.033664021641016006,1.0,-3.0,success
2410,-2.9323229789733887,2.8156626224517822,-0.00029574977816082537,0.033652402460575104,0.033652402460575104,1.0,-3.0,success
2411,-2.93186616897583,2.8146870136260986,-0.0002958143304567784,0.03366435691714287,0.03366435691714287,1.0,-3.0,success
2412,-2.9314117431640625,2.8137106895446777,-0.00029587853350676596,0.03365309163928032,0.03365309163928032,1.0,-3.0,success
2413,-2.930959701538086,2.8127329349517822,-0.00029594244551844895,0.03366229310631752,0.03366229310631752,1.0,-3.0,success
2414,-2.9305100440979004,2.8117542266845703,-0.0002960060373879969,0.03365816920995712,0.03365816920995712,1.0,-3.0,success
2415,-2.9300625324249268,2.810774564743042,-0.0002960693382192403,0.033657342195510864,0.033657338470220566,1.0,-3.0,success
2416,-2.929617404937744,2.809793710708618,-0.0002961322898045182,0.033660370856523514,0.033660367131233215,1.0,-3.0,success
2417,-2.9291746616363525,2.808811902999878,-0.0002961949212476611,0.03365681320428848,0.03365681320428848,1.0,-3.0,success
2418,-2.928734064102173,2.807828903198242,-0.000296257232548669,0.03366329148411751,0.03366329148411751,1.0,-3.0,success
2419,-2.9282960891723633,2.80684494972229,-0.0002963192237075418,0.03365708142518997,0.03365707769989967,1.0,-3.0,success
2420,-2.9278602600097656,2.8058600425720215,-0.00029638089472427964,0.03365711867809296,0.03365711867809296,1.0,-3.0,success
2421,-2.927426815032959,2.8048739433288574,-0.0002964422747027129,0.033661138266325,0.033661138266325,1.0,-3.0,success
2422,-2.9269957542419434,2.803886890411377,-0.00029650330543518066,0.03365853801369667,0.03365853801369667,1.0,-3.0,success
2423,-2.9265668392181396,2.80289888381958,-0.0002965640160255134,0.03365909308195114,0.03365909308195114,1.0,-3.0,success
2424,-2.926140546798706,2.801909923553467,-0.00029662440647371113,0.03365390747785568,0.03365390747785568,1.0,-3.0,success
2425,-2.9257161617279053,2.800919771194458,-0.00029669335344806314,0.03366459533572197,0.03366459533572197,1.0,3.0,success
2426,-2.92529034614563,2.799931049346924,-0.00029673011158593,0.03364116698503494,0.03364116698503494,1.0,3.0,success
2427,-2.924863338470459,2.798943519592285,-0.0002967484178952873,0.03362172469496727,0.03362172469496727,1.0,3.0,success
2428,-2.9244351387023926,2.797956943511963,-0.0002967510372400284,0.03360918536782265,0.03360918536782265,1.0,3.0,success
2429,-2.9240052700042725,2.796971559524536,-0.0002967409382108599,0.03359583765268326,0.03359583392739296,1.0,3.0,success
2430,-2.9235739707946777,2.795987367630005,-0.0002967205655295402,0.033579614013433456,0.033579614013433456,1.0,3.0,success
2431,-2.92314076423645,2.795004367828369,-0.00029669186915270984,0.03356948867440224,0.03356948867440224,1.0,3.0,success
2432,-2.922705888748169,2.79402232170105,-0.0002966565079987049,0.03356330469250679,0.03356330469250679,1.0,3.0,success
2433,-2.9222686290740967,2.793041467666626,-0.00029661570442840457,0.033559512346982956,0.033559512346982956,1.0,3.0,success
2434,-2.9218292236328125,2.7920615673065186,-0.00029657050617970526,0.03355967625975609,0.03355967253446579,1.0,3.0,success
2435,-2.9213876724243164,2.7910828590393066,-0.0002965217863675207,0.03355320543050766,0.03355320543050766,1.0,3.0,success
2436,-2.92094349861145,2.790105104446411,-0.00029647021437995136,0.03355985879898071,0.033559855073690414,1.0,3.0,success
2437,-2.920496702194214,2.789128541946411,-0.00029641628498211503,0.03355995565652847,0.03355995565652847,1.0,3.0,success
2438,-2.9200475215911865,2.7881531715393066,-0.00029636043473146856,0.03355718404054642,0.03355718031525612,1.0,3.0,success
2439,-2.91959547996521,2.7871787548065186,-0.0002963030128739774,0.0335676446557045,0.0335676409304142,1.0,3.0,success
2440,-2.9191408157348633,2.786205530166626,-0.0002962443104479462,0.03356845676898956,0.03356845676898956,1.0,3.0,success
2441,-2.9186832904815674,2.78523325920105,-0.0002961845020763576,0.03357943147420883,0.03357943147420883,1.0,3.0,success
2442,-2.9182231426239014,2.784262180328369,-0.0002961237623821944,0.03358073905110359,0.03358073905110359,1.0,3.0,success
2443,-2.917759895324707,2.783292293548584,-0.00029606223688460886,0.0335887111723423,0.0335887111723423,1.0,3.0,success
2444,-2.9172937870025635,2.7823235988616943,-0.0002960000419989228,0.03359376639127731,0.03359376639127731,1.0,3.0,success
2445,-2.91682505607605,2.781355857849121,-0.00029593726503662765,0.03360256180167198,0.03360256180167198,1.0,3.0,success
2446,-2.9163529872894287,2.7803893089294434,-0.0002958739351015538,0.03361468389630318,0.03361468389630318,1.0,3.0,success
2447,-2.9158782958984375,2.779423713684082,-0.0002958101104013622,0.033623985946178436,0.03362398222088814,1.0,3.0,success
2448,-2.915400505065918,2.7784595489501953,-0.00029574587824754417,0.03362676501274109,0.03362676501274109,1.0,3.0,success
2449,-2.914919853210449,2.777496337890625,-0.0002956812095362693,0.03363988921046257,0.03363988921046257,1.0,3.0,success
2450,-2.9144363403320312,2.77653431892395,-0.0002956161624751985,0.03364661708474159,0.03364661708474159,1.0,3.0,success
2451,-2.913949728012085,2.775573492050171,-0.00029555073706433177,0.03365698456764221,0.03365698456764221,1.0,3.0,success
2452,-2.9134604930877686,2.774613857269287,-0.00029548598104156554,0.033660903573036194,0.033660899847745895,1.0,3.0,success
2453,-2.9129691123962402,2.7736551761627197,-0.0002954211086034775,0.03366488590836525,0.03366488590836525,1.0,3.0,success
2454,-2.9124755859375,2.772697925567627,-0.0002953557122964412,0.03365578502416611,0.03365578502416611,1.0,3.0,success
2455,-2.9119796752929688,2.7717416286468506,-0.00029528976301662624,0.03366353362798691,0.03366353362798691,1.0,3.0,success
2456,-2.9114816188812256,2.770786762237549,-0.0002952233189716935,0.03365481272339821,0.03365481272339821,1.0,3.0,success
2457,-2.9109811782836914,2.7698328495025635,-0.00029515643836930394,0.03366294130682945,0.03366294130682945,1.0,3.0,success
2458,-2.910478353500366,2.7688803672790527,-0.0002950891212094575,0.03365807980298996,0.03365807980298996,1.0,3.0,success
2459,-2.909973382949829,2.7679288387298584,-0.00029502142569981515,0.03366310894489288,0.03366310894489288,1.0,3.0,success
2460,-2.90946626663208,2.7669787406921387,-0.0002949533227365464,0.03365514799952507,0.03365514799952507,1.0,3.0,success
2461,-2.90895676612854,2.7660295963287354,-0.00029488487052731216,0.0336640365421772,0.0336640365421772,1.0,3.0,success
2462,-2.908444881439209,2.7650818824768066,-0.000294816039968282,0.03365999832749367,0.03365999832749367,1.0,3.0,success
2463,-2.907931089401245,2.7641353607177734,-0.00029474686016328633,0.033655621111392975,0.033655621111392975,1.0,3.0,success
2464,-2.907414674758911,2.7631900310516357,-0.00029467736021615565,0.033662099391222,0.0336620956659317,1.0,3.0,success
2465,-2.9068963527679443,2.7622458934783936,-0.0002946075110230595,0.03365805372595787,0.03365805372595787,1.0,3.0,success
2466,-2.9063756465911865,2.761302947998047,-0.0002945373416878283,0.033661358058452606,0.03366135433316231,1.0,3.0,success
2467,-2.9058525562286377,2.7603611946105957,-0.0002944668522104621,0.03366486355662346,0.03366486355662346,1.0,3.0,success
2468,-2.905327320098877,2.759420871734619,-0.0002943960134871304,0.03365844115614891,0.03365844115614891,1.0,3.0,success
2469,-2.9047999382019043,2.758481740951538,-0.00029432488372549415,0.0336587056517601,0.0336587019264698,1.0,3.0,success
2470,-2.9042704105377197,2.7575438022613525,-0.0002942534047178924,0.03365914151072502,0.03365914151072502,1.0,3.0,success
2471,-2.903738498687744,2.7566072940826416,-0.0002941816346719861,0.033656954765319824,0.033656954765319824,1.0,3.0,success
2472,-2.9032044410705566,2.755671977996826,-0.0002941095444839448,0.03365776687860489,0.03365776687860489,1.0,3.0,success
2473,-2.902667999267578,2.7547378540039062,-0.0002940371341537684,0.03366246446967125,0.03366246446967125,1.0,3.0,success
2474,-2.9021294116973877,2.753804922103882,-0.0002939644327852875,0.033663637936115265,0.033663637936115265,1.0,3.0,success
2475,-2.9015886783599854,2.752873420715332,-0.0002938913821708411,0.03365854546427727,0.03365854546427727,1.0,3.0,success
2476,-2.901045799255371,2.751943349838257,-0.0002938180696219206,0.03365364670753479,0.03365364670753479,1.0,3.0,success
2477,-2.900500535964966,2.751014232635498,-0.0002937444078270346,0.03366556018590927,0.03366556018590927,1.0,3.0,success
2478,-2.8999531269073486,2.750086784362793,-0.00029367045499384403,0.03365462273359299,0.03365462273359299,1.0,3.0,success
2479,-2.8994035720825195,2.7491602897644043,-0.0002935962111223489,0.03366312384605408,0.03366312012076378,1.0,3.0,success
2480,-2.8988518714904785,2.7482352256774902,-0.00029352164710871875,0.03365897759795189,0.03365897759795189,1.0,3.0,success
2481,-2.8982977867126465,2.747311592102051,-0.0002934467629529536,0.03365885838866234,0.03365885838866234,1.0,3.0,success
2482,-2.8977415561676025,2.746389150619507,-0.00029337158775888383,0.03366149589419365,0.03366149589419365,1.0,3.0,success
2483,-2.8971831798553467,2.7454681396484375,-0.0002932961215265095,0.03365793824195862,0.03365793451666832,1.0,3.0,success
2484,-2.896622657775879,2.7445483207702637,-0.0002932203351520002,0.03366093337535858,0.03366092965006828,1.0,3.0,success
2485,-2.896059989929199,2.7436299324035645,-0.00029314422863535583,0.0336577445268631,0.0336577445268631,1.0,3.0,success
2486,-2.8954949378967285,2.74271297454834,-0.0002930678310804069,0.03365866467356682,0.03365866467356682,1.0,3.0,success
2487,-2.894927978515625,2.7417972087860107,-0.0002929911424871534,0.03365829586982727,0.03365829214453697,1.0,3.0,success
2488,-2.8943586349487305,2.7408828735351562,-0.0002929141337517649,0.033659614622592926,0.033659614622592926,1.0,3.0,success
2489,-2.893787145614624,2.7399699687957764,-0.0002928368339780718,0.03365720808506012,0.03365720808506012,1.0,3.0,success
2490,-2.8932135105133057,2.739058256149292,-0.00029275924316607416,0.03366129845380783,0.03366129845380783,1.0,3.0,success
2491,-2.8926377296447754,2.7381479740142822,-0.0002926813322119415,0.03365926817059517,0.03365926444530487,1.0,3.0,success
2492,-2.892059803009033,2.737239122390747,-0.00029260313021950424,0.03365742787718773,0.03365742787718773,1.0,3.0,success
2493,-2.891479730606079,2.7363314628601074,-0.00029252460808493197,0.033662062138319016,0.033662062138319016,1.0,3.0,success
2494,-2.890897512435913,2.7354254722595215,-0.00029244579491205513,0.03365433216094971,0.03365433216094971,1.0,3.0,success
2495,-2.890313148498535,2.734520673751831,-0.00029236669070087373,0.03365933150053024,0.03365933150053024,1.0,3.0,success
2496,-2.8897488117218018,2.7336173057556152,-0.00029233141685836017,0.03328601270914078,0.03328601270914078,1.0,-3.0,success
2497,-2.8891868591308594,2.7327122688293457,-0.0002922741405200213,0.03329089656472206,0.03329089656472206,1.0,-3.0,success
2498,-2.8886053562164307,2.7318055629730225,-0.0002921987324953079,0.033661067485809326,0.033661067485809326,1.0,3.0,success
2499,-2.8880436420440674,2.730900287628174,-0.0002922111889347434,0.03329329565167427,0.03329329565167427,1.0,-3.0,success
2500,-2.887484312057495,2.7299935817718506,-0.0002921943669207394,0.03329211473464966,0.03329211100935936,1.0,-3.0,success
2501,-2.8869268894195557,2.7290854454040527,-0.00029219433781690896,0.033298950642347336,0.03329894691705704,1.0,-3.0,success
2502,-2.886371374130249,2.728175640106201,-0.00029220993747003376,0.03331230953335762,0.03331230953335762,1.0,-3.0,success
2503,-2.885817289352417,2.727264404296875,-0.0002922380808740854,0.03332722187042236,0.03332722187042236,1.0,-3.0,success
2504,-2.8852646350860596,2.726351737976074,-0.0002922761195804924,0.03334224969148636,0.03334224969148636,1.0,-3.0,success
2505,-2.8847134113311768,2.725437641143799,-0.00029232201632112265,0.03335738927125931,0.03335738927125931,1.0,-3.0,success
2506,-2.8841631412506104,2.724522113800049,-0.00029237414128147066,0.03338031843304634,0.03338031843304634,1.0,-3.0,success
2507,-2.8835980892181396,2.7236053943634033,-0.00029240164440125227,0.03365232050418854,0.03365232050418854,1.0,3.0,success
2508,-2.8830316066741943,2.7226901054382324,-0.0002924426516983658,0.03363778069615364,0.03363777697086334,1.0,3.0,success
2509,-2.8824830055236816,2.721776247024536,-0.0002924982982221991,0.03330875188112259,0.03330875188112259,1.0,-3.0,success
2510,-2.8819355964660645,2.7208611965179443,-0.00029251669184304774,0.0333215557038784,0.0333215557038784,1.0,-3.0,success
2511,-2.8813889026641846,2.719944477081299,-0.0002925446315202862,0.03335486724972725,0.03335486724972725,1.0,-3.0,success
2512,-2.880843162536621,2.7190263271331787,-0.00029258246649987996,0.033378034830093384,0.033378034830093384,1.0,-3.0,success
2513,-2.880298137664795,2.718106985092163,-0.0002926281886175275,0.03339865803718567,0.03339865803718567,1.0,-3.0,success
2514,-2.879753828048706,2.7171859741210938,-0.00029268013895489275,0.03343215584754944,0.03343215584754944,1.0,-3.0,success
2515,-2.879197359085083,2.716264009475708,-0.00029271579114720225,0.03365258499979973,0.03365258127450943,1.0,3.0,success
2516,-2.8786399364471436,2.715343475341797,-0.00029275708948262036,0.03362974897027016,0.03362974897027016,1.0,3.0,success
2517,-2.8780996799468994,2.7144243717193604,-0.0002928098547272384,0.03331649675965309,0.03331649303436279,1.0,-3.0,success
2518,-2.8775603771209717,2.71350359916687,-0.0002928274043370038,0.03334639221429825,0.03334639221429825,1.0,-3.0,success
2519,-2.877021551132202,2.7125816345214844,-0.00029285455821081996,0.03337102010846138,0.03337102010846138,1.0,-3.0,success
2520,-2.876483678817749,2.711658239364624,-0.0002928915782831609,0.03339461609721184,0.03339461237192154,1.0,-3.0,success
2521,-2.875946044921875,2.710733652114868,-0.00029293648549355567,0.03342306613922119,0.03342306241393089,1.0,-3.0,success
2522,-2.8754091262817383,2.7098073959350586,-0.00029298756271600723,0.0334569476544857,0.033456943929195404,1.0,-3.0,success
2523,-2.874861478805542,2.7088801860809326,-0.00029302641632966697,0.03365199640393257,0.03365199640393257,1.0,3.0,success
2524,-2.8743128776550293,2.7079544067382812,-0.0002930671616923064,0.03362869471311569,0.03362869471311569,1.0,3.0,success
2525,-2.8737809658050537,2.7070298194885254,-0.00029311745311133564,0.033333539962768555,0.033333536237478256,1.0,-3.0,success
2526,-2.8732500076293945,2.706104040145874,-0.0002931343042291701,0.03335099294781685,0.03335099294781685,1.0,-3.0,success
2527,-2.8727195262908936,2.705176830291748,-0.00029316075961105525,0.03338237851858139,0.03338237851858139,1.0,-3.0,success
2528,-2.872189521789551,2.7042481899261475,-0.0002931969938799739,0.03341380134224892,0.03341380134224892,1.0,-3.0,success
2529,-2.871659994125366,2.7033181190490723,-0.0002932410279754549,0.03344525769352913,0.03344525769352913,1.0,-3.0,success
2530,-2.87113094329834,2.7023868560791016,-0.0002932912320829928,0.0334702730178833,0.0334702730178833,1.0,-3.0,success
2531,-2.8705921173095703,2.7014544010162354,-0.0002933318610303104,0.03365446254611015,0.033654458820819855,1.0,3.0,success
2532,-2.8700525760650635,2.7005233764648438,-0.00029337196610867977,0.03362696245312691,0.03362696245312691,1.0,3.0,success
2533,-2.8695290088653564,2.6995937824249268,-0.0002934199874289334,0.03334050998091698,0.03334050625562668,1.0,-3.0,success
2534,-2.869006395339966,2.698662757873535,-0.0002934363146778196,0.03336486965417862,0.03336486592888832,1.0,-3.0,success
2535,-2.8684842586517334,2.697730302810669,-0.0002934622170869261,0.03339657559990883,0.03339657187461853,1.0,-3.0,success
2536,-2.867962598800659,2.6967966556549072,-0.0002934977528639138,0.03342181071639061,0.03342181071639061,1.0,-3.0,success
2537,-2.867441415786743,2.695861577987671,-0.00029354103025980294,0.03345358371734619,0.03345358371734619,1.0,-3.0,success
2538,-2.8669090270996094,2.694925308227539,-0.0002935736265499145,0.03365784138441086,0.03365784138441086,1.0,3.0,success
2539,-2.8663759231567383,2.693990468978882,-0.00029360971529968083,0.03363005816936493,0.03363005444407463,1.0,3.0,success
2540,-2.865858793258667,2.693057060241699,-0.0002936537202913314,0.03334647789597511,0.03334647789597511,1.0,-3.0,success
2541,-2.865342617034912,2.692122220993042,-0.00029366780654527247,0.03337116912007332,0.03337116912007332,1.0,-3.0,success
2542,-2.8648266792297363,2.69118595123291,-0.0002936917298939079,0.033406712114810944,0.033406712114810944,1.0,-3.0,success
2543,-2.864311456680298,2.690248489379883,-0.0002937255776487291,0.03342857584357262,0.03342857584357262,1.0,-3.0,success
2544,-2.8637967109680176,2.689309597015381,-0.00029376731254160404,0.0334605909883976,0.0334605909883976,1.0,-3.0,success
2545,-2.8632822036743164,2.6883695125579834,-0.0002938152174465358,0.033489685505628586,0.033489685505628586,1.0,-3.0,success
2546,-2.8627588748931885,2.6874279975891113,-0.00029385642847046256,0.033661969006061554,0.033661969006061554,1.0,3.0,success
2547,-2.8622348308563232,2.686488151550293,-0.0002938946709036827,0.03362727537751198,0.03362727537751198,1.0,3.0,success
2548,-2.8617262840270996,2.685549736022949,-0.00029393885051831603,0.03335479646921158,0.03335479646921158,1.0,-3.0,success
2549,-2.8612184524536133,2.684609889984131,-0.00029395436285994947,0.03338347375392914,0.03338347375392914,1.0,-3.0,success
2550,-2.8607113361358643,2.683668613433838,-0.00029397927573882043,0.033412203192710876,0.033412203192710876,1.0,-3.0,success
2551,-2.8602044582366943,2.6827261447906494,-0.00029401364736258984,0.03344147652387619,0.03344147652387619,1.0,-3.0,success
2552,-2.8596982955932617,2.6817822456359863,-0.000294055585982278,0.033470284193754196,0.033470284193754196,1.0,-3.0,success
2553,-2.8591816425323486,2.6808371543884277,-0.0002940888225566596,0.033659134060144424,0.033659130334854126,1.0,3.0,success
2554,-2.858664035797119,2.679893732070923,-0.000294123514322564,0.0336277075111866,0.0336277075111866,1.0,3.0,success
2555,-2.8581619262695312,2.6789512634277344,-0.0002941642887890339,0.033371154218912125,0.033371154218912125,1.0,-3.0,success
2556,-2.8576607704162598,2.6780078411102295,-0.0002941780549008399,0.03338346630334854,0.03338346630334854,1.0,-3.0,success
2557,-2.8571598529815674,2.677062749862671,-0.00029420145438052714,0.03342604637145996,0.03342604264616966,1.0,-3.0,success
2558,-2.8566598892211914,2.676116704940796,-0.0002942344290204346,0.03343844413757324,0.03343844413757324,1.0,-3.0,success
2559,-2.8561601638793945,2.6751692295074463,-0.0002942750870715827,0.03347449749708176,0.03347449749708176,1.0,-3.0,success
2560,-2.8556504249572754,2.674220561981201,-0.00029430724680423737,0.033654436469078064,0.033654432743787766,1.0,3.0,success
2561,-2.8551394939422607,2.6732733249664307,-0.0002943407162092626,0.033632729202508926,0.033632729202508926,1.0,3.0,success
2562,-2.8546438217163086,2.6723272800445557,-0.0002943799481727183,0.03337599337100983,0.03337598964571953,1.0,-3.0,success
2563,-2.854149103164673,2.671380043029785,-0.00029439342324621975,0.0333951897919178,0.0333951897919178,1.0,-3.0,success
2564,-2.8536548614501953,2.67043137550354,-0.00029441644437611103,0.03342793136835098,0.03342793136835098,1.0,-3.0,success
2565,-2.853161573410034,2.6694817543029785,-0.0002944489533547312,0.033440615981817245,0.033440615981817245,1.0,-3.0,success
2566,-2.8526687622070312,2.6685304641723633,-0.0002944890293292701,0.03348005190491676,0.033480048179626465,1.0,-3.0,success
2567,-2.8521766662597656,2.6675782203674316,-0.0002945350424852222,0.033496249467134476,0.033496249467134476,1.0,-3.0,success
2568,-2.8516757488250732,2.6666247844696045,-0.0002945750893559307,0.03365667164325714,0.03365667164325714,1.0,3.0,success
2569,-2.8511738777160645,2.665672540664673,-0.0002946109452750534,0.03363758325576782,0.03363758325576782,1.0,3.0,success
2570,-2.850687026977539,2.664721727371216,-0.0002946510794572532,0.033381517976522446,0.033381517976522446,1.0,-3.0,success
2571,-2.850200891494751,2.6637697219848633,-0.0002946665044873953,0.03340451046824455,0.03340451046824455,1.0,-3.0,success
2572,-2.8497157096862793,2.662816286087036,-0.00029469095170497894,0.0334307998418808,0.0334307998418808,1.0,-3.0,success
2573,-2.849231243133545,2.6618616580963135,-0.0002947243337985128,0.03345388546586037,0.03345388546586037,1.0,-3.0,success
2574,-2.848747491836548,2.6609058380126953,-0.0002947649045381695,0.03347701206803322,0.03347701206803322,1.0,-3.0,success
2575,-2.8482534885406494,2.6599488258361816,-0.00029479694785550237,0.03365599364042282,0.03365599364042282,1.0,3.0,success
2576,-2.8477582931518555,2.6589932441711426,-0.00029482936952263117,0.03363340348005295,0.03363339975476265,1.0,3.0,success
2577,-2.8472776412963867,2.658038854598999,-0.00029486650601029396,0.03339345380663872,0.03339345008134842,1.0,-3.0,success
2578,-2.8467984199523926,2.657083034515381,-0.0002948804758489132,0.033413324505090714,0.033413324505090714,1.0,-3.0,success
2579,-2.8463199138641357,2.6561262607574463,-0.0002949036133941263,0.03342996537685394,0.03342996537685394,1.0,-3.0,success
2580,-2.8458423614501953,2.655168056488037,-0.0002949358313344419,0.033456649631261826,0.033456649631261826,1.0,-3.0,success
2581,-2.8453657627105713,2.6542086601257324,-0.00029497520881704986,0.03347672149538994,0.03347672149538994,1.0,-3.0,success
2582,-2.8448784351348877,2.6532483100891113,-0.0002950055932160467,0.033653803169727325,0.033653803169727325,1.0,3.0,success
2583,-2.8443899154663086,2.6522891521453857,-0.0002950367343146354,0.03363747522234917,0.03363747522234917,1.0,3.0,success
2584,-2.8439157009124756,2.6513311862945557,-0.0002950725902337581,0.03340357542037964,0.03340357542037964,1.0,-3.0,success
2585,-2.843425750732422,2.65037202835083,-0.00029506010469049215,0.03365778923034668,0.03365778923034668,1.0,3.0,success
2586,-2.842951536178589,2.649414300918579,-0.0002950928173959255,0.033396895974874496,0.033396895974874496,1.0,-3.0,success
2587,-2.8424789905548096,2.6484551429748535,-0.0002951028582174331,0.03341388329863548,0.033413879573345184,1.0,-3.0,success
2588,-2.842007637023926,2.6474947929382324,-0.00029512267792597413,0.03343087434768677,0.03343087434768677,1.0,-3.0,success
2589,-2.8415372371673584,2.6465330123901367,-0.0002951520145870745,0.03345790505409241,0.03345790505409241,1.0,-3.0,success
2590,-2.8410544395446777,2.6455702781677246,-0.0002951700589619577,0.033656563609838486,0.033656563609838486,1.0,3.0,success
2591,-2.8405871391296387,2.644608736038208,-0.0002952206414192915,0.0334087610244751,0.0334087610244751,1.0,-3.0,success
2592,-2.8401215076446533,2.643646240234375,-0.00029524569981731474,0.03341282159090042,0.03341282159090042,1.0,-3.0,success
2593,-2.8396406173706055,2.6426823139190674,-0.00029525381978601217,0.03366321697831154,0.03366321697831154,1.0,3.0,success
2594,-2.8391757011413574,2.6417195796966553,-0.0002953003568109125,0.03340980410575867,0.03340980410575867,1.0,-3.0,success
2595,-2.838711977005005,2.6407558917999268,-0.00029532279586419463,0.03342047333717346,0.03342047333717346,1.0,-3.0,success
2596,-2.838249683380127,2.6397907733917236,-0.00029535224894061685,0.03344142809510231,0.03344142436981201,1.0,-3.0,success
2597,-2.8377737998962402,2.638824701309204,-0.0002953681687358767,0.033653803169727325,0.033653803169727325,1.0,3.0,success
2598,-2.837313175201416,2.637859582901001,-0.0002954177907668054,0.0334189273416996,0.0334189273416996,1.0,-3.0,success
2599,-2.836836814880371,2.6368937492370605,-0.00029541816911660135,0.033653706312179565,0.033653706312179565,1.0,3.0,success
2600,-2.8363590240478516,2.6359288692474365,-0.00029543237178586423,0.03364679589867592,0.03364679589867592,1.0,3.0,success
2601,-2.8358957767486572,2.634965181350708,-0.0002954550727736205,0.03341401368379593,0.03341401368379593,1.0,-3.0,success
2602,-2.8354341983795166,2.634000539779663,-0.00029545987490564585,0.033418335020542145,0.033418335020542145,1.0,-3.0,success
2603,-2.8349578380584717,2.6330344676971436,-0.0002954519586637616,0.033660389482975006,0.033660389482975006,1.0,3.0,success
2604,-2.834479808807373,2.6320698261260986,-0.00029545894358307123,0.03364342451095581,0.03364342451095581,1.0,3.0,success
2605,-2.8340163230895996,2.63110613822937,-0.0002954767842311412,0.033417243510484695,0.033417243510484695,1.0,-3.0,success
2606,-2.833554983139038,2.630141496658325,-0.00029547757003456354,0.033415116369724274,0.033415116369724274,1.0,-3.0,success
2607,-2.8330953121185303,2.6291754245758057,-0.0002954897645395249,0.033433008939027786,0.033433008939027786,1.0,-3.0,success
2608,-2.8326213359832764,2.6282081604003906,-0.0002954901719931513,0.03366095572710037,0.03366095572710037,1.0,3.0,success
2609,-2.8321454524993896,2.62724232673645,-0.0002955024247057736,0.033647119998931885,0.033647119998931885,1.0,3.0,success
2610,-2.831667900085449,2.6262776851654053,-0.0002955010859295726,0.03363681212067604,0.03363681212067604,1.0,3.0,success
2611,-2.831188678741455,2.625314235687256,-0.00029548676684498787,0.033626627177000046,0.03362662345170975,1.0,3.0,success
2612,-2.8307077884674072,2.624352216720581,-0.0002954618539661169,0.033609889447689056,0.033609889447689056,1.0,3.0,success
2613,-2.8302247524261475,2.6233911514282227,-0.00029542832635343075,0.03361329808831215,0.03361329808831215,1.0,3.0,success
2614,-2.82975435256958,2.6224312782287598,-0.00029540678951889277,0.03340437263250351,0.03340437263250351,1.0,-3.0,success
2615,-2.8292863368988037,2.6214702129364014,-0.00029538190574385226,0.03340514004230499,0.03340514004230499,1.0,-3.0,success
2616,-2.8288207054138184,2.6205077171325684,-0.00029537404770962894,0.03341282159090042,0.03341282159090042,1.0,-3.0,success
2617,-2.828356981277466,2.61954402923584,-0.0002953812072519213,0.03342047333717346,0.03342047333717346,1.0,-3.0,success
2618,-2.82787823677063,2.618579149246216,-0.00029537512455135584,0.033660028129816055,0.033660028129816055,1.0,3.0,success
2619,-2.827397346496582,2.6176156997680664,-0.00029538312810473144,0.033649884164333344,0.033649884164333344,1.0,3.0,success
2620,-2.826931953430176,2.6166532039642334,-0.0002954041410703212,0.03340958058834076,0.03340957686305046,1.0,-3.0,success
2621,-2.8264687061309814,2.615689516067505,-0.0002954069059342146,0.03341401368379593,0.03341401368379593,1.0,-3.0,success
2622,-2.8260080814361572,2.61472487449646,-0.00029151077615097165,0.03340570256114006,0.03340547904372215,1.0,-3.0,success
2623,-2.825549364089966,2.6137588024139404,-0.00029210030334070325,0.033420220017433167,0.03342021629214287,1.0,-3.0,success
2624,-2.8250930309295654,2.6127912998199463,-0.0002927910827565938,0.03342875838279724,0.033428750932216644,1.0,-3.0,success
2625,-2.8246212005615234,2.6118228435516357,-0.00029334260034374893,0.033664993941783905,0.03366498649120331,1.0,3.0,success
2626,-2.8241472244262695,2.6108555793762207,-0.00029379691113717854,0.03366095572710037,0.03366095572710037,1.0,3.0,success
2627,-2.823688507080078,2.609889507293701,-0.00029417400946840644,0.03342021629214287,0.03342021629214287,1.0,-3.0,success
2628,-2.8232316970825195,2.6089224815368652,-0.0002944620791822672,0.03342163935303688,0.03342163935303688,1.0,-3.0,success
2629,-2.8227767944335938,2.6079540252685547,-0.00029470393201336265,0.03343668207526207,0.03343667834997177,1.0,-3.0,success
2630,-2.822323799133301,2.6069843769073486,-0.0002949103945866227,0.03344513103365898,0.03344513103365898,1.0,-3.0,success
2631,-2.821856737136841,2.606013774871826,-0.0002950670605059713,0.0336604006588459,0.0336604006588459,1.0,3.0,success
2632,-2.821387767791748,2.6050446033477783,-0.00029520265525206923,0.03364604339003563,0.03364604339003563,1.0,3.0,success
2633,-2.8209333419799805,2.604076385498047,-0.0002953233488369733,0.03342360630631447,0.03342360258102417,1.0,-3.0,success
2634,-2.820481061935425,2.60310697555542,-0.0002954074298031628,0.033428922295570374,0.033428922295570374,1.0,-3.0,success
2635,-2.820030689239502,2.6021363735198975,-0.00029548598104156554,0.03343755751848221,0.03343755751848221,1.0,-3.0,success
2636,-2.819581985473633,2.6011645793914795,-0.00029556170920841396,0.0334494523704052,0.0334494523704052,1.0,-3.0,success
2637,-2.8191351890563965,2.600191593170166,-0.0002956350799649954,0.03345836326479912,0.03345836326479912,1.0,-3.0,success
2638,-2.8186752796173096,2.599217653274536,-0.00029568723402917385,0.03365837410092354,0.03365837410092354,1.0,3.0,success
2639,-2.8182132244110107,2.598245143890381,-0.00029573749634437263,0.03364667668938637,0.03364667668938637,1.0,3.0,success
2640,-2.817765712738037,2.597273588180542,-0.00029578860267065465,0.03342708572745323,0.03342708572745323,1.0,-3.0,success
2641,-2.8173201084136963,2.5963008403778076,-0.0002958179684355855,0.03343605995178223,0.03343605622649193,1.0,-3.0,success
2642,-2.816876173019409,2.5953269004821777,-0.0002958526602014899,0.033448267728090286,0.033448267728090286,1.0,-3.0,success
2643,-2.816433906555176,2.5943517684936523,-0.00029589305631816387,0.0334605909883976,0.0334605909883976,1.0,-3.0,success
2644,-2.815978527069092,2.5933756828308105,-0.00029591875500045717,0.03365892916917801,0.03365892916917801,1.0,3.0,success
2645,-2.815521240234375,2.5924010276794434,-0.00029594809166155756,0.0336436964571476,0.0336436964571476,1.0,3.0,success
2646,-2.815078020095825,2.5914270877838135,-0.0002959818230010569,0.03343899920582771,0.03343899920582771,1.0,-3.0,success
2647,-2.814636707305908,2.5904524326324463,-0.00029599785921163857,0.03343471884727478,0.03343471884727478,1.0,-3.0,success
2648,-2.814197301864624,2.5894763469696045,-0.00029602175345644355,0.03345093876123428,0.033450935035943985,1.0,-3.0,success
2649,-2.8137595653533936,2.588499069213867,-0.0002960534184239805,0.033463552594184875,0.033463552594184875,1.0,-3.0,success
2650,-2.8133232593536377,2.5875208377838135,-0.00029609125340357423,0.03347251936793327,0.03347251936793327,1.0,-3.0,success
2651,-2.8128750324249268,2.5865414142608643,-0.00029611706850118935,0.033659860491752625,0.033659860491752625,1.0,3.0,success
2652,-2.812424898147583,2.5855634212493896,-0.00029614451341331005,0.033644091337919235,0.033644091337919235,1.0,3.0,success
2653,-2.811988353729248,2.5845863819122314,-0.0002961755672004074,0.03344154357910156,0.033441539853811264,1.0,-3.0,success
2654,-2.811553716659546,2.5836081504821777,-0.00029619026463478804,0.03345131129026413,0.03345130756497383,1.0,-3.0,success
2655,-2.8111207485198975,2.5826289653778076,-0.00029621293651871383,0.033457424491643906,0.033457424491643906,1.0,-3.0,success
2656,-2.8106894493103027,2.581648588180542,-0.0002962434373330325,0.03347046300768852,0.03347046300768852,1.0,-3.0,success
2657,-2.8102457523345947,2.580667018890381,-0.000296263286145404,0.03366228565573692,0.03366228565573692,1.0,3.0,success
2658,-2.809799909591675,2.5796868801116943,-0.0002962862781714648,0.0336492657661438,0.0336492657661438,1.0,3.0,success
2659,-2.8093678951263428,2.578707695007324,-0.00029631308279931545,0.03344538062810898,0.03344538062810898,1.0,-3.0,success
2660,-2.8089375495910645,2.5777275562286377,-0.0002963248989544809,0.03345165029168129,0.03345165029168129,1.0,-3.0,success
2661,-2.808509111404419,2.5767462253570557,-0.0002963451552204788,0.03346186876296997,0.03346186876296997,1.0,-3.0,success
2662,-2.808082103729248,2.575763702392578,-0.000296373589662835,0.03347817063331604,0.03347816690802574,1.0,-3.0,success
2663,-2.807642936706543,2.574780225753784,-0.0002963926235679537,0.03365863859653473,0.03365863859653473,1.0,3.0,success
2664,-2.807201862335205,2.5737977027893066,-0.00029641433502547443,0.0336557999253273,0.0336557999253273,1.0,3.0,success
2665,-2.806774377822876,2.5728166103363037,-0.0002964393934234977,0.03344312682747841,0.03344312310218811,1.0,-3.0,success
2666,-2.8063485622406006,2.5718343257904053,-0.0002964502782560885,0.033456504344940186,0.033456504344940186,1.0,-3.0,success
2667,-2.8059241771698,2.5708508491516113,-0.00029646969051100314,0.033472951501607895,0.033472951501607895,1.0,-3.0,success
2668,-2.8055014610290527,2.569866180419922,-0.0002964973100461066,0.03348654881119728,0.03348654881119728,1.0,-3.0,success
2669,-2.8050670623779297,2.568880558013916,-0.00029651669319719076,0.03365951031446457,0.03365951031446457,1.0,3.0,success
2670,-2.804630756378174,2.5678961277008057,-0.00029653796809725463,0.03364953026175499,0.03364953026175499,1.0,3.0,success
2671,-2.8042075634002686,2.566912889480591,-0.0002965618623420596,0.03345136716961861,0.03345136344432831,1.0,-3.0,success
2672,-2.803786277770996,2.5659284591674805,-0.0002965722815133631,0.03346209228038788,0.03346208855509758,1.0,-3.0,success
2673,-2.803366184234619,2.5649428367614746,-0.00029659122810699046,0.033481717109680176,0.033481717109680176,1.0,-3.0,success
2674,-2.802947759628296,2.5639562606811523,-0.00029661835287697613,0.033488739281892776,0.03348873555660248,1.0,-3.0,success
2675,-2.802530527114868,2.5629684925079346,-0.0002966519386973232,0.03350852429866791,0.03350852429866791,1.0,-3.0,success
2676,-2.802103281021118,2.5619797706604004,-0.00029667929629795253,0.03365887701511383,0.03365887701511383,1.0,3.0,success
2677,-2.8016743659973145,2.5609922409057617,-0.0002967042673844844,0.03364542871713638,0.033645424991846085,1.0,3.0,success
2678,-2.801257848739624,2.5600059032440186,-0.00029672967502847314,0.0334586463868618,0.0334586426615715,1.0,-3.0,success
2679,-2.800827741622925,2.55901837348938,-0.0002967241161968559,0.03366028517484665,0.03366028517484665,1.0,3.0,success
2680,-2.800395965576172,2.5580320358276367,-0.0002967280161101371,0.03364701196551323,0.03364701196551323,1.0,3.0,success
2681,-2.7999625205993652,2.557046890258789,-0.0002967208856716752,0.03363386169075966,0.03363386169075966,1.0,3.0,success
2682,-2.799527883529663,2.556062698364258,-0.0002967031323350966,0.033621616661548615,0.033621616661548615,1.0,3.0,success
2683,-2.7990915775299072,2.555079698562622,-0.0002966766769532114,0.03360866382718086,0.03360866382718086,1.0,3.0,success
2684,-2.7986655235290527,2.554097890853882,-0.000296654412522912,0.033445797860622406,0.033445797860622406,1.0,-3.0,success
2685,-2.798241376876831,2.553114652633667,-0.00029663374880328774,0.03346315771341324,0.03346315771341324,1.0,-3.0,success
2686,-2.797819137573242,2.5521304607391357,-0.0002966282772831619,0.03346697986125946,0.03346697613596916,1.0,-3.0,success
2687,-2.797398328781128,2.551145076751709,-0.0002966359897982329,0.033483635634183884,0.033483635634183884,1.0,-3.0,success
2688,-2.7969794273376465,2.5501585006713867,-0.0002966541505884379,0.03349456191062927,0.033494558185338974,1.0,-3.0,success
2689,-2.7965495586395264,2.549170732498169,-0.00029666771297343075,0.03366414085030556,0.03366414085030556,1.0,3.0,success
2690,-2.7961177825927734,2.548184394836426,-0.00029668284696526825,0.03364701196551323,0.03364701196551323,1.0,3.0,success
2691,-2.795698881149292,2.547199010848999,-0.0002967011241707951,0.03346027061343193,0.03346026688814163,1.0,-3.0,success
2692,-2.7952818870544434,2.546212673187256,-0.00029670726507902145,0.033464446663856506,0.033464446663856506,1.0,-3.0,success
2693,-2.7948660850524902,2.545225143432617,-0.0002967226319015026,0.033484287559986115,0.033484287559986115,1.0,-3.0,success
2694,-2.7944514751434326,2.544236421585083,-0.0002967467298731208,0.03350419923663139,0.033504195511341095,1.0,-3.0,success
2695,-2.7940263748168945,2.5432467460632324,-0.0002967661712318659,0.033659715205430984,0.033659715205430984,1.0,3.0,success
2696,-2.7935996055603027,2.5422582626342773,-0.0002967858163174242,0.033646129071712494,0.033646129071712494,1.0,3.0,success
2697,-2.7931854724884033,2.5412707328796387,-0.000296806130791083,0.033464085310697556,0.03346408158540726,1.0,-3.0,success
2698,-2.7927725315093994,2.5402822494506836,-0.0002968146000057459,0.033477190881967545,0.033477190881967545,1.0,-3.0,success
2699,-2.79236102104187,2.539292573928833,-0.0002968317421618849,0.03349437937140465,0.03349437937140465,1.0,-3.0,success
2700,-2.791950225830078,2.538301944732666,-0.00029685714980587363,0.03351333364844322,0.033513329923152924,1.0,-3.0,success
2701,-2.791529893875122,2.5373103618621826,-0.00029687953065149486,0.033656053245067596,0.0336560495197773,1.0,3.0,success
2702,-2.7911081314086914,2.5363197326660156,-0.0002969002816826105,0.033646102994680405,0.033646099269390106,1.0,3.0,success
2703,-2.7906854152679443,2.535330295562744,-0.0002969068009406328,0.033623531460762024,0.033623527735471725,1.0,3.0,success
2704,-2.7902731895446777,2.534342050552368,-0.00029691087547689676,0.03346170485019684,0.03346170112490654,1.0,-3.0,success
2705,-2.7898476123809814,2.5333526134490967,-0.00029689318034797907,0.03365875408053398,0.03365875408053398,1.0,3.0,success
2706,-2.7894203662872314,2.5323643684387207,-0.0002968873595818877,0.03364519774913788,0.03364519774913788,1.0,3.0,success
2707,-2.788991928100586,2.531377077102661,-0.00029687254573218524,0.033632658421993256,0.03363265469670296,1.0,3.0,success
2708,-2.788562297821045,2.530390977859497,-0.00029684879700653255,0.03361334651708603,0.03361334651708603,1.0,3.0,success
2709,-2.7881429195404053,2.5294060707092285,-0.0002968281041830778,0.033452391624450684,0.033452391624450684,1.0,-3.0,success
2710,-2.7877252101898193,2.5284197330474854,-0.00029680802254006267,0.03347315266728401,0.03347315266728401,1.0,-3.0,success
2711,-2.787308931350708,2.527432441711426,-0.0002968028129544109,0.03348320722579956,0.03348320722579956,1.0,-3.0,success
2712,-2.786893844604492,2.5264439582824707,-0.0002968105545733124,0.03350309655070305,0.03350309655070305,1.0,-3.0,success
2713,-2.786468505859375,2.52545428276062,-0.0002968173648696393,0.03366265818476677,0.03366265818476677,1.0,3.0,success
2714,-2.786041498184204,2.524465799331665,-0.00029682667809538543,0.033649083226919174,0.033649079501628876,1.0,3.0,success
2715,-2.7856271266937256,2.5234785079956055,-0.0002968388726003468,0.0334600955247879,0.0334600955247879,1.0,-3.0,success
2716,-2.7852141857147217,2.5224900245666504,-0.0002968405606225133,0.033477190881967545,0.033477190881967545,1.0,-3.0,success
2717,-2.7848024368286133,2.521500587463379,-0.0002968523185700178,0.033490363508462906,0.033490363508462906,1.0,-3.0,success
2718,-2.7843916416168213,2.520509958267212,-0.0002968733897432685,0.03351333364844322,0.033513329923152924,1.0,-3.0,success
2719,-2.783971071243286,2.5195181369781494,-0.0002968925691675395,0.033665820956230164,0.033665820956230164,1.0,3.0,success
2720,-2.7835493087768555,2.5185277462005615,-0.00029691075906157494,0.033639248460531235,0.033639244735240936,1.0,3.0,success
2721,-2.78313946723938,2.51753830909729,-0.00029692857060581446,0.03346750885248184,0.033467505127191544,1.0,-3.0,success
2722,-2.782731056213379,2.516547679901123,-0.0002969354682136327,0.03348486125469208,0.03348486125469208,1.0,-3.0,success
2723,-2.7823233604431152,2.5155560970306396,-0.00029695130069740117,0.03350390866398811,0.03350390866398811,1.0,-3.0,success
2724,-2.781916618347168,2.5145633220672607,-0.00029697551508434117,0.033527057617902756,0.033527057617902756,1.0,-3.0,success
2725,-2.781500816345215,2.5135698318481445,-0.0002969989145640284,0.033656030893325806,0.033656030893325806,1.0,3.0,success
2726,-2.7810840606689453,2.5125772953033447,-0.0002970192872453481,0.033640068024396896,0.033640068024396896,1.0,3.0,success
2727,-2.7806663513183594,2.5115859508514404,-0.0002970256027765572,0.0336172878742218,0.0336172878742218,1.0,3.0,success
2728,-2.7802586555480957,2.5105955600738525,-0.0002970279601868242,0.03346945717930794,0.03346945717930794,1.0,-3.0,success
2729,-2.7798521518707275,2.509603977203369,-0.00029702624306082726,0.033489760011434555,0.033489760011434555,1.0,-3.0,success
2730,-2.779446601867676,2.5086114406585693,-0.0002970353525597602,0.03350605443120003,0.03350605070590973,1.0,-3.0,success
2731,-2.779046058654785,2.5076181888580322,-0.0002931601775344461,0.03346813842654228,0.033467914909124374,1.0,3.0,success
2732,-2.7786426544189453,2.5066256523132324,-0.00029373003053478897,0.033480752259492874,0.033480748534202576,1.0,3.0,success
2733,-2.7782368659973145,2.505634307861328,-0.0002943803556263447,0.033474400639534,0.0334743931889534,1.0,3.0,success
2734,-2.7778289318084717,2.5046439170837402,-0.0002948890905827284,0.033472299575805664,0.033472295850515366,1.0,-3.0,success
2735,-2.7774224281311035,2.503652334213257,-0.0002953145594801754,0.033489763736724854,0.033489760011434555,1.0,-3.0,success
2736,-2.7770168781280518,2.502659797668457,-0.0002956663374789059,0.03350605443120003,0.03350605070590973,1.0,-3.0,success
2737,-2.7766008377075195,2.501666307449341,-0.00029594849911518395,0.03365891054272652,0.03365891054272652,1.0,3.0,success
2738,-2.7761831283569336,2.500673770904541,-0.00029617827385663986,0.03365162014961243,0.03365162014961243,1.0,3.0,success
2739,-2.775777578353882,2.4996824264526367,-0.00029636587714776397,0.03347157686948776,0.033471573144197464,1.0,-3.0,success
2740,-2.7753734588623047,2.498689889907837,-0.00029650868964381516,0.0334891714155674,0.0334891714155674,1.0,-3.0,success
2741,-2.774970531463623,2.4976963996887207,-0.0002966331667266786,0.03350275754928589,0.03350275754928589,1.0,-3.0,success
2742,-2.774557113647461,2.496701717376709,-0.00029673348763026297,0.03366173431277275,0.03366173431277275,1.0,3.0,success
2743,-2.774142026901245,2.4957082271575928,-0.00029681785963475704,0.033647410571575165,0.033647406846284866,1.0,3.0,success
2744,-2.773725986480713,2.494715929031372,-0.0002968754852190614,0.0336245521903038,0.033624548465013504,1.0,3.0,success
2745,-2.773320198059082,2.4937245845794678,-0.0002969202178064734,0.0334743931889534,0.0334743931889534,1.0,-3.0,success
2746,-2.772916316986084,2.492732286453247,-0.0002969518827740103,0.033479463309049606,0.033479463309049606,1.0,-3.0,success
2747,-2.7725131511688232,2.491738796234131,-0.00029698762227781117,0.03350555896759033,0.03350555896759033,1.0,-3.0,success
2748,-2.772111415863037,2.490744113922119,-0.000297027756460011,0.0335233137011528,0.0335233099758625,1.0,-3.0,success
2749,-2.771700382232666,2.489748477935791,-0.00029706297209486365,0.033660754561424255,0.033660754561424255,1.0,3.0,success
2750,-2.771287679672241,2.4887540340423584,-0.0002970929490402341,0.03364628180861473,0.03364627808332443,1.0,3.0,success
2751,-2.7708868980407715,2.4877607822418213,-0.00029711949173361063,0.03347070515155792,0.033470701426267624,1.0,-3.0,success
2752,-2.7704875469207764,2.4867663383483887,-0.0002971344511024654,0.03348856791853905,0.03348856791853905,1.0,-3.0,success
2753,-2.7700891494750977,2.4857707023620605,-0.00029715654090978205,0.03351205959916115,0.03351205959916115,1.0,-3.0,success
2754,-2.7696802616119385,2.484774112701416,-0.00029717542929574847,0.03366279602050781,0.03366279602050781,1.0,3.0,success
2755,-2.769284248352051,2.483778715133667,-0.000297209364362061,0.033477526158094406,0.033477526158094406,1.0,-3.0,success
2756,-2.768890619277954,2.4827826023101807,-0.00029331439873203635,0.03347106650471687,0.033470842987298965,1.0,-3.0,success
2757,-2.7684991359710693,2.4817848205566406,-0.000293907942250371,0.03349480777978897,0.03349480405449867,1.0,-3.0,success
2758,-2.768095016479492,2.480786085128784,-0.0002945846936199814,0.03366867080330849,0.03366866335272789,1.0,3.0,success
2759,-2.7676889896392822,2.4797887802124023,-0.0002951433998532593,0.033649660646915436,0.03364965692162514,1.0,3.0,success
2760,-2.7672948837280273,2.478792190551758,-0.0002955938398372382,0.03349018096923828,0.03349018096923828,1.0,-3.0,success
2761,-2.766902446746826,2.477794647216797,-0.00029594814986921847,0.033498767763376236,0.03349876403808594,1.0,-3.0,success
2762,-2.7665109634399414,2.4767961502075195,-0.00029624157468788326,0.03351561352610588,0.03351561352610588,1.0,-3.0,success
2763,-2.7661092281341553,2.475796699523926,-0.0002964777813758701,0.033661529421806335,0.033661529421806335,1.0,3.0,success
2764,-2.7657058238983154,2.4747984409332275,-0.00029666951741091907,0.03364647179841995,0.03364647179841995,1.0,3.0,success
2765,-2.76530122756958,2.4738011360168457,-0.0002968132612295449,0.033632829785346985,0.033632829785346985,1.0,3.0,success
2766,-2.764906883239746,2.4728047847747803,-0.0002969266497530043,0.03348599374294281,0.03348599374294281,1.0,-3.0,success
2767,-2.764514446258545,2.4718074798583984,-0.0002970142522826791,0.0334918312728405,0.0334918312728405,1.0,-3.0,success
2768,-2.7641232013702393,2.470808982849121,-0.00029709452064707875,0.033512894064188004,0.033512890338897705,1.0,-3.0,success
2769,-2.763733386993408,2.4698097705841064,-0.00029716992867179215,0.03351743146777153,0.03351743146777153,1.0,-3.0,success
2770,-2.7633447647094727,2.4688093662261963,-0.0002972414076793939,0.033538635820150375,0.033538635820150375,1.0,-3.0,success
2771,-2.7629480361938477,2.4678077697753906,-0.0002973031660076231,0.033665820956230164,0.033665820956230164,1.0,3.0,success
2772,-2.762549638748169,2.4668076038360596,-0.0002973519149236381,0.03364352881908417,0.03364352881908417,1.0,3.0,success
2773,-2.762162446975708,2.465808391571045,-0.0002973927475977689,0.03348772972822189,0.03348772972822189,1.0,-3.0,success
2774,-2.761776924133301,2.4648079872131348,-0.0002974207163788378,0.033503685146570206,0.03350368142127991,1.0,-3.0,success
2775,-2.761392831802368,2.463806629180908,-0.0002974529634229839,0.033515457063913345,0.033515457063913345,1.0,-3.0,success
2776,-2.760998249053955,2.4628043174743652,-0.0002974799135699868,0.03366198390722275,0.03366198390722275,1.0,3.0,success
2777,-2.7606019973754883,2.4618031978607178,-0.0002975040697492659,0.03364648297429085,0.03364648297429085,1.0,3.0,success
2778,-2.7602171897888184,2.4608030319213867,-0.00029752522823400795,0.033488694578409195,0.033488694578409195,1.0,-3.0,success
2779,-2.759834051132202,2.4598019123077393,-0.0002975377719849348,0.03349783644080162,0.03349783271551132,1.0,-3.0,success
2780,-2.7594523429870605,2.4587996006011963,-0.00029755764990113676,0.03351669758558273,0.033516693860292435,1.0,-3.0,success
2781,-2.7590601444244385,2.457796335220337,-0.0002975745010189712,0.03366251662373543,0.03366251289844513,1.0,3.0,success
2782,-2.7586798667907715,2.456794261932373,-0.00029760412871837616,0.03349384665489197,0.03349384292960167,1.0,-3.0,success
2783,-2.7583017349243164,2.4557909965515137,-0.00029762295889668167,0.033504970371723175,0.033504970371723175,1.0,-3.0,success
2784,-2.7579119205474854,2.454787015914917,-0.0002976360556203872,0.033656299114227295,0.033656299114227295,1.0,3.0,success
2785,-2.7575201988220215,2.4537839889526367,-0.0002976504329126328,0.03365015238523483,0.03365015238523483,1.0,3.0,success
2786,-2.757127046585083,2.452781915664673,-0.0002976525865960866,0.03363869711756706,0.03363869711756706,1.0,3.0,success
2787,-2.756744384765625,2.4517807960510254,-0.00029765264480374753,0.03349251672625542,0.03349251300096512,1.0,-3.0,success
2788,-2.7563633918762207,2.4507787227630615,-0.00029765075305476785,0.03350178152322769,0.03350178152322769,1.0,-3.0,success
2789,-2.755984306335449,2.4497756958007812,-0.0002976591931656003,0.03350852429866791,0.03350852429866791,1.0,-3.0,success
2790,-2.7556068897247314,2.4487714767456055,-0.0002976768300868571,0.03352499008178711,0.03352498635649681,1.0,-3.0,success
2791,-2.7552194595336914,2.4477665424346924,-0.0002976924297399819,0.03365720808506012,0.03365720808506012,1.0,3.0,success
2792,-2.7548439502716064,2.4467625617980957,-0.00029771955450996757,0.03349708765745163,0.03349708393216133,1.0,-3.0,success
2793,-2.7544703483581543,2.4457573890686035,-0.000297737104119733,0.033511169254779816,0.033511169254779816,1.0,-3.0,success
2794,-2.754098415374756,2.444751501083374,-0.00029776067822240293,0.03351399675011635,0.03351399675011635,1.0,-3.0,success
2795,-2.753715991973877,2.443744421005249,-0.0002977799449581653,0.03366392105817795,0.03366392105817795,1.0,3.0,success
2796,-2.753331422805786,2.4427387714385986,-0.00029779746546410024,0.033646028488874435,0.03364602476358414,1.0,3.0,success
2797,-2.7529454231262207,2.4417338371276855,-0.00029780223849229515,0.03364115208387375,0.03364115208387375,1.0,3.0,success
2798,-2.7525694370269775,2.440729856491089,-0.00029780445038340986,0.03350231423974037,0.03350231051445007,1.0,-3.0,success
2799,-2.7521955966949463,2.439725160598755,-0.00029780479962937534,0.03349980339407921,0.03349980339407921,1.0,-3.0,success
2800,-2.751823663711548,2.4387192726135254,-0.0002978148404508829,0.03351399675011635,0.03351399675011635,1.0,-3.0,success
2801,-2.751453399658203,2.4377121925354004,-0.0002978335542138666,0.033530909568071365,0.033530909568071365,1.0,-3.0,success
2802,-2.7510733604431152,2.436704397201538,-0.0002978498232550919,0.033658456057310104,0.033658456057310104,1.0,3.0,success
2803,-2.7506909370422363,2.4356977939605713,-0.0002978636766783893,0.033649992197752,0.033649992197752,1.0,3.0,success
2804,-2.750319719314575,2.434691905975342,-0.00029787668609060347,0.033506251871585846,0.033506251871585846,1.0,-3.0,success
2805,-2.749950647354126,2.433685064315796,-0.0002978841366712004,0.033511076122522354,0.033511076122522354,1.0,-3.0,success
2806,-2.749570369720459,2.4326775074005127,-0.0002978881821036339,0.033654119819402695,0.033654116094112396,1.0,3.0,success
2807,-2.749187469482422,2.431670904159546,-0.0002978941483888775,0.03365528583526611,0.03365528583526611,1.0,3.0,success
2808,-2.7488162517547607,2.4306650161743164,-0.00029790119151584804,0.033506251871585846,0.033506251871585846,1.0,-3.0,success
2809,-2.7484471797943115,2.4296584129333496,-0.00029790381086058915,0.03350408002734184,0.03350408002734184,1.0,-3.0,success
2810,-2.748080253601074,2.4286506175994873,-0.00029791545239277184,0.033516060560941696,0.033516060560941696,1.0,-3.0,success
2811,-2.7477149963378906,2.4276418685913086,-0.0002979352721013129,0.03352627158164978,0.03352627158164978,1.0,-3.0,success
2812,-2.7473397254943848,2.4266324043273926,-0.0002979518612846732,0.03365505114197731,0.03365505114197731,1.0,3.0,success
2813,-2.746962070465088,2.425623655319214,-0.0002979660639539361,0.033660151064395905,0.033660151064395905,1.0,3.0,success
2814,-2.746582508087158,2.4246160984039307,-0.0002979683631565422,0.03364622965455055,0.03364622965455055,1.0,3.0,success
2815,-2.74621319770813,2.423609495162964,-0.0002979693526867777,0.03350665047764778,0.03350664675235748,1.0,-3.0,success
2816,-2.7458465099334717,2.4226019382476807,-0.0002979688288178295,0.03350651264190674,0.03350651264190674,1.0,-3.0,success
2817,-2.7454819679260254,2.421593427658081,-0.0002979779674205929,0.03351166471838951,0.03351166099309921,1.0,-3.0,success
2818,-2.745119333267212,2.420583724975586,-0.00029799574986100197,0.03352650627493858,0.03352650627493858,1.0,-3.0,success
2819,-2.744746208190918,2.4195733070373535,-0.00029801056371070445,0.03365970030426979,0.03365969657897949,1.0,3.0,success
2820,-2.744370698928833,2.4185638427734375,-0.00029802328208461404,0.03365764766931534,0.03365764394402504,1.0,3.0,success
2821,-2.744006395339966,2.417555332183838,-0.00029803530196659267,0.03350913152098656,0.03350913152098656,1.0,-3.0,success
2822,-2.7436444759368896,2.416545867919922,-0.00029804257792420685,0.033511944115161896,0.033511944115161896,1.0,-3.0,success
2823,-2.7432844638824463,2.4155354499816895,-0.0002980577410198748,0.03351994976401329,0.03351994976401329,1.0,-3.0,success
2824,-2.7429137229919434,2.4145240783691406,-0.000298070051940158,0.033661939203739166,0.033661939203739166,1.0,3.0,success
2825,-2.7425405979156494,2.4135138988494873,-0.00029808119870722294,0.03365270793437958,0.03365270793437958,1.0,3.0,success
2826,-2.7421658039093018,2.4125044345855713,-0.000298081140499562,0.033649858087301254,0.033649858087301254,1.0,3.0,success
2827,-2.7418010234832764,2.411496162414551,-0.0002980802091769874,0.03350719064474106,0.03350719064474106,1.0,-3.0,success
2828,-2.7414391040802,2.4104866981506348,-0.00029807837563566864,0.033511944115161896,0.033511944115161896,1.0,-3.0,success
2829,-2.741079092025757,2.4094762802124023,-0.00029808637918904424,0.03351994976401329,0.03351994976401329,1.0,-3.0,success
2830,-2.7407209873199463,2.4084649085998535,-0.00029810311389155686,0.03352808207273483,0.03352808207273483,1.0,-3.0,success
2831,-2.7403528690338135,2.4074528217315674,-0.00029811725835315883,0.033654823899269104,0.033654823899269104,1.0,3.0,success
2832,-2.7399821281433105,2.4064414501190186,-0.0002981291327159852,0.033661939203739166,0.033661939203739166,1.0,3.0,success
2833,-2.7396223545074463,2.4054312705993652,-0.0002981401630677283,0.03351042792201042,0.03351042792201042,1.0,-3.0,success
2834,-2.739264965057373,2.4044198989868164,-0.00029814703157171607,0.03352063149213791,0.03352062776684761,1.0,-3.0,success
2835,-2.7389094829559326,2.4034078121185303,-0.0002981617290060967,0.033521901816129684,0.033521901816129684,1.0,-3.0,success
2836,-2.738543748855591,2.4023947715759277,-0.0002981741272378713,0.033657461404800415,0.033657461404800415,1.0,3.0,success
2837,-2.738175392150879,2.4013826847076416,-0.0002981848956551403,0.03365737572312355,0.03365737199783325,1.0,3.0,success
2838,-2.737805128097534,2.400371551513672,-0.0002981846628244966,0.03364981710910797,0.03364981710910797,1.0,3.0,success
2839,-2.737445116043091,2.3993613719940186,-0.0002981831203214824,0.03351292759180069,0.03351292759180069,1.0,-3.0,success
2840,-2.7370877265930176,2.398350238800049,-0.0002981811994686723,0.03351360186934471,0.03351360186934471,1.0,-3.0,success
2841,-2.736732244491577,2.3973381519317627,-0.0002981889701914042,0.033521901816129684,0.033521901816129684,1.0,-3.0,success
2842,-2.7363786697387695,2.396324872970581,-0.0002982053847517818,0.0335373692214489,0.0335373692214489,1.0,-3.0,success
2843,-2.7360150814056396,2.395311117172241,-0.000298220053082332,0.033655788749456406,0.033655788749456406,1.0,3.0,success
2844,-2.735649347305298,2.3942980766296387,-0.00029823181102983654,0.033657461404800415,0.033657461404800415,1.0,3.0,success
2845,-2.7352817058563232,2.3932859897613525,-0.00029823239310644567,0.033649735152721405,0.033649735152721405,1.0,3.0,success
2846,-2.734923839569092,2.392275094985962,-0.00029823119984939694,0.03351154923439026,0.03351154550909996,1.0,-3.0,success
2847,-2.7345685958862305,2.391263008117676,-0.0002982297446578741,0.033519431948661804,0.033519431948661804,1.0,-3.0,success
2848,-2.734215259552002,2.3902499675750732,-0.0002982378355227411,0.033527880907058716,0.033527880907058716,1.0,-3.0,success
2849,-2.7338640689849854,2.3892359733581543,-0.0002982544538099319,0.03353401646018028,0.033534012734889984,1.0,-3.0,success
2850,-2.7335028648376465,2.388221263885498,-0.00029826982063241303,0.03365878388285637,0.03365878388285637,1.0,3.0,success
2851,-2.7331395149230957,2.387207269668579,-0.00029828178230673075,0.03366028890013695,0.03366028890013695,1.0,3.0,success
2852,-2.732774496078491,2.3861944675445557,-0.000298282626317814,0.03364286944270134,0.03364286571741104,1.0,3.0,success
2853,-2.732407331466675,2.3851826190948486,-0.000298273196676746,0.033637646585702896,0.033637646585702896,1.0,3.0,success
2854,-2.7320494651794434,2.384171485900879,-0.00029826219542883337,0.03351857140660286,0.03351857140660286,1.0,-3.0,success
2855,-2.731693983078003,2.383159637451172,-0.0002982543082907796,0.033514875918626785,0.033514875918626785,1.0,-3.0,success
2856,-2.7313406467437744,2.3821465969085693,-0.00029825736419297755,0.033527880907058716,0.033527880907058716,1.0,-3.0,success
2857,-2.7309768199920654,2.3811326026916504,-0.0002982611767947674,0.03366531431674957,0.03366531431674957,1.0,3.0,success
2858,-2.7306108474731445,2.380119800567627,-0.00029826469835825264,0.03365298733115196,0.033652983605861664,1.0,3.0,success
2859,-2.7302427291870117,2.37910795211792,-0.00029825870296917856,0.033647824078798294,0.033647824078798294,1.0,3.0,success
2860,-2.7298851013183594,2.37809681892395,-0.0002982523001264781,0.033516086637973785,0.033516086637973785,1.0,-3.0,success
2861,-2.729529619216919,2.377084732055664,-0.0002982464211527258,0.033521901816129684,0.033521901816129684,1.0,-3.0,success
2862,-2.72916316986084,2.3760719299316406,-0.0002982413861900568,0.03365805000066757,0.03365805000066757,1.0,3.0,success
2863,-2.728794574737549,2.3750598430633545,-0.0002982386795338243,0.0336599200963974,0.0336599200963974,1.0,3.0,success
2864,-2.7284367084503174,2.374048948287964,-0.0002982376026920974,0.03351154923439026,0.03351154550909996,1.0,-3.0,success
2865,-2.7280678749084473,2.3730368614196777,-0.00029822418582625687,0.033662471920251846,0.033662471920251846,1.0,3.0,success
2866,-2.727696657180786,2.372025728225708,-0.0002982147561851889,0.033660076558589935,0.033660076558589935,1.0,3.0,success
2867,-2.727323532104492,2.371015787124634,-0.0002981982543133199,0.03364572301506996,0.03364571928977966,1.0,3.0,success
2868,-2.7269482612609863,2.370006561279297,-0.00029817476752214134,0.033648066222667694,0.033648066222667694,1.0,3.0,success
2869,-2.7265710830688477,2.3689982891082764,-0.00029814548906870186,0.033640969544649124,0.033640969544649124,1.0,3.0,success
2870,-2.726191997528076,2.3679912090301514,-0.0002981114957947284,0.03362703323364258,0.03362703323364258,1.0,3.0,success
2871,-2.7258105278015137,2.3669848442077637,-0.0002980736899189651,0.03363244980573654,0.03363244980573654,1.0,3.0,success
2872,-2.7254269123077393,2.3659794330596924,-0.0002980327408295125,0.0336284302175045,0.0336284302175045,1.0,3.0,success
2873,-2.725041151046753,2.3649749755859375,-0.00029798923060297966,0.033624570816755295,0.033624570816755295,1.0,3.0,success
2874,-2.7246530055999756,2.363971471786499,-0.0002979435957968235,0.033623553812503815,0.033623553812503815,1.0,3.0,success
2875,-2.7242627143859863,2.362968921661377,-0.0002978962438646704,0.03362002968788147,0.03362002968788147,1.0,3.0,success
2876,-2.723869800567627,2.3619673252105713,-0.00029784743674099445,0.03362210467457771,0.03362210467457771,1.0,3.0,success
2877,-2.7234745025634766,2.360966682434082,-0.00029779740725643933,0.033621665090322495,0.033621665090322495,1.0,3.0,success
2878,-2.723076820373535,2.359966993331909,-0.00029774633003398776,0.0336214154958725,0.0336214154958725,1.0,3.0,success
2879,-2.7226767539978027,2.3589682579040527,-0.00029769440880045295,0.03362136334180832,0.03362136334180832,1.0,3.0,success
2880,-2.7222743034362793,2.3579704761505127,-0.0002976417017634958,0.033621497452259064,0.033621497452259064,1.0,3.0,success
2881,-2.7218692302703857,2.356973648071289,-0.00029758832533843815,0.03362463042140007,0.03362462669610977,1.0,3.0,success
2882,-2.721461772918701,2.355977773666382,-0.00029753436683677137,0.03362516313791275,0.03362515941262245,1.0,3.0,success
2883,-2.7210516929626465,2.354982852935791,-0.00029747988446615636,0.03362872824072838,0.03362872824072838,1.0,3.0,success
2884,-2.72063946723938,2.3539888858795166,-0.0002974249073304236,0.03362680971622467,0.03362680599093437,1.0,3.0,success
2885,-2.720224618911743,2.3529961109161377,-0.0002973694645334035,0.03362391144037247,0.03362391144037247,1.0,3.0,success
2886,-2.7198071479797363,2.352004289627075,-0.00029731361428275704,0.033628128468990326,0.03362812474370003,1.0,3.0,success
2887,-2.7193875312805176,2.351013422012329,-0.0002972573565784842,0.033626753836870193,0.033626753836870193,1.0,3.0,success
2888,-2.7189652919769287,2.3500235080718994,-0.0002972007205244154,0.03363138437271118,0.03363138064742088,1.0,3.0,success
2889,-2.718540668487549,2.349034547805786,-0.00029714370612055063,0.03363329917192459,0.03363329544663429,1.0,3.0,success
2890,-2.718113660812378,2.3480467796325684,-0.0002970863424707204,0.033628564327955246,0.03362856060266495,1.0,3.0,success
2891,-2.717684268951416,2.347059965133667,-0.0002970286295749247,0.033630866557359695,0.033630866557359695,1.0,3.0,success
2892,-2.717252492904663,2.346074104309082,-0.0002969705674331635,0.033633362501859665,0.033633362501859665,1.0,3.0,success
2893,-2.716818332672119,2.3450894355773926,-0.0002969121851492673,0.03362923488020897,0.03362923115491867,1.0,3.0,success
2894,-2.716381788253784,2.3441057205200195,-0.00029685345361940563,0.03363211825489998,0.03363211452960968,1.0,3.0,success
2895,-2.715942859649658,2.343122959136963,-0.0002967944019474089,0.03363519534468651,0.03363519161939621,1.0,3.0,success
2896,-2.715501546859741,2.3421413898468018,-0.0002967350301332772,0.033631667494773865,0.033631663769483566,1.0,3.0,success
2897,-2.7150580883026123,2.341160774230957,-0.00029667530907317996,0.0336320623755455,0.0336320623755455,1.0,3.0,success
2898,-2.7146122455596924,2.340181350708008,-0.0002966152678709477,0.0336289219558239,0.0336289219558239,1.0,3.0,success
2899,-2.7141642570495605,2.339202880859375,-0.00029655490652658045,0.033629659563302994,0.033629655838012695,1.0,3.0,success
2900,-2.7137138843536377,2.3382256031036377,-0.00029649422504007816,0.03362690657377243,0.03362690657377243,1.0,3.0,success
2901,-2.713261127471924,2.337249279022217,-0.00029643322341144085,0.03363111987709999,0.03363111987709999,1.0,3.0,success
2902,-2.712806463241577,2.3362739086151123,-0.0002963719016406685,0.033629223704338074,0.033629223704338074,1.0,3.0,success
2903,-2.7123494148254395,2.3352999687194824,-0.0002963102306239307,0.03362029418349266,0.03362029418349266,1.0,3.0,success
2904,-2.7118899822235107,2.334326982498169,-0.0002962482685688883,0.03362506628036499,0.03362506628036499,1.0,3.0,success
2905,-2.711428642272949,2.333354949951172,-0.0002961859863717109,0.03362363204360008,0.03362363204360008,1.0,3.0,success
2906,-2.7109649181365967,2.3323841094970703,-0.000296123354928568,0.033622026443481445,0.03362202271819115,1.0,3.0,success
2907,-2.7104990482330322,2.3314144611358643,-0.00029606043244712055,0.033617399632930756,0.03361739590764046,1.0,3.0,success
2908,-2.710031032562256,2.3304460048675537,-0.0002959971607197076,0.033612947911024094,0.033612947911024094,1.0,3.0,success
2909,-2.7095611095428467,2.3294785022735596,-0.0002959335979539901,0.03361211344599724,0.03361211344599724,1.0,3.0,success
2910,-2.7090888023376465,2.328512191772461,-0.00029586971504613757,0.03361126035451889,0.03361126035451889,1.0,3.0,success
2911,-2.7086143493652344,2.327547073364258,-0.00029580548289231956,0.033607322722673416,0.033607322722673416,1.0,3.0,success
2912,-2.7081379890441895,2.326582908630371,-0.000295740959700197,0.033606939017772675,0.033606939017772675,1.0,3.0,success
2913,-2.7076594829559326,2.325620174407959,-0.0002956761163659394,0.03359666094183922,0.03359666094183922,1.0,3.0,success
2914,-2.707178831100464,2.3246583938598633,-0.00029561095288954675,0.03359989821910858,0.03359989821910858,1.0,3.0,success
2915,-2.7066962718963623,2.323697805404663,-0.0002955454692710191,0.03359328955411911,0.03359328955411911,1.0,3.0,success
2916,-2.706211566925049,2.3227384090423584,-0.00029547963640652597,0.03359019011259079,0.03359019011259079,1.0,3.0,success
2917,-2.7057247161865234,2.32177996635437,-0.00029541351250372827,0.033593907952308655,0.033593907952308655,1.0,3.0,success
2918,-2.7052359580993652,2.3208229541778564,-0.000295347097562626,0.03358112648129463,0.03358112648129463,1.0,3.0,success
2919,-2.7047581672668457,2.3198671340942383,-0.00029529660241678357,0.033393312245607376,0.033393312245607376,1.0,-3.0,success
2920,-2.7042829990386963,2.3189096450805664,-0.00029525053105317056,0.03340345621109009,0.03340345621109009,1.0,-3.0,success
2921,-2.7038094997406006,2.317951202392578,-0.00029522590921260417,0.033407021313905716,0.033407021313905716,1.0,-3.0,success
2922,-2.7033379077911377,2.316991090774536,-0.0002952197100967169,0.03342746943235397,0.03342746943235397,1.0,-3.0,success
2923,-2.7028517723083496,2.3160300254821777,-0.0002952048962470144,0.033656906336545944,0.033656906336545944,1.0,3.0,success
2924,-2.702363967895508,2.3150699138641357,-0.00029520614771172404,0.03365390747785568,0.033653903752565384,1.0,3.0,success
2925,-2.7018749713897705,2.3141112327575684,-0.0002951960195787251,0.033630967140197754,0.033630967140197754,1.0,3.0,success
2926,-2.7014000415802,2.3131539821624756,-0.00029519686358980834,0.03339347243309021,0.03339347243309021,1.0,-3.0,success
2927,-2.7009267807006836,2.312195062637329,-0.00029518388328142464,0.03341708704829216,0.03341708704829216,1.0,-3.0,success
2928,-2.7004549503326416,2.311234951019287,-0.00029518528026528656,0.03343075513839722,0.03343075513839722,1.0,-3.0,success
2929,-2.699984073638916,2.3102736473083496,-0.000295199773972854,0.03345107287168503,0.03345107287168503,1.0,-3.0,success
2930,-2.699514627456665,2.3093111515045166,-0.000295224686851725,0.033464912325143814,0.033464912325143814,1.0,-3.0,success
2931,-2.699033498764038,2.308347463607788,-0.0002952420327346772,0.03365987539291382,0.03365987539291382,1.0,3.0,success
2932,-2.6985511779785156,2.307385206222534,-0.00029526397702284157,0.03363656625151634,0.03363656625151634,1.0,3.0,success
2933,-2.698068141937256,2.306424140930176,-0.00029527023434638977,0.03361329808831215,0.03361329808831215,1.0,3.0,success
2934,-2.6975979804992676,2.305464267730713,-0.0002952799841295928,0.03340109437704086,0.03340109437704086,1.0,-3.0,success
2935,-2.6971287727355957,2.3045029640197754,-0.0002952765498775989,0.03342816233634949,0.03342816233634949,1.0,-3.0,success
2936,-2.6966607570648193,2.3035404682159424,-0.0002952856011688709,0.033445339649915695,0.033445339649915695,1.0,-3.0,success
2937,-2.6961796283721924,2.302577018737793,-0.0002952871727757156,0.03365321084856987,0.03365321084856987,1.0,3.0,success
2938,-2.695697069168091,2.301614761352539,-0.000295300007564947,0.033639904111623764,0.033639904111623764,1.0,3.0,success
2939,-2.695213794708252,2.3006536960601807,-0.0002952990180347115,0.03361664339900017,0.03361664339900017,1.0,3.0,success
2940,-2.6947433948516846,2.2996938228607178,-0.0002953029761556536,0.03340437263250351,0.03340437263250351,1.0,-3.0,success
2941,-2.694274425506592,2.2987327575683594,-0.0002952949143946171,0.0334181971848011,0.0334181971848011,1.0,-3.0,success
2942,-2.6938064098358154,2.2977702617645264,-0.0002953002986032516,0.033445339649915695,0.033445339649915695,1.0,-3.0,success
2943,-2.6933393478393555,2.296806812286377,-0.00029531799373216927,0.0334591306746006,0.0334591306746006,1.0,-3.0,success
2944,-2.6928603649139404,2.295841932296753,-0.000295329256914556,0.033663343638181686,0.033663343638181686,1.0,3.0,success
2945,-2.692397117614746,2.2948784828186035,-0.00029537195223383605,0.0334073007106781,0.0334073007106781,1.0,-3.0,success
2946,-2.691918134689331,2.2939136028289795,-0.0002953658695332706,0.033663343638181686,0.033663343638181686,1.0,3.0,success
2947,-2.6914379596710205,2.29295015335083,-0.0002953761431854218,0.03363990783691406,0.03363990783691406,1.0,3.0,success
2948,-2.690972089767456,2.2919881343841553,-0.00029539427487179637,0.03340265899896622,0.03340265527367592,1.0,-3.0,success
2949,-2.690507650375366,2.2910244464874268,-0.00029539476963691413,0.03343017026782036,0.03343017026782036,1.0,-3.0,success
2950,-2.6900439262390137,2.290059804916382,-0.0002954067604150623,0.03344733268022537,0.03344733268022537,1.0,-3.0,success
2951,-2.6895673274993896,2.2890939712524414,-0.0002954110677819699,0.033657003194093704,0.033657003194093704,1.0,3.0,success
2952,-2.68908953666687,2.2881293296813965,-0.0002954255323857069,0.033640120178461075,0.033640120178461075,1.0,3.0,success
2953,-2.6886258125305176,2.287165880203247,-0.00029544689459726214,0.033413760364055634,0.033413760364055634,1.0,-3.0,success
2954,-2.6881635189056396,2.286201238632202,-0.00029545018333010375,0.03342798724770546,0.03342798352241516,1.0,-3.0,success
2955,-2.687702178955078,2.2852354049682617,-0.0002954643568955362,0.033448729664087296,0.033448729664087296,1.0,-3.0,success
2956,-2.687227964401245,2.284268379211426,-0.0002954704104922712,0.03365754336118698,0.03365754336118698,1.0,3.0,success
2957,-2.6867523193359375,2.2833027839660645,-0.00029548609745688736,0.033637143671512604,0.033637139946222305,1.0,3.0,success
2958,-2.6862759590148926,2.2823381423950195,-0.0002954874944407493,0.03362029790878296,0.03362029790878296,1.0,3.0,success
2959,-2.68581223487854,2.281374931335449,-0.0002954929368570447,0.033407047390937805,0.03340704366564751,1.0,-3.0,success
2960,-2.685349702835083,2.2804102897644043,-0.00029548697057180107,0.03343120962381363,0.03343120962381363,1.0,-3.0,success
2961,-2.6848886013031006,2.279444456100464,-0.0002954939263872802,0.03344551846385002,0.03344551473855972,1.0,-3.0,success
2962,-2.6844141483306885,2.278477668762207,-0.00029549357714131474,0.03365413472056389,0.03365413472056389,1.0,3.0,success
2963,-2.6839382648468018,2.2775118350982666,-0.00029550425824709237,0.033647119998931885,0.033647119998931885,1.0,3.0,success
2964,-2.6834769248962402,2.276547431945801,-0.0002955230593215674,0.03340839967131615,0.03340839967131615,1.0,-3.0,success
2965,-2.6830170154571533,2.2755815982818604,-0.0002955246309284121,0.03342948853969574,0.03342948853969574,1.0,-3.0,success
2966,-2.682558298110962,2.2746145725250244,-0.00029553737840615213,0.03344714269042015,0.03344714269042015,1.0,-3.0,success
2967,-2.682086229324341,2.273646354675293,-0.00029554139473475516,0.033661555498838425,0.033661555498838425,1.0,3.0,success
2968,-2.681612730026245,2.272679567337036,-0.0002955555100925267,0.033641017973423004,0.033641014248132706,1.0,3.0,success
2969,-2.6811535358428955,2.271713972091675,-0.0002955769014079124,0.033413153141736984,0.033413153141736984,1.0,-3.0,success
2970,-2.6806957721710205,2.270746946334839,-0.0002955809177365154,0.03343437984585762,0.03343437984585762,1.0,-3.0,success
2971,-2.680239200592041,2.2697789669036865,-0.00029559555696323514,0.033445410430431366,0.03344540670514107,1.0,-3.0,success
2972,-2.679769515991211,2.2688095569610596,-0.00029560105758719146,0.03366249054670334,0.03366249054670334,1.0,3.0,success
2973,-2.6792984008789062,2.2678415775299072,-0.0002956161624751985,0.03364180400967598,0.03364180400967598,1.0,3.0,success
2974,-2.6788413524627686,2.2668747901916504,-0.00029563825228251517,0.03341808542609215,0.03341808542609215,1.0,-3.0,success
2975,-2.6783859729766846,2.265906810760498,-0.0002956431417260319,0.03342953324317932,0.03342953324317932,1.0,-3.0,success
2976,-2.677931785583496,2.26493763923645,-0.00029565845034085214,0.033447422087192535,0.033447422087192535,1.0,-3.0,success
2977,-2.677464485168457,2.263967275619507,-0.0002956643875222653,0.03365692123770714,0.03365692123770714,1.0,3.0,success
2978,-2.6769955158233643,2.262998104095459,-0.0002956796670332551,0.03364604339003563,0.03364604339003563,1.0,3.0,success
2979,-2.676525115966797,2.2620303630828857,-0.0002956808602903038,0.03362532705068588,0.03362532705068588,1.0,3.0,success
2980,-2.676068067550659,2.261063575744629,-0.00029568723402917385,0.03341808542609215,0.03341808542609215,1.0,-3.0,success
2981,-2.675612688064575,2.2600955963134766,-0.0002956823445856571,0.03342953324317932,0.03342953324317932,1.0,-3.0,success
2982,-2.675158739089966,2.2591264247894287,-0.0002956900279968977,0.03344426304101944,0.03344426304101944,1.0,-3.0,success
2983,-2.674706220626831,2.2581560611724854,-0.0002957092074211687,0.03345908224582672,0.03345908224582672,1.0,-3.0,success
2984,-2.674255132675171,2.2571845054626465,-0.00029573749634437263,0.03347399830818176,0.03347399830818176,1.0,-3.0,success
2985,-2.673792600631714,2.256211757659912,-0.0002957568794954568,0.03365980461239815,0.03365980461239815,1.0,3.0,success
2986,-2.673328161239624,2.2552404403686523,-0.0002957792894449085,0.033645108342170715,0.033645108342170715,1.0,3.0,success
2987,-2.6728625297546387,2.254270315170288,-0.0002957862161565572,0.03362760320305824,0.03362760320305824,1.0,3.0,success
2988,-2.672409772872925,2.2533013820648193,-0.0002957971300929785,0.033421728760004044,0.033421725034713745,1.0,-3.0,success
2989,-2.6719589233398438,2.252331018447876,-0.0002957963733933866,0.03343707323074341,0.03343707323074341,1.0,-3.0,success
2990,-2.6715097427368164,2.251359701156616,-0.00029580722912214696,0.0334421768784523,0.0334421768784523,1.0,-3.0,success
2991,-2.671046733856201,2.250387191772461,-0.00029580877162516117,0.03365948051214218,0.03365947678685188,1.0,3.0,success
2992,-2.6705820560455322,2.249415874481201,-0.00029582029674202204,0.03364832326769829,0.03364832326769829,1.0,3.0,success
2993,-2.6701316833496094,2.248445749282837,-0.00029584005824290216,0.03342403843998909,0.03342403843998909,1.0,-3.0,success
2994,-2.6696832180023193,2.247474431991577,-0.0002958439290523529,0.03343280032277107,0.03343280032277107,1.0,-3.0,success
2995,-2.669220209121704,2.246501922607422,-0.00029583636205643415,0.03365948051214218,0.03365947678685188,1.0,3.0,success
2996,-2.668755054473877,2.245530605316162,-0.00029584209551103413,0.03365475684404373,0.03365475311875343,1.0,3.0,success
2997,-2.6682887077331543,2.244560718536377,-0.000295835779979825,0.03363056853413582,0.03363056853413582,1.0,3.0,success
2998,-2.6678357124328613,2.243591785430908,-0.00029583805007860065,0.03342488035559654,0.03342488035559654,1.0,-3.0,success
2999,-2.6673848628997803,2.242621660232544,-0.0002958295517601073,0.033430315554142,0.033430315554142,1.0,-3.0,success
3000,-2.666936159133911,2.241650104522705,-0.0002958342374768108,0.03344269096851349,0.03344269096851349,1.0,-3.0,success
3001,-2.666473150253296,2.24067759513855,-0.00029582923161797225,0.03365948051214218,0.03365947678685188,1.0,3.0,success
3002,-2.666025161743164,2.23970627784729,-0.0002958602271974087,0.03342656046152115,0.03342656046152115,1.0,-3.0,success
3003,-2.665579080581665,2.2387337684631348,-0.00029587335302494466,0.03343549743294716,0.03343549743294716,1.0,-3.0,success
3004,-2.665135145187378,2.237760066986084,-0.000295894977170974,0.033441487699747086,0.033441487699747086,1.0,-3.0,success
3005,-2.6646926403045654,2.236785411834717,-0.00029592489590868354,0.03345010057091713,0.03345010057091713,1.0,-3.0,success
3006,-2.6642370223999023,2.235809326171875,-0.00029594183433800936,0.03366207703948021,0.03366207703948021,1.0,3.0,success
3007,-2.6637792587280273,2.234834671020508,-0.000295964622637257,0.033650029450654984,0.033650029450654984,1.0,3.0,success
3008,-2.6633200645446777,2.233861207962036,-0.00029597210232168436,0.03363535925745964,0.03363535553216934,1.0,3.0,success
3009,-2.6628739833831787,2.23288893699646,-0.000295984442345798,0.033428724855184555,0.033428724855184555,1.0,-3.0,success
3010,-2.6624300479888916,2.2319154739379883,-0.0002959851117338985,0.033434707671403885,0.033434707671403885,1.0,-3.0,success
3011,-2.661987781524658,2.230940818786621,-0.00029599692788906395,0.0334470234811306,0.0334470234811306,1.0,-3.0,success
3012,-2.661531925201416,2.2299649715423584,-0.0002959983830805868,0.033658478409051895,0.033658478409051895,1.0,3.0,success
3013,-2.661073684692383,2.228990316390991,-0.00029600950074382126,0.03365636616945267,0.03365636616945267,1.0,3.0,success
3014,-2.660629987716675,2.2280168533325195,-0.00029602917493321,0.03343161940574646,0.03343161940574646,1.0,-3.0,success
3015,-2.6601884365081787,2.2270421981811523,-0.00029603386064991355,0.03343779221177101,0.03343779221177101,1.0,-3.0,success
3016,-2.6597323417663574,2.2260665893554688,-0.00029602678841911256,0.03365488722920418,0.03365488350391388,1.0,3.0,success
3017,-2.659274101257324,2.2250919342041016,-0.0002960319980047643,0.03365636616945267,0.03365636616945267,1.0,3.0,success
3018,-2.658813714981079,2.224118709564209,-0.00029602544964291155,0.03364453464746475,0.033644530922174454,1.0,3.0,success
3019,-2.65836763381958,2.223146438598633,-0.00029602821450680494,0.033428724855184555,0.033428724855184555,1.0,-3.0,success
3020,-2.657923698425293,2.222172975540161,-0.000296020443784073,0.033434707671403885,0.033434707671403885,1.0,-3.0,success
3021,-2.6574819087982178,2.221198320388794,-0.00029602550785057247,0.03344086557626724,0.03344086557626724,1.0,-3.0,success
3022,-2.6570258140563965,2.2202224731445312,-0.0002960203855764121,0.03366163372993469,0.03366163372993469,1.0,3.0,success
3023,-2.6565845012664795,2.219247817993164,-0.0002960501878987998,0.03343471884727478,0.03343471884727478,1.0,-3.0,success
3024,-2.6561453342437744,2.2182722091674805,-0.0002960635756608099,0.03343429043889046,0.03343429043889046,1.0,-3.0,success
3025,-2.655691623687744,2.2172951698303223,-0.00029606305179186165,0.03366393968462944,0.03366393595933914,1.0,3.0,success
3026,-2.655235767364502,2.2163195610046387,-0.00029607347096316516,0.03365173190832138,0.03365173190832138,1.0,3.0,success
3027,-2.654778003692627,2.2153451442718506,-0.0002960711717605591,0.03364328294992447,0.03364328294992447,1.0,3.0,success
3028,-2.6543338298797607,2.214371919631958,-0.0002960772253572941,0.033431023359298706,0.033431023359298706,1.0,-3.0,success
3029,-2.6538922786712646,2.213397264480591,-0.00029607233591377735,0.03343779221177101,0.03343779221177101,1.0,-3.0,success
3030,-2.6534526348114014,2.212421417236328,-0.0002960795827675611,0.033447202295064926,0.033447202295064926,1.0,-3.0,success
3031,-2.652998924255371,2.211444616317749,-0.00029607649776153266,0.03365718200802803,0.03365718200802803,1.0,3.0,success
3032,-2.65254282951355,2.2104690074920654,-0.00029608409386128187,0.03365488722920418,0.03365488350391388,1.0,3.0,success
3033,-2.6521012783050537,2.2094945907592773,-0.00029610146884806454,0.03343100845813751,0.033431004732847214,1.0,-3.0,success
3034,-2.6516621112823486,2.2085187435150146,-0.00029610443743877113,0.03344108536839485,0.03344108164310455,1.0,-3.0,success
3035,-2.6512248516082764,2.2075419425964355,-0.00029611779609695077,0.033443864434957504,0.033443864434957504,1.0,-3.0,success
3036,-2.650773525238037,2.206563949584961,-0.0002961199206765741,0.0336596854031086,0.0336596854031086,1.0,3.0,success
3037,-2.650319814682007,2.205587148666382,-0.00029613147489726543,0.03365718200802803,0.03365718200802803,1.0,3.0,success
3038,-2.649864435195923,2.2046117782592773,-0.0002961301361210644,0.03363867476582527,0.03363867104053497,1.0,3.0,success
3039,-2.6494226455688477,2.20363712310791,-0.00029613665537908673,0.03344086557626724,0.03344086557626724,1.0,-3.0,success
3040,-2.6489832401275635,2.2026615142822266,-0.00029613234801217914,0.033437348902225494,0.033437348902225494,1.0,-3.0,success
3041,-2.648545742034912,2.2016847133636475,-0.0002961400314234197,0.03344690799713135,0.03344690799713135,1.0,-3.0,success
3042,-2.6481103897094727,2.200706720352173,-0.0002961586869787425,0.03345358371734619,0.03345358371734619,1.0,-3.0,success
3043,-2.6476614475250244,2.199727773666382,-0.00029616616666316986,0.033655621111392975,0.033655621111392975,1.0,3.0,success
3044,-2.647210121154785,2.1987497806549072,-0.0002961810678243637,0.0336596854031086,0.0336596854031086,1.0,3.0,success
3045,-2.646757125854492,2.1977732181549072,-0.0002961824357043952,0.033641014248132706,0.033641014248132706,1.0,3.0,success
3046,-2.646317720413208,2.1967976093292236,-0.00029619046836160123,0.033437348902225494,0.033437348902225494,1.0,-3.0,success
3047,-2.6458804607391357,2.1958210468292236,-0.00029618776170536876,0.03343706578016281,0.03343706578016281,1.0,-3.0,success
3048,-2.6454451084136963,2.194843053817749,-0.0002961966674774885,0.03345358371734619,0.03345358371734619,1.0,-3.0,success
3049,-2.6450116634368896,2.193863868713379,-0.00029621622525155544,0.03346345201134682,0.03346345201134682,1.0,-3.0,success
3050,-2.6445651054382324,2.1928837299346924,-0.00029622530564665794,0.033658526837825775,0.03365852311253548,1.0,3.0,success
3051,-2.6441164016723633,2.1919050216674805,-0.0002962409344036132,0.033645741641521454,0.033645741641521454,1.0,3.0,success
3052,-2.6436657905578613,2.190927267074585,-0.0002962429425679147,0.033643558621406555,0.033643558621406555,1.0,3.0,success
3053,-2.643228530883789,2.189950466156006,-0.00029625074239447713,0.033443864434957504,0.033443864434957504,1.0,-3.0,success
3054,-2.6427934169769287,2.1889727115631104,-0.00029624823946505785,0.03344374895095825,0.03344374895095825,1.0,-3.0,success
3055,-2.642360210418701,2.1879937648773193,-0.00029625726165249944,0.033453624695539474,0.033453620970249176,1.0,-3.0,success
3056,-2.641913414001465,2.187013626098633,-0.000296257552690804,0.0336616151034832,0.0336616151034832,1.0,3.0,success
3057,-2.6414644718170166,2.186034917831421,-0.0002962667203973979,0.03364884853363037,0.03364884853363037,1.0,3.0,success
3058,-2.6410138607025146,2.1850571632385254,-0.0002962635480798781,0.033643558621406555,0.033643558621406555,1.0,3.0,success
3059,-2.6405766010284424,2.1840806007385254,-0.0002962672442663461,0.03343706578016281,0.03343706578016281,1.0,-3.0,success
3060,-2.640141248703003,2.18310284614563,-0.0002962613361887634,0.0334467776119709,0.0334467776119709,1.0,-3.0,success
3061,-2.6397080421447754,2.182123899459839,-0.0002962675935123116,0.033453624695539474,0.033453620970249176,1.0,-3.0,success
3062,-2.639261245727539,2.1811437606811523,-0.00029626587638631463,0.0336616151034832,0.0336616151034832,1.0,3.0,success
3063,-2.638812303543091,2.1801650524139404,-0.0002962734142784029,0.03364884853363037,0.03364884853363037,1.0,3.0,success
3064,-2.638361692428589,2.179187297821045,-0.00029626896139234304,0.033643558621406555,0.033643558621406555,1.0,3.0,success
3065,-2.637909412384033,2.178210735321045,-0.00029625295428559184,0.033631615340709686,0.033631615340709686,1.0,3.0,success
3066,-2.6374552249908447,2.1772353649139404,-0.0002962274884339422,0.03362292796373367,0.03362292796373367,1.0,3.0,success
3067,-2.6369991302490234,2.1762611865997314,-0.00029619436827488244,0.0336143933236599,0.0336143895983696,1.0,3.0,success
3068,-2.6365411281585693,2.175288200378418,-0.0002961550489999354,0.03360600396990776,0.03360600396990776,1.0,3.0,success
3069,-2.6360812187194824,2.174316167831421,-0.0002961106947623193,0.03360448777675629,0.03360448777675629,1.0,3.0,success
3070,-2.6356191635131836,2.1733455657958984,-0.0002960622659884393,0.03359284996986389,0.03359284996986389,1.0,3.0,success
3071,-2.635154962539673,2.1723756790161133,-0.00029601051937788725,0.03360156714916229,0.033601563423871994,1.0,3.0,success
3072,-2.634688377380371,2.1714072227478027,-0.0002959560661111027,0.033593520522117615,0.033593520522117615,1.0,3.0,success
3073,-2.6342196464538574,2.1704399585723877,-0.00029589940095320344,0.03358915075659752,0.03358915075659752,1.0,3.0,success
3074,-2.633748769760132,2.169473648071289,-0.0002958409022539854,0.033591654151678085,0.033591654151678085,1.0,3.0,success
3075,-2.633275270462036,2.168508529663086,-0.0002957809192594141,0.03359418734908104,0.03359418734908104,1.0,3.0,success
3076,-2.6327996253967285,2.1675446033477783,-0.00029571965569630265,0.03359036147594452,0.03359036147594452,1.0,3.0,success
3077,-2.632321357727051,2.166581630706787,-0.00029565737349912524,0.03360001742839813,0.033600013703107834,1.0,3.0,success
3078,-2.631840944290161,2.1656200885772705,-0.0002955941599793732,0.03358989953994751,0.03358989953994751,1.0,3.0,success
3079,-2.6313579082489014,2.1646595001220703,-0.00029553021886385977,0.033599983900785446,0.03359998017549515,1.0,3.0,success
3080,-2.6308727264404297,2.1637003421783447,-0.00029546557925641537,0.03359026461839676,0.03359026461839676,1.0,3.0,success
3081,-2.630384922027588,2.1627421379089355,-0.0002954003575723618,0.03360077738761902,0.03360077366232872,1.0,3.0,success
3082,-2.629894733428955,2.161785125732422,-0.0002953345829155296,0.033601485192775726,0.033601485192775726,1.0,3.0,success
3083,-2.6294021606445312,2.1608293056488037,-0.00029526837170124054,0.03360239788889885,0.03360239416360855,1.0,3.0,success
3084,-2.6289072036743164,2.159874677658081,-0.00029520169482566416,0.03360351547598839,0.03360351547598839,1.0,3.0,success
3085,-2.6284096240997314,2.158921241760254,-0.00029513458139263093,0.03360828757286072,0.03360828757286072,1.0,3.0,success
3086,-2.6279098987579346,2.1579689979553223,-0.0002950671187136322,0.03360637277364731,0.03360637277364731,1.0,3.0,success
3087,-2.6274077892303467,2.157017946243286,-0.0002949992776848376,0.03360811248421669,0.03360810875892639,1.0,3.0,success
3088,-2.6269032955169678,2.1560680866241455,-0.000294931058306247,0.03361005336046219,0.03361005336046219,1.0,3.0,success
3089,-2.626396417617798,2.1551194190979004,-0.0002948625187855214,0.033612210303545,0.0336122065782547,1.0,3.0,success
3090,-2.625887155532837,2.154171943664551,-0.0002947936300188303,0.03361456096172333,0.03361456096172333,1.0,3.0,success
3091,-2.625375509262085,2.153225898742676,-0.0002947244211100042,0.03361057490110397,0.03361057490110397,1.0,3.0,success
3092,-2.624861717224121,2.152280807495117,-0.00029465489205904305,0.033616337925195694,0.033616337925195694,1.0,3.0,success
3093,-2.624345541000366,2.151337146759033,-0.00029458501376211643,0.03361276164650917,0.03361276164650917,1.0,3.0,success
3094,-2.6238269805908203,2.1503946781158447,-0.00029451484442688525,0.03361593931913376,0.03361593931913376,1.0,3.0,success
3095,-2.6233062744140625,2.1494534015655518,-0.00029444435494951904,0.03361571207642555,0.03361571207642555,1.0,3.0,success
3096,-2.6227834224700928,2.1485133171081543,-0.0002943735453300178,0.033615656197071075,0.033615656197071075,1.0,3.0,success
3097,-2.622258186340332,2.1475746631622314,-0.000294302444672212,0.033612918108701706,0.033612918108701706,1.0,3.0,success
3098,-2.6217308044433594,2.146636962890625,-0.0002942309947684407,0.03361973538994789,0.03361973166465759,1.0,3.0,success
3099,-2.621201276779175,2.1457009315490723,-0.0002941592538263649,0.033607251942157745,0.033607251942157745,1.0,3.0,success
3100,-2.620669364929199,2.144765853881836,-0.00029408722184598446,0.03361809253692627,0.03361809253692627,1.0,3.0,success
3101,-2.6201353073120117,2.143832206726074,-0.000294014869723469,0.033612485975027084,0.033612485975027084,1.0,3.0,success
3102,-2.6195993423461914,2.142899751663208,-0.00029394219745881855,0.033609818667173386,0.033609818667173386,1.0,3.0,success
3103,-2.61906099319458,2.1419687271118164,-0.0002938692341558635,0.03360830247402191,0.03360830247402191,1.0,3.0,success
3104,-2.618520736694336,2.1410388946533203,-0.00029379595071077347,0.03360596299171448,0.03360596299171448,1.0,3.0,success
3105,-2.617978096008301,2.1401102542877197,-0.0002937223471235484,0.03361128643155098,0.03361128643155098,1.0,3.0,success
3106,-2.617433547973633,2.1391830444335938,-0.00029364845249801874,0.033602841198444366,0.033602841198444366,1.0,3.0,success
3107,-2.616886854171753,2.1382570266723633,-0.00029357426683418453,0.03360476717352867,0.03360476344823837,1.0,3.0,success
3108,-2.6163382530212402,2.1373324394226074,-0.0002934997610282153,0.03359665349125862,0.03359665349125862,1.0,3.0,success
3109,-2.6157875061035156,2.136409282684326,-0.000293424935080111,0.03359251841902733,0.03359251841902733,1.0,3.0,success
3110,-2.615234613418579,2.1354873180389404,-0.0002933498180937022,0.033594973385334015,0.033594973385334015,1.0,3.0,success
3111,-2.6146798133850098,2.13456654548645,-0.0002932744100689888,0.03359375149011612,0.03359374776482582,1.0,3.0,success
3112,-2.6141231060028076,2.1336472034454346,-0.0002931986819021404,0.033586304634809494,0.033586300909519196,1.0,3.0,success
3113,-2.6135642528533936,2.1327292919158936,-0.00029312263359315693,0.0335828922688961,0.0335828922688961,1.0,3.0,success
3114,-2.6130034923553467,2.131812572479248,-0.0002930462942458689,0.03358214721083641,0.03358214348554611,1.0,3.0,success
3115,-2.612440824508667,2.130897283554077,-0.00029296966386027634,0.03357519581913948,0.03357519581913948,1.0,3.0,success
3116,-2.6118762493133545,2.129983425140381,-0.00029289271333254874,0.03356841206550598,0.03356840834021568,1.0,3.0,success
3117,-2.61130952835083,2.12907075881958,-0.00029281547176651657,0.03357204794883728,0.03357204422354698,1.0,3.0,success
3118,-2.610740900039673,2.128159523010254,-0.00029273791005834937,0.033565595746040344,0.033565595746040344,1.0,3.0,success
3119,-2.610170602798462,2.1272497177124023,-0.0002926600573118776,0.033555351197719574,0.033555351197719574,1.0,3.0,success
3120,-2.609598159790039,2.1263411045074463,-0.0002925818844232708,0.03355948626995087,0.03355948626995087,1.0,3.0,success
3121,-2.6090240478515625,2.125434160232544,-0.00029250342049635947,0.033543236553668976,0.033543236553668976,1.0,3.0,success
3122,-2.608448028564453,2.124528408050537,-0.00029242466553114355,0.03354371711611748,0.03354371339082718,1.0,3.0,success
3123,-2.607870101928711,2.123624086380005,-0.0002923455904237926,0.03353806212544441,0.033538058400154114,1.0,3.0,success
3124,-2.607290267944336,2.1227211952209473,-0.0002922662242781371,0.03353257477283478,0.03353257104754448,1.0,3.0,success
3125,-2.606708526611328,2.121819496154785,-0.000292186567094177,0.03353350982069969,0.03353350982069969,1.0,3.0,success
3126,-2.6061251163482666,2.1209194660186768,-0.0002921065897680819,0.03351803496479988,0.03351803496479988,1.0,3.0,success
3127,-2.6055397987365723,2.120020627975464,-0.00029202632140368223,0.03351926803588867,0.03351926803588867,1.0,3.0,success
3128,-2.604952812194824,2.1191234588623047,-0.00029194573289714754,0.03350410237908363,0.03350410237908363,1.0,3.0,success
3129,-2.6043639183044434,2.118227481842041,-0.0002918648533523083,0.0335056371986866,0.0335056371986866,1.0,3.0,success
3130,-2.6037731170654297,2.117333173751831,-0.00029178368276916444,0.03349488228559494,0.03349488228559494,1.0,3.0,success
3131,-2.6031808853149414,2.1164400577545166,-0.00029170222114771605,0.03348849341273308,0.03348849341273308,1.0,3.0,success
3132,-2.602586507797241,2.1155483722686768,-0.0002916204393841326,0.03348838910460472,0.03348838537931442,1.0,3.0,success
3133,-2.6019904613494873,2.1146583557128906,-0.00029153836658224463,0.03347399830818176,0.03347399830818176,1.0,3.0,success
3134,-2.6013927459716797,2.11376953125,-0.0002914560027420521,0.033472128212451935,0.033472124487161636,1.0,3.0,success
3135,-2.6007933616638184,2.112882375717163,-0.00029137334786355495,0.033458031713962555,0.033458031713962555,1.0,3.0,success
3136,-2.600192070007324,2.1119964122772217,-0.0002912903728429228,0.033460602164268494,0.033460602164268494,1.0,3.0,success
3137,-2.5995891094207764,2.111112117767334,-0.0002912071067839861,0.033446818590164185,0.033446818590164185,1.0,3.0,success
3138,-2.598984479904175,2.110229253768921,-0.0002911235496867448,0.033439334481954575,0.033439330756664276,1.0,3.0,success
3139,-2.5983781814575195,2.1093478202819824,-0.0002910396724473685,0.033431991934776306,0.033431991934776306,1.0,3.0,success
3140,-2.5977699756622314,2.1084678173065186,-0.0002909555332735181,0.03342902287840843,0.03342902287840843,1.0,3.0,success
3141,-2.5971601009368896,2.1075894832611084,-0.00029087107395753264,0.03341585025191307,0.03341585025191307,1.0,3.0,success
3142,-2.5965487957000732,2.1067123413085938,-0.00029078632360324264,0.03341079503297806,0.03341079503297806,1.0,3.0,success
3143,-2.595935583114624,2.105836868286133,-0.00029070128221064806,0.033402182161808014,0.033402182161808014,1.0,3.0,success
3144,-2.595320463180542,2.1049628257751465,-0.0002906159497797489,0.03339984640479088,0.03339984640479088,1.0,3.0,success
3145,-2.5947039127349854,2.104090452194214,-0.0002905303263105452,0.03338298574090004,0.03338298574090004,1.0,3.0,success
3146,-2.594085693359375,2.103219509124756,-0.00029044438269920647,0.033376652747392654,0.033376652747392654,1.0,3.0,success
3147,-2.593465566635132,2.1023499965667725,-0.0002903581771533936,0.03337478265166283,0.03337478265166283,1.0,3.0,success
3148,-2.592844009399414,2.1014819145202637,-0.00029027165146544576,0.03336440026760101,0.03336440026760101,1.0,3.0,success
3149,-2.5922205448150635,2.1006155014038086,-0.0002901848347391933,0.033356789499521255,0.033356789499521255,1.0,3.0,success
3150,-2.5915956497192383,2.099750518798828,-0.0002900977560784668,0.03334667533636093,0.03334667161107063,1.0,3.0,success
3151,-2.5909688472747803,2.0988872051239014,-0.0002900103572756052,0.03333939611911774,0.03333939611911774,1.0,3.0,success
3152,-2.5903406143188477,2.098025321960449,-0.00028992266743443906,0.033329546451568604,0.033329546451568604,1.0,3.0,success
3153,-2.5897104740142822,2.097165107727051,-0.00028983468655496836,0.03332259878516197,0.03332259878516197,1.0,3.0,success
3154,-2.589078664779663,2.096306324005127,-0.00028974644374102354,0.033317431807518005,0.033317431807518005,1.0,3.0,success
3155,-2.5884454250335693,2.0954489707946777,-0.0002896578807849437,0.03330797329545021,0.03330797329545021,1.0,3.0,success
3156,-2.5878102779388428,2.0945932865142822,-0.0002895690267905593,0.03330152481794357,0.033301521092653275,1.0,3.0,success
3157,-2.5871734619140625,2.0937392711639404,-0.0002894798817578703,0.0332908108830452,0.0332908108830452,1.0,3.0,success
3158,-2.5865352153778076,2.0928866863250732,-0.00028939047479070723,0.033281754702329636,0.033281754702329636,1.0,3.0,success
3159,-2.58589506149292,2.0920355319976807,-0.0002893007476814091,0.03328176960349083,0.03328176960349083,1.0,3.0,success
3160,-2.5852532386779785,2.091186285018921,-0.00028921072953380644,0.033265575766563416,0.033265575766563416,1.0,3.0,success
3161,-2.5846097469329834,2.0903384685516357,-0.00028912044945172966,0.03326142579317093,0.03326142579317093,1.0,3.0,success
3162,-2.5839645862579346,2.089492082595825,-0.0002890298783313483,0.03325742110610008,0.03325742110610008,1.0,3.0,success
3163,-2.583317756652832,2.0886473655700684,-0.0002889390161726624,0.03324763849377632,0.03324763849377632,1.0,3.0,success
3164,-2.582669258117676,2.0878043174743652,-0.0002888478629756719,0.03323801979422569,0.03323801979422569,1.0,3.0,success
3165,-2.5820188522338867,2.086962938308716,-0.00028875641874037683,0.03323311731219292,0.03323311731219292,1.0,3.0,success
3166,-2.581367015838623,2.086122989654541,-0.0002886646834667772,0.03322514891624451,0.03322514519095421,1.0,3.0,success
3167,-2.5807132720947266,2.08528470993042,-0.00028857268625870347,0.03322058543562889,0.03322058543562889,1.0,3.0,success
3168,-2.5800580978393555,2.0844480991363525,-0.00028848039801232517,0.03320701792836189,0.033207014203071594,1.0,3.0,success
3169,-2.5794010162353516,2.0836129188537598,-0.0002883878187276423,0.03320865333080292,0.03320864960551262,1.0,3.0,success
3170,-2.578742027282715,2.0827794075012207,-0.00028829494840465486,0.033204611390829086,0.033204611390829086,1.0,3.0,success
3171,-2.5780816078186035,2.0819478034973145,-0.0002882018161471933,0.03318566083908081,0.03318566083908081,1.0,3.0,success
3172,-2.5774192810058594,2.081117630004883,-0.0002881083928514272,0.033187806606292725,0.033187806606292725,1.0,3.0,success
3173,-2.5767552852630615,2.080288887023926,-0.0002880146785173565,0.033185459673404694,0.033185455948114395,1.0,3.0,success
3174,-2.57608962059021,2.0794620513916016,-0.00028792067314498127,0.0331716425716877,0.0331716425716877,1.0,3.0,success
3175,-2.5754220485687256,2.078636884689331,-0.0002878264058381319,0.0331684909760952,0.0331684909760952,1.0,3.0,success
3176,-2.5747528076171875,2.077813148498535,-0.00028773187659680843,0.033166609704494476,0.033166609704494476,1.0,3.0,success
3177,-2.5740816593170166,2.076991319656372,-0.00028763702721334994,0.033158041536808014,0.033158041536808014,1.0,3.0,success
3178,-2.573409080505371,2.0761709213256836,-0.00028754191589541733,0.03315175324678421,0.03315175324678421,1.0,3.0,success
3179,-2.5727343559265137,2.075352191925049,-0.0002874465426430106,0.033154040575027466,0.033154040575027466,1.0,3.0,success
3180,-2.5720579624176025,2.074535369873047,-0.00028735087835229933,0.033141303807497025,0.033141300082206726,1.0,3.0,success
3181,-2.5713796615600586,2.0737199783325195,-0.0002872549230232835,0.03314497321844101,0.03314497321844101,1.0,3.0,success
3182,-2.570699691772461,2.072906255722046,-0.0002871587057597935,0.03313831612467766,0.03313831239938736,1.0,3.0,success
3183,-2.5700178146362305,2.072094440460205,-0.00028706222656182945,0.03313089907169342,0.03313089907169342,1.0,3.0,success
3184,-2.5693342685699463,2.071284055709839,-0.0002869654563255608,0.033130284398794174,0.033130284398794174,1.0,3.0,success
3185,-2.5686488151550293,2.0704755783081055,-0.0002868683950509876,0.033123262226581573,0.033123262226581573,1.0,3.0,success
3186,-2.5679614543914795,2.069668769836426,-0.00028677110094577074,0.033122122287750244,0.033122118562459946,1.0,3.0,success
3187,-2.567272186279297,2.0688633918762207,-0.00028667348669841886,0.0331268310546875,0.0331268310546875,1.0,3.0,success
3188,-2.5665810108184814,2.0680599212646484,-0.0002865756396204233,0.03312040865421295,0.03312040492892265,1.0,3.0,success
3189,-2.565887928009033,2.06725811958313,-0.0002864775015041232,0.03311983495950699,0.03311983495950699,1.0,3.0,success
3190,-2.5651931762695312,2.066458225250244,-0.000286379101453349,0.033108942210674286,0.033108942210674286,1.0,3.0,success
3191,-2.5644962787628174,2.065659761428833,-0.0002862804103642702,0.03311925753951073,0.03311925753951073,1.0,3.0,success
3192,-2.56379771232605,2.0648632049560547,-0.0002861814573407173,0.03310874104499817,0.03310873731970787,1.0,3.0,success
3193,-2.5630970001220703,2.06406831741333,-0.0002860822423826903,0.03311384841799736,0.03311384841799736,1.0,3.0,success
3194,-2.562394380569458,2.063275098800659,-0.0002859827654901892,0.0331142358481884,0.0331142358481884,1.0,3.0,success
3195,-2.561689853668213,2.062483787536621,-0.0002858829975593835,0.03310924768447876,0.03310924768447876,1.0,3.0,success
3196,-2.560983419418335,2.0616939067840576,-0.0002857829676941037,0.03311557695269585,0.03311557695269585,1.0,3.0,success
3197,-2.560274839401245,2.060906171798706,-0.0002856826758943498,0.03311043232679367,0.03311043232679367,1.0,3.0,success
3198,-2.5595643520355225,2.060119867324829,-0.0002855821221601218,0.0331171415746212,0.0331171415746212,1.0,3.0,success
3199,-2.558851957321167,2.059335470199585,-0.0002854813064914197,0.03311298415064812,0.03311298415064812,1.0,3.0,success
3200,-2.5581374168395996,2.0585527420043945,-0.00028538022888824344,0.0331195667386055,0.0331195667386055,1.0,3.0,success
3201,-2.5574209690093994,2.057771682739258,-0.00028527886024676263,0.03312132880091667,0.03312132880091667,1.0,3.0,success
3202,-2.5567023754119873,2.056992530822754,-0.0002851772587746382,0.03312285244464874,0.03312285244464874,1.0,3.0,success
3203,-2.5559818744659424,2.056215286254883,-0.0002850753953680396,0.033119551837444305,0.033119551837444305,1.0,3.0,success
3204,-2.5552592277526855,2.0554397106170654,-0.00028497324092313647,0.03312699869275093,0.03312699869275093,1.0,3.0,success
3205,-2.554534435272217,2.0546658039093018,-0.0002848708536475897,0.03313466161489487,0.03313466161489487,1.0,3.0,success
3206,-2.553807497024536,2.053893804550171,-0.0002847682044375688,0.03313711658120155,0.033137112855911255,1.0,3.0,success
3207,-2.5530786514282227,2.0531234741210938,-0.0002846652641892433,0.03314010053873062,0.03314010053873062,1.0,3.0,success
3208,-2.5523476600646973,2.0523550510406494,-0.0002845620911102742,0.03314301371574402,0.03314300999045372,1.0,3.0,success
3209,-2.55161452293396,2.051588296890259,-0.00028445865609683096,0.033151548355817795,0.033151548355817795,1.0,3.0,success
3210,-2.5508792400360107,2.050823450088501,-0.0002843549591489136,0.0331549346446991,0.0331549346446991,1.0,3.0,success
3211,-2.5501418113708496,2.050060272216797,-0.0002842510293703526,0.03316391259431839,0.03316391259431839,1.0,3.0,success
3212,-2.5494019985198975,2.0492990016937256,-0.00028414680855348706,0.03317295387387276,0.03317295387387276,1.0,3.0,success
3213,-2.5486602783203125,2.048539638519287,-0.00028404235490597785,0.03317185863852501,0.03317185863852501,1.0,3.0,success
3214,-2.5479164123535156,2.0477819442749023,-0.0002839376393239945,0.033181510865688324,0.033181510865688324,1.0,3.0,success
3215,-2.5471701622009277,2.0470261573791504,-0.00028383269091136754,0.03319130837917328,0.03319130837917328,1.0,3.0,success
3216,-2.546421766281128,2.0462722778320312,-0.00028372748056426644,0.03319613263010979,0.03319612890481949,1.0,3.0,success
3217,-2.545671224594116,2.045520067214966,-0.00028362200828269124,0.03320647031068802,0.03320646658539772,1.0,3.0,success
3218,-2.5449182987213135,2.044769763946533,-0.0002835162740666419,0.03321703150868416,0.03321703150868416,1.0,3.0,success
3219,-2.544163227081299,2.0440213680267334,-0.00028341030701994896,0.03322257846593857,0.03322257846593857,1.0,3.0,success
3220,-2.543405771255493,2.0432746410369873,-0.0002833040780387819,0.03323890641331673,0.03323890268802643,1.0,3.0,success
3221,-2.5426461696624756,2.042529821395874,-0.00028319761622697115,0.03324493020772934,0.03324493020772934,1.0,3.0,success
3222,-2.541884422302246,2.0417869091033936,-0.0002830908924806863,0.03325119614601135,0.03325119614601135,1.0,3.0,success
3223,-2.5411200523376465,2.041045904159546,-0.0002829839359037578,0.03326840326189995,0.03326840326189995,1.0,3.0,success
3224,-2.540353536605835,2.040306568145752,-0.0002828767173923552,0.03328035771846771,0.03328035771846771,1.0,3.0,success
3225,-2.5395848751068115,2.03956937789917,-0.00028276926605030894,0.03328220173716545,0.03328220173716545,1.0,3.0,success
3226,-2.538813591003418,2.0388338565826416,-0.00028266155277378857,0.03330538421869278,0.03330538421869278,1.0,3.0,success
3227,-2.5380401611328125,2.038100242614746,-0.000282553635770455,0.03331289812922478,0.03331289812922478,1.0,3.0,success
3228,-2.537264347076416,2.0373685359954834,-0.00028244542772881687,0.03332607075572014,0.03332606703042984,1.0,3.0,success
3229,-2.5364861488342285,2.0366387367248535,-0.00028233701596036553,0.03333950787782669,0.03333950787782669,1.0,3.0,success
3230,-2.53570556640625,2.0359106063842773,-0.0002822283422574401,0.033358294516801834,0.033358294516801834,1.0,3.0,success
3231,-2.5349225997924805,2.035184621810913,-0.000282119435723871,0.03336719051003456,0.03336718678474426,1.0,3.0,success
3232,-2.534137487411499,2.0344605445861816,-0.0002820102672558278,0.03337595611810684,0.03337595611810684,1.0,3.0,success
3233,-2.5333497524261475,2.033738136291504,-0.0002819008950609714,0.033400971442461014,0.033400971442461014,1.0,3.0,success
3234,-2.532559633255005,2.033017873764038,-0.00028179126093164086,0.03341071307659149,0.03341071307659149,1.0,3.0,success
3235,-2.5317671298980713,2.032299280166626,-0.0002816813939716667,0.033430758863687515,0.033430758863687515,1.0,3.0,success
3236,-2.5309722423553467,2.031582832336426,-0.00028157129418104887,0.033441055566072464,0.033441055566072464,1.0,3.0,success
3237,-2.530174732208252,2.0308680534362793,-0.0002814609615597874,0.03346714749932289,0.03346714749932289,1.0,3.0,success
3238,-2.5293750762939453,2.0301554203033447,-0.0002813503670040518,0.033472463488578796,0.033472463488578796,1.0,3.0,success
3239,-2.5285727977752686,2.029444456100464,-0.000281239568721503,0.03349907696247101,0.03349907696247101,1.0,3.0,success
3240,-2.527768135070801,2.028735637664795,-0.0002811285376083106,0.033510517328977585,0.033510517328977585,1.0,3.0,success
3241,-2.526961088180542,2.028028726577759,-0.00028101724456064403,0.033527158200740814,0.033527158200740814,1.0,3.0,success
3242,-2.526151418685913,2.0273237228393555,-0.0002809057477861643,0.033549677580595016,0.033549677580595016,1.0,3.0,success
3243,-2.5253396034240723,2.026620626449585,-0.0002807940181810409,0.03356122598052025,0.03356122598052025,1.0,3.0,success
3244,-2.5245249271392822,2.0259194374084473,-0.00028068205574527383,0.03358994796872139,0.03358994796872139,1.0,3.0,success
3245,-2.5237081050872803,2.0252203941345215,-0.0002805698604788631,0.03359716013073921,0.03359716013073921,1.0,3.0,success
3246,-2.522888660430908,2.0245230197906494,-0.00028045743238180876,0.03362564370036125,0.03362564370036125,1.0,3.0,success
3247,-2.522066593170166,2.0238277912139893,-0.00028034477145411074,0.03364476189017296,0.03364476189017296,1.0,3.0,success
3248,-2.521242618560791,2.023134469985962,-0.0002802329254336655,0.033651888370513916,0.033651888370513916,1.0,3.0,success
3249,-2.520416736602783,2.0224430561065674,-0.00028012265102006495,0.033659227192401886,0.033659227192401886,1.0,3.0,success
3250,-2.519589424133301,2.0217537879943848,-0.0002800116781145334,0.03365055471658707,0.03365055471658707,1.0,3.0,success
3251,-2.5187604427337646,2.021066188812256,-0.00027990006492473185,0.033657319843769073,0.033657319843769073,1.0,3.0,success
3252,-2.5179295539855957,2.020380735397339,-0.00027978786965832114,0.03366050496697426,0.03366050496697426,1.0,3.0,success
3253,-2.5170974731445312,2.0196971893310547,-0.0002796751505229622,0.033651385456323624,0.033651381731033325,1.0,3.0,success
3254,-2.516263484954834,2.0190157890319824,-0.00027956199483014643,0.03365499526262283,0.03365499526262283,1.0,3.0,success
3255,-2.515427827835083,2.018336296081543,-0.00027944843168370426,0.03365776315331459,0.03365776315331459,1.0,3.0,success
3256,-2.5145907402038574,2.0176587104797363,-0.00027933449018746614,0.03365492820739746,0.03365492448210716,1.0,3.0,success
3257,-2.513751983642578,2.0169832706451416,-0.000279220228549093,0.0336533822119236,0.0336533822119236,1.0,3.0,success
3258,-2.512911558151245,2.0163097381591797,-0.0002791056176647544,0.033656712621450424,0.033656712621450424,1.0,3.0,success
3259,-2.5120697021484375,2.0156381130218506,-0.0002789907157421112,0.03365440294146538,0.03365440294146538,1.0,3.0,success
3260,-2.511226177215576,2.0149686336517334,-0.0002788755518849939,0.033653464168310165,0.033653464168310165,1.0,3.0,success
3261,-2.510380983352661,2.014301061630249,-0.00027876009698957205,0.03365735337138176,0.03365735337138176,1.0,3.0,success
3262,-2.5095343589782715,2.0136356353759766,-0.0002786443801596761,0.033650968223810196,0.033650968223810196,1.0,3.0,success
3263,-2.508686065673828,2.012972116470337,-0.00027852843049913645,0.033655229955911636,0.033655229955911636,1.0,3.0,success
3264,-2.507836103439331,2.012310743331909,-0.0002784122189041227,0.03365510702133179,0.03365510329604149,1.0,3.0,success
3265,-2.5069847106933594,2.0116512775421143,-0.00027829574537463486,0.0336538664996624,0.0336538627743721,1.0,3.0,success
3266,-2.506131649017334,2.010993719100952,-0.0002781790681183338,0.03365869075059891,0.03365869075059891,1.0,3.0,success
3267,-2.505276918411255,2.010338306427002,-0.0002780621580313891,0.03365916758775711,0.03365916758775711,1.0,3.0,success
3268,-2.5044209957122803,2.0096850395202637,-0.0002779449860099703,0.03364801034331322,0.03364801034331322,1.0,3.0,success
3269,-2.503563165664673,2.009033679962158,-0.0002778276102617383,0.03365933522582054,0.03365933522582054,1.0,3.0,success
3270,-2.502703905105591,2.0083844661712646,-0.00027771000168286264,0.033654481172561646,0.033654481172561646,1.0,3.0,success
3271,-2.501843214035034,2.007737159729004,-0.0002775921893771738,0.03365429863333702,0.03365429863333702,1.0,3.0,success
3272,-2.500980854034424,2.007091999053955,-0.00027747414424084127,0.03365578502416611,0.03365578502416611,1.0,3.0,success
3273,-2.500117063522339,2.006448745727539,-0.0002773558662738651,0.033655960112810135,0.033655956387519836,1.0,3.0,success
3274,-2.4992518424987793,2.005807876586914,-0.00027723738458007574,0.03364742547273636,0.03364742174744606,1.0,3.0,success
3275,-2.498384952545166,2.0051686763763428,-0.0002771186700556427,0.03365836665034294,0.03365836665034294,1.0,3.0,success
3276,-2.497516393661499,2.0045318603515625,-0.0002769997518043965,0.033656250685453415,0.033656250685453415,1.0,3.0,success
3277,-2.4966466426849365,2.003896951675415,-0.0002768806298263371,0.03365112468600273,0.03365112468600273,1.0,3.0,success
3278,-2.4957752227783203,2.0032641887664795,-0.00027676127501763403,0.03365381807088852,0.03365381807088852,1.0,3.0,success
3279,-2.4949021339416504,2.0026333332061768,-0.00027664171648211777,0.033661093562841415,0.033661093562841415,1.0,3.0,success
3280,-2.494027853012085,2.002004623413086,-0.00027652192511595786,0.03365210443735123,0.03365210443735123,1.0,3.0,success
3281,-2.493151903152466,2.001378059387207,-0.0002764019591268152,0.033655401319265366,0.033655401319265366,1.0,3.0,success
3282,-2.492274522781372,2.00075364112854,-0.0002762817603070289,0.03365284577012062,0.03365284577012062,1.0,3.0,success
3283,-2.4913957118988037,2.000131130218506,-0.0002761613286565989,0.03365479037165642,0.03365478664636612,1.0,3.0,success
3284,-2.4905152320861816,1.9995108842849731,-0.0002760407223831862,0.03365654870867729,0.03365654870867729,1.0,3.0,success
3285,-2.489633560180664,1.9988926649093628,-0.00027591988327912986,0.03365061432123184,0.033650610595941544,1.0,3.0,success
3286,-2.4887502193450928,1.9982765913009644,-0.0002757988404482603,0.03365492448210716,0.033654920756816864,1.0,3.0,success
3287,-2.487865447998047,1.9976625442504883,-0.000275677622994408,0.033655453473329544,0.033655449748039246,1.0,3.0,success
3288,-2.4869792461395264,1.9970506429672241,-0.0002755561436060816,0.03365404158830643,0.03365404158830643,1.0,3.0,success
3289,-2.4860916137695312,1.9964408874511719,-0.00027543448959477246,0.03365282714366913,0.03365282714366913,1.0,3.0,success
3290,-2.4852025508880615,1.995833158493042,-0.0002753126318566501,0.033653903752565384,0.033653903752565384,1.0,3.0,success
3291,-2.484312057495117,1.995227575302124,-0.0002751905703917146,0.03365306183695793,0.03365306183695793,1.0,3.0,success
3292,-2.4834201335906982,1.994624137878418,-0.00027506830519996583,0.033652421087026596,0.033652421087026596,1.0,3.0,success
3293,-2.4825265407562256,1.9940228462219238,-0.00027494580717757344,0.03365814685821533,0.03365814685821533,1.0,3.0,success
3294,-2.4816317558288574,1.9934237003326416,-0.0002748231345321983,0.03365170583128929,0.03365170583128929,1.0,3.0,success
3295,-2.4807355403900146,1.9928265810012817,-0.00027470025816001,0.03365370258688927,0.03365370258688927,1.0,3.0,success
3296,-2.4798378944396973,1.9922316074371338,-0.00027457717806100845,0.03365382179617882,0.03365381807088852,1.0,3.0,success
3297,-2.4789388179779053,1.9916388988494873,-0.00027445389423519373,0.033652085810899734,0.033652085810899734,1.0,3.0,success
3298,-2.4780383110046387,1.9910482168197632,-0.0002743304066825658,0.03365463763475418,0.03365463763475418,1.0,3.0,success
3299,-2.4771363735198975,1.990459680557251,-0.0002742067154031247,0.03365533798933029,0.03365533798933029,1.0,3.0,success
3300,-2.4762330055236816,1.9898732900619507,-0.00027408284950070083,0.033656228333711624,0.033656224608421326,1.0,3.0,success
3301,-2.4753284454345703,1.9892890453338623,-0.0002739587798714638,0.03365105018019676,0.03365105018019676,1.0,3.0,success
3302,-2.4744224548339844,1.9887070655822754,-0.00027383447741158307,0.03365030512213707,0.03365030512213707,1.0,3.0,success
3303,-2.4735147953033447,1.9881271123886108,-0.00027371002943255007,0.03366005793213844,0.033660054206848145,1.0,3.0,success
3304,-2.4726061820983887,1.9875494241714478,-0.0002735853486228734,0.033647142350673676,0.033647142350673676,1.0,3.0,success
3305,-2.471695899963379,1.986973762512207,-0.00027346049319021404,0.03365727514028549,0.03365727514028549,1.0,3.0,success
3306,-2.4707844257354736,1.9864003658294678,-0.00027333543403074145,0.03365102410316467,0.03365102410316467,1.0,3.0,success
3307,-2.4698715209960938,1.9858291149139404,-0.00027321017114445567,0.03365325555205345,0.03365325182676315,1.0,3.0,success
3308,-2.4689571857452393,1.985260009765625,-0.00027308473363518715,0.03365568071603775,0.03365568071603775,1.0,3.0,success
3309,-2.4680416584014893,1.984693169593811,-0.00027295909239910543,0.0336499959230423,0.0336499959230423,1.0,3.0,success
3310,-2.4671247005462646,1.984128475189209,-0.0002728332474362105,0.03365280106663704,0.03365280106663704,1.0,3.0,success
3311,-2.4662063121795654,1.9835659265518188,-0.00027270722785033286,0.0336558036506176,0.0336558036506176,1.0,3.0,success
3312,-2.4652867317199707,1.9830055236816406,-0.000272581004537642,0.03365262970328331,0.03365262970328331,1.0,3.0,success
3313,-2.4643657207489014,1.9824473857879639,-0.0002724546066019684,0.03365407511591911,0.03365407511591911,1.0,3.0,success
3314,-2.463461399078369,1.9819011688232422,-0.00027241199859417975,0.03301500901579857,0.03301500901579857,1.0,-3.0,success
3315,-2.4625585079193115,1.9813525676727295,-0.0002723172365222126,0.033015377819538116,0.033015377819538116,1.0,-3.0,success
3316,-2.4616568088531494,1.9808019399642944,-0.00027226092061027884,0.03301650658249855,0.03301650658249855,1.0,-3.0,success
3317,-2.4607391357421875,1.9802391529083252,-0.00027215448790229857,0.03364063799381256,0.03364063426852226,1.0,3.0,success
3318,-2.459819793701172,1.9796786308288574,-0.000272126286290586,0.033648207783699036,0.033648207783699036,1.0,3.0,success
3319,-2.4588990211486816,1.9791204929351807,-0.000272082892479375,0.03364770486950874,0.033647701144218445,1.0,3.0,success
3320,-2.457977056503296,1.978564739227295,-0.0002720231132116169,0.033641040325164795,0.033641040325164795,1.0,3.0,success
3321,-2.457071304321289,1.9780209064483643,-0.00027203309582546353,0.03301486745476723,0.03301486745476723,1.0,-3.0,success
3322,-2.456166982650757,1.9774749279022217,-0.00027198155294172466,0.03301115706562996,0.03301115706562996,1.0,-3.0,success
3323,-2.45526385307312,1.9769268035888672,-0.0002719598123803735,0.03301401063799858,0.03301401063799858,1.0,-3.0,success
3324,-2.4543445110321045,1.976366639137268,-0.00027188091189600527,0.03364238888025284,0.03364238888025284,1.0,3.0,success
3325,-2.4534242153167725,1.97580885887146,-0.000271876371698454,0.0336291640996933,0.0336291640996933,1.0,3.0,success
3326,-2.452502727508545,1.9752533435821533,-0.0002718517789617181,0.03362443298101425,0.03362443298101425,1.0,3.0,success
3327,-2.451596736907959,1.9747099876403809,-0.0002718852483667433,0.033013589680194855,0.033013585954904556,1.0,-3.0,success
3328,-2.4506921768188477,1.9741644859313965,-0.0002718558826018125,0.033009834587574005,0.033009834587574005,1.0,-3.0,success
3329,-2.449788808822632,1.9736169576644897,-0.0002718519826885313,0.03301072493195534,0.03301072493195534,1.0,-3.0,success
3330,-2.448868989944458,1.9730572700500488,-0.00027178728487342596,0.03364736959338188,0.03364736959338188,1.0,3.0,success
3331,-2.447948694229126,1.9725000858306885,-0.0002717952011153102,0.03361951559782028,0.033619511872529984,1.0,3.0,success
3332,-2.4470276832580566,1.9719452857971191,-0.0002717804745770991,0.033600132912397385,0.033600132912397385,1.0,3.0,success
3333,-2.44610595703125,1.9713927507400513,-0.0002717433962970972,0.033582836389541626,0.033582836389541626,1.0,3.0,success
3334,-2.4451982975006104,1.970852255821228,-0.00027176018920727074,0.03301249071955681,0.03301249071955681,1.0,-3.0,success
3335,-2.444291830062866,1.9703096151351929,-0.0002717225579544902,0.03301488235592842,0.03301488235592842,1.0,-3.0,success
3336,-2.4433867931365967,1.9697648286819458,-0.00027171237161383033,0.0330110639333725,0.0330110639333725,1.0,-3.0,success
3337,-2.442465305328369,1.9692081212997437,-0.0002716427552513778,0.033643681555986404,0.033643681555986404,1.0,3.0,success
3338,-2.4415433406829834,1.968653678894043,-0.0002716471499297768,0.03361990302801132,0.03361990302801132,1.0,3.0,success
3339,-2.4406208992004395,1.9681017398834229,-0.00027162954211235046,0.03359244018793106,0.03359244018793106,1.0,3.0,success
3340,-2.4397127628326416,1.9675617218017578,-0.00027166391373611987,0.033017680048942566,0.033017680048942566,1.0,-3.0,success
3341,-2.4388060569763184,1.9670196771621704,-0.00027163830236531794,0.03301171213388443,0.03301171213388443,1.0,-3.0,success
3342,-2.4379007816314697,1.966475486755371,-0.000271637603873387,0.033007849007844925,0.033007849007844925,1.0,-3.0,success
3343,-2.436979055404663,1.9659192562103271,-0.0002715755545068532,0.03364235535264015,0.03364235535264015,1.0,3.0,success
3344,-2.4360568523406982,1.9653655290603638,-0.00027158649754710495,0.03361477702856064,0.03361477702856064,1.0,3.0,success
3345,-2.435134172439575,1.9648141860961914,-0.00027157418662682176,0.03358927369117737,0.03358927369117737,1.0,3.0,success
3346,-2.4342257976531982,1.9642747640609741,-0.00027161097386851907,0.03301456943154335,0.03301456943154335,1.0,-3.0,success
3347,-2.433318853378296,1.9637333154678345,-0.000271588476607576,0.03300856053829193,0.03300855681300163,1.0,-3.0,success
3348,-2.4323954582214355,1.9631799459457397,-0.00027150599635206163,0.03364097326993942,0.03364097326993942,1.0,3.0,success
3349,-2.431471586227417,1.9626288414001465,-0.0002715005539357662,0.03361744433641434,0.03361744061112404,1.0,3.0,success
3350,-2.4305472373962402,1.9620802402496338,-0.0002714749425649643,0.03359024599194527,0.03359024599194527,1.0,3.0,success
3351,-2.4296371936798096,1.9615435600280762,-0.00027150113601237535,0.033015817403793335,0.033015817403793335,1.0,-3.0,success
3352,-2.4287285804748535,1.961004614830017,-0.0002714700240176171,0.033013373613357544,0.033013369888067245,1.0,-3.0,success
3353,-2.427821159362793,1.9604636430740356,-0.0002714649890549481,0.0330137200653553,0.033013716340065,1.0,-3.0,success
3354,-2.4268975257873535,1.9599107503890991,-0.00027139956364408135,0.033639710396528244,0.033639706671237946,1.0,3.0,success
3355,-2.425973653793335,1.9593603610992432,-0.00027140817837789655,0.03360600024461746,0.033605996519327164,1.0,3.0,success
3356,-2.425049066543579,1.9588122367858887,-0.00027139391750097275,0.03358905389904976,0.03358905017375946,1.0,3.0,success
3357,-2.4241387844085693,1.9582760334014893,-0.0002714280562940985,0.03301466628909111,0.03301466628909111,1.0,-3.0,success
3358,-2.423229932785034,1.9577378034591675,-0.00027140413294546306,0.0330083854496479,0.0330083854496479,1.0,-3.0,success
3359,-2.4223222732543945,1.9571974277496338,-0.00027140488964505494,0.033010587096214294,0.033010587096214294,1.0,-3.0,success
3360,-2.421398162841797,1.956645131111145,-0.00027134406263940036,0.03364293649792671,0.03364293649792671,1.0,3.0,success
3361,-2.42047381401062,1.9560952186584473,-0.00027135663549415767,0.033611178398132324,0.033611178398132324,1.0,3.0,success
3362,-2.4195492267608643,1.95554780960083,-0.00027134548872709274,0.033577658236026764,0.033577658236026764,1.0,3.0,success
3363,-2.4186244010925293,1.9550026655197144,-0.0002713110588956624,0.03354807198047638,0.03354807198047638,1.0,3.0,success
3364,-2.417712450027466,1.9544694423675537,-0.0002713233989197761,0.0330125093460083,0.0330125093460083,1.0,-3.0,success
3365,-2.416801691055298,1.9539340734481812,-0.00027128696092404425,0.03301428630948067,0.03301428630948067,1.0,-3.0,success
3366,-2.4158923625946045,1.9533965587615967,-0.0002712779969442636,0.03300982341170311,0.03300982341170311,1.0,-3.0,success
3367,-2.4149842262268066,1.9528568983078003,-0.0002712939749471843,0.033011969178915024,0.033011969178915024,1.0,-3.0,success
3368,-2.4140772819519043,1.952315092086792,-0.0002713299763854593,0.033014290034770966,0.033014290034770966,1.0,-3.0,success
3369,-2.4131717681884766,1.9517713785171509,-0.00027138195582665503,0.03300656005740166,0.03300656005740166,1.0,-3.0,success
3370,-2.4122672080993652,1.9512255191802979,-0.00027144665364176035,0.03301560878753662,0.03301560878753662,1.0,-3.0,success
3371,-2.4113640785217285,1.950677752494812,-0.00027152145048603415,0.033008214086294174,0.033008214086294174,1.0,-3.0,success
3372,-2.410461902618408,1.9501279592514038,-0.000271604279987514,0.033015649765729904,0.033015649765729904,1.0,-3.0,success
3373,-2.409543991088867,1.9495662450790405,-0.00027160855825059116,0.03362947702407837,0.03362947702407837,1.0,3.0,success
3374,-2.408625841140747,1.9490069150924683,-0.0002716749149840325,0.033597007393836975,0.033597007393836975,1.0,3.0,success
3375,-2.407708168029785,1.9484500885009766,-0.0002717070165090263,0.03354363515973091,0.03354363143444061,1.0,3.0,success
3376,-2.4068028926849365,1.9479055404663086,-0.00027177174342796206,0.03301360830664635,0.03301360830664635,1.0,-3.0,success
3377,-2.4058990478515625,1.9473588466644287,-0.00027177692390978336,0.03300996497273445,0.03300996497273445,1.0,-3.0,success
3378,-2.404996395111084,1.946810007095337,-0.00027180102188140154,0.03301288187503815,0.03301288187503815,1.0,-3.0,success
3379,-2.4040775299072266,1.94624924659729,-0.00027175864670425653,0.033639367669820786,0.033639367669820786,1.0,3.0,success
3380,-2.403158664703369,1.9456908702850342,-0.0002717869938351214,0.033600613474845886,0.033600613474845886,1.0,3.0,success
3381,-2.4022395610809326,1.9451348781585693,-0.00027178850723430514,0.033568356186151505,0.033568356186151505,1.0,3.0,success
3382,-2.401333808898926,1.9445910453796387,-0.00027183161000721157,0.03301486745476723,0.03301486745476723,1.0,-3.0,success
3383,-2.4004294872283936,1.944045066833496,-0.00027181734913028777,0.03301115706562996,0.03301115706562996,1.0,-3.0,success
3384,-2.399526357650757,1.9434970617294312,-0.00027182584744878113,0.03301208093762398,0.03301208093762398,1.0,-3.0,success
3385,-2.3986072540283203,1.9429370164871216,-0.00027177107403986156,0.03363409265875816,0.03363409265875816,1.0,3.0,success
3386,-2.3976876735687256,1.942379355430603,-0.0002717887982726097,0.033608123660087585,0.033608123660087585,1.0,3.0,success
3387,-2.3967678546905518,1.9418240785598755,-0.00027178178424946964,0.03357592597603798,0.03357592597603798,1.0,3.0,success
3388,-2.3958616256713867,1.9412808418273926,-0.0002718204341363162,0.03301806375384331,0.03301806375384331,1.0,-3.0,success
3389,-2.3949568271636963,1.9407355785369873,-0.00027180102188140154,0.03301237151026726,0.03301237151026726,1.0,-3.0,success
3390,-2.394035816192627,1.9401782751083374,-0.00027172104455530643,0.03364056721329689,0.03364056721329689,1.0,3.0,success
3391,-2.3931143283843994,1.9396233558654785,-0.00027171772671863437,0.03361482173204422,0.03361481800675392,1.0,3.0,success
3392,-2.3921923637390137,1.9390708208084106,-0.0002716937742661685,0.03358922526240349,0.03358922526240349,1.0,3.0,success
3393,-2.391284704208374,1.9385303258895874,-0.0002717212191782892,0.03301249071955681,0.03301249071955681,1.0,-3.0,success
3394,-2.39037823677063,1.9379876852035522,-0.0002716911840252578,0.03301488235592842,0.03301488235592842,1.0,-3.0,success
3395,-2.3894731998443604,1.9374428987503052,-0.00027168699307367206,0.0330110639333725,0.0330110639333725,1.0,-3.0,success
3396,-2.388551950454712,1.9368860721588135,-0.0002716221788432449,0.03363922983407974,0.03363922983407974,1.0,3.0,success
3397,-2.387629985809326,1.9363317489624023,-0.00027163070626556873,0.033617984503507614,0.033617984503507614,1.0,3.0,success
3398,-2.3867075443267822,1.9357798099517822,-0.0002716163289733231,0.03359244018793106,0.03359244018793106,1.0,3.0,success
3399,-2.3857996463775635,1.9352397918701172,-0.0002716524468269199,0.03301127627491951,0.03301127254962921,1.0,-3.0,success
3400,-2.3848929405212402,1.9346977472305298,-0.00027162881451658905,0.03301171213388443,0.03301171213388443,1.0,-3.0,success
3401,-2.3839874267578125,1.9341535568237305,-0.0002716297167353332,0.03301423415541649,0.03301423415541649,1.0,-3.0,success
3402,-2.383065700531006,1.933597445487976,-0.00027156894793733954,0.033640433102846146,0.033640433102846146,1.0,3.0,success
3403,-2.382143497467041,1.9330435991287231,-0.00027158038574270904,0.033616695553064346,0.033616695553064346,1.0,3.0,success
3404,-2.381220579147339,1.9324922561645508,-0.00027156833675689995,0.03359567001461983,0.03359567001461983,1.0,3.0,success
3405,-2.380312204360962,1.931952953338623,-0.0002716071030590683,0.033012665808200836,0.033012665808200836,1.0,-3.0,success
3406,-2.3794050216674805,1.9314115047454834,-0.0002715851296670735,0.03301495313644409,0.03301495313644409,1.0,-3.0,success
3407,-2.37848162651062,1.9308581352233887,-0.0002715029986575246,0.03364097326993942,0.03364097326993942,1.0,3.0,success
3408,-2.3775575160980225,1.930307149887085,-0.0002714966831263155,0.033621933311223984,0.033621933311223984,1.0,3.0,success
3409,-2.3766324520111084,1.9297585487365723,-0.00027147025684826076,0.03360946848988533,0.03360946848988533,1.0,3.0,success
3410,-2.375722646713257,1.929221749305725,-0.0002714994188863784,0.033011291176080704,0.033011291176080704,1.0,-3.0,success
3411,-2.374814033508301,1.9286829233169556,-0.00027146845241077244,0.03301146999001503,0.03301146999001503,1.0,-3.0,success
3412,-2.3739066123962402,1.9281419515609741,-0.0002714634465519339,0.0330137200653553,0.033013716340065,1.0,-3.0,success
3413,-2.372982978820801,1.9275891780853271,-0.00027139802114106715,0.033637795597314835,0.033637795597314835,1.0,3.0,success
3414,-2.372058391571045,1.9270386695861816,-0.0002714047732297331,0.03362710773944855,0.03362710773944855,1.0,3.0,success
3415,-2.3711330890655518,1.9264906644821167,-0.0002713888534344733,0.033606380224227905,0.033606380224227905,1.0,3.0,success
3416,-2.370222806930542,1.9259544610977173,-0.00027142741600982845,0.03301466628909111,0.03301466628909111,1.0,-3.0,success
3417,-2.3693137168884277,1.9254162311553955,-0.00027140346355736256,0.03301479294896126,0.03301479294896126,1.0,-3.0,success
3418,-2.368406057357788,1.9248758554458618,-0.00027140407473780215,0.033010587096214294,0.033010587096214294,1.0,-3.0,success
3419,-2.3674819469451904,1.9243236780166626,-0.00027134307310916483,0.0336410254240036,0.0336410254240036,1.0,3.0,success
3420,-2.3665568828582764,1.9237737655639648,-0.0002713530557230115,0.033630385994911194,0.033630385994911194,1.0,3.0,success
3421,-2.365631103515625,1.9232263565063477,-0.00027133969706483185,0.033609721809625626,0.033609721809625626,1.0,3.0,success
3422,-2.3647043704986572,1.9226813316345215,-0.00027130337548442185,0.033597543835639954,0.033597543835639954,1.0,3.0,success
3423,-2.363776445388794,1.9221385717391968,-0.0002712483692448586,0.03359387069940567,0.03359387069940567,1.0,3.0,success
3424,-2.3628475666046143,1.921598196029663,-0.00027117831632494926,0.03358207270503044,0.03358207270503044,1.0,3.0,success
3425,-2.3619329929351807,1.9210695028305054,-0.0002711702254600823,0.033012211322784424,0.033012211322784424,1.0,-3.0,success
3426,-2.3610196113586426,1.9205385446548462,-0.00027111274539493024,0.033015478402376175,0.033015478402376175,1.0,-3.0,success
3427,-2.3600897789001465,1.919995903968811,-0.0002710026456043124,0.0336434543132782,0.0336434543132782,1.0,3.0,success
3428,-2.359158754348755,1.919455647468567,-0.00027097156271338463,0.033638179302215576,0.03363817557692528,1.0,3.0,success
3429,-2.3582262992858887,1.9189176559448242,-0.00027092505479231477,0.03364142030477524,0.03364142030477524,1.0,3.0,success
3430,-2.357292413711548,1.918382167816162,-0.0002708620741032064,0.03364117071032524,0.03364116698503494,1.0,3.0,success
3431,-2.3563573360443115,1.917848825454712,-0.000270785647444427,0.033640217036008835,0.033640217036008835,1.0,3.0,success
3432,-2.355438709259033,1.9173270463943481,-0.0002707820967771113,0.033014681190252304,0.033014681190252304,1.0,-3.0,success
3433,-2.3545212745666504,1.9168031215667725,-0.0002707201929297298,0.03301549702882767,0.03301549702882767,1.0,-3.0,success
3434,-2.353605270385742,1.9162770509719849,-0.00027069050702266395,0.033010028302669525,0.033010028302669525,1.0,-3.0,success
3435,-2.352672815322876,1.9157392978668213,-0.0002706056402530521,0.033637698739767075,0.033637698739767075,1.0,3.0,success
3436,-2.351738691329956,1.9152039289474487,-0.00027059426065534353,0.03364577889442444,0.03364577889442444,1.0,3.0,success
3437,-2.3508212566375732,1.9146802425384521,-0.0002706480154301971,0.03301180154085159,0.03301180154085159,1.0,-3.0,success
3438,-2.3498871326446533,1.9141451120376587,-0.0002705473161768168,0.03364207595586777,0.03364207595586777,1.0,3.0,success
3439,-2.348951578140259,1.9136122465133667,-0.00027051958022639155,0.033645786345005035,0.03364578261971474,1.0,3.0,success
3440,-2.3480145931243896,1.9130818843841553,-0.0002704754297155887,0.033646032214164734,0.033646032214164734,1.0,3.0,success
3441,-2.347076177597046,1.9125537872314453,-0.0002704141952563077,0.033650174736976624,0.033650171011686325,1.0,3.0,success
3442,-2.3461546897888184,1.9120371341705322,-0.00027042426518164575,0.03301382064819336,0.03301382064819336,1.0,-3.0,success
3443,-2.3452343940734863,1.9115183353424072,-0.0002703722275327891,0.0330142043530941,0.0330142043530941,1.0,-3.0,success
3444,-2.344315528869629,1.9109973907470703,-0.0002703504578676075,0.03300829231739044,0.03300828859210014,1.0,-3.0,success
3445,-2.3433799743652344,1.910464882850647,-0.00027027190662920475,0.03364025428891182,0.03364025428891182,1.0,3.0,success
3446,-2.342442750930786,1.9099347591400146,-0.0002702652127481997,0.03364884853363037,0.03364884853363037,1.0,3.0,success
3447,-2.3415043354034424,1.909407138824463,-0.0002702381752897054,0.03364286944270134,0.03364286571741104,1.0,3.0,success
3448,-2.340564489364624,1.9088817834854126,-0.0002701906778384,0.03364725038409233,0.03364725038409233,1.0,3.0,success
3449,-2.3396413326263428,1.9083679914474487,-0.00027021218556910753,0.033015746623277664,0.033015746623277664,1.0,-3.0,success
3450,-2.338719606399536,1.9078519344329834,-0.00027016911190003157,0.033011212944984436,0.033011212944984436,1.0,-3.0,success
3451,-2.337799072265625,1.9073337316513062,-0.00027015453088097274,0.033011555671691895,0.033011555671691895,1.0,-3.0,success
3452,-2.3368618488311768,1.906804084777832,-0.00027008174220100045,0.0336415134370327,0.0336415134370327,1.0,3.0,success
3453,-2.335923194885254,1.906276822090149,-0.0002700795012060553,0.03364388644695282,0.03364388644695282,1.0,3.0,success
3454,-2.3349831104278564,1.9057520627975464,-0.0002700559562072158,0.0336446687579155,0.0336446687579155,1.0,3.0,success
3455,-2.334059715270996,1.9052387475967407,-0.0002700965851545334,0.033015016466379166,0.033015016466379166,1.0,-3.0,success
3456,-2.3331377506256104,1.9047232866287231,-0.00027006916934624314,0.03300862014293671,0.03300862014293671,1.0,-3.0,success
3457,-2.332216739654541,1.9042056798934937,-0.00027006713207811117,0.0330154113471508,0.0330154113471508,1.0,-3.0,success
3458,-2.3312795162200928,1.9036765098571777,-0.0002700042678043246,0.033634185791015625,0.03363418206572533,1.0,3.0,success
3459,-2.3303403854370117,1.9031498432159424,-0.00027001011767424643,0.03364776447415352,0.03364776447415352,1.0,3.0,success
3460,-2.329400062561035,1.9026256799697876,-0.00026999303372576833,0.03364210203289986,0.03364210203289986,1.0,3.0,success
3461,-2.3284764289855957,1.9021129608154297,-0.0002700381737668067,0.03301248326897621,0.03301248326897621,1.0,-3.0,success
3462,-2.3275539875030518,1.9015980958938599,-0.00027001489070244133,0.033012546598911285,0.033012546598911285,1.0,-3.0,success
3463,-2.32661509513855,1.9010717868804932,-0.000269931711954996,0.03363580256700516,0.03363580256700516,1.0,3.0,success
3464,-2.325674533843994,1.900547981262207,-0.000269920943537727,0.033643171191215515,0.033643171191215515,1.0,3.0,success
3465,-2.3247323036193848,1.900026559829712,-0.0002698904136195779,0.03365260735154152,0.03365260735154152,1.0,3.0,success
3466,-2.3238072395324707,1.8995164632797241,-0.000269925658358261,0.03301192447543144,0.03301192447543144,1.0,-3.0,success
3467,-2.322883367538452,1.899004340171814,-0.0002698937605600804,0.03300996497273445,0.03300996497273445,1.0,-3.0,success
3468,-2.3219428062438965,1.898480772972107,-0.00026980374241247773,0.03363954648375511,0.03363954648375511,1.0,3.0,success
3469,-2.321000576019287,1.897959589958191,-0.0002697872696444392,0.033649004995822906,0.033649004995822906,1.0,3.0,success
3470,-2.320075273513794,1.8974499702453613,-0.0002698379394132644,0.03301125764846802,0.03301125764846802,1.0,-3.0,success
3471,-2.3191330432891846,1.8969290256500244,-0.0002697343297768384,0.033645398914813995,0.0336453951895237,1.0,3.0,success
3472,-2.3181893825531006,1.896410346031189,-0.000269703334197402,0.03365037590265274,0.03365037590265274,1.0,3.0,success
3473,-2.317244291305542,1.895894169807434,-0.00026965694269165397,0.033651988953351974,0.033651985228061676,1.0,3.0,success
3474,-2.3163163661956787,1.8953893184661865,-0.00026967941084876657,0.03301159664988518,0.03301159664988518,1.0,-3.0,success
3475,-2.315389633178711,1.8948822021484375,-0.00026963697746396065,0.03301279619336128,0.03301279619336128,1.0,-3.0,success
3476,-2.3144643306732178,1.8943729400634766,-0.0002696230076253414,0.03300586715340614,0.03300586715340614,1.0,-3.0,success
3477,-2.313539981842041,1.8938615322113037,-0.00026963537675328553,0.03301217034459114,0.03301217034459114,1.0,-3.0,success
3478,-2.3126168251037598,1.893347978591919,-0.00026966887526214123,0.03301212564110756,0.03301212564110756,1.0,-3.0,success
3479,-2.3116769790649414,1.8928231000900269,-0.00026963447453454137,0.03363998234272003,0.03363998234272003,1.0,3.0,success
3480,-2.3107359409332275,1.8923007249832153,-0.0002696634328458458,0.03363447263836861,0.03363447263836861,1.0,3.0,success
3481,-2.309793710708618,1.8917807340621948,-0.0002696648589335382,0.033630989491939545,0.033630985766649246,1.0,3.0,success
3482,-2.3088676929473877,1.8912723064422607,-0.00026972295017912984,0.03301289305090904,0.03301289305090904,1.0,-3.0,success
3483,-2.3079428672790527,1.8907616138458252,-0.00026971142506226897,0.03301439806818962,0.03301439806818962,1.0,-3.0,success
3484,-2.3070194721221924,1.8902488946914673,-0.00026972219347953796,0.0330059677362442,0.0330059677362442,1.0,-3.0,success
3485,-2.3060970306396484,1.8897340297698975,-0.00026975423679687083,0.033012546598911285,0.033012546598911285,1.0,-3.0,success
3486,-2.3051581382751465,1.8892078399658203,-0.0002697186719160527,0.03363398090004921,0.03363397717475891,1.0,3.0,success
3487,-2.3042354583740234,1.8886932134628296,-0.0002698312164284289,0.0330154187977314,0.0330154187977314,1.0,-3.0,success
3488,-2.303314208984375,1.8881765604019165,-0.00026986614102497697,0.03300732001662254,0.03300732001662254,1.0,-3.0,success
3489,-2.302393913269043,1.887657880783081,-0.00026991404592990875,0.033012375235557556,0.033012375235557556,1.0,-3.0,success
3490,-2.3014748096466064,1.8871371746063232,-0.0002699756878428161,0.03301110118627548,0.033011097460985184,1.0,-3.0,success
3491,-2.3005568981170654,1.8866143226623535,-0.0002700484183151275,0.03301182761788368,0.03301182761788368,1.0,-3.0,success
3492,-2.29964017868042,1.886089563369751,-0.0002701299963518977,0.033009033650159836,0.033009033650159836,1.0,-3.0,success
3493,-2.29872465133667,1.8855626583099365,-0.000270218588411808,0.03301010653376579,0.03301010653376579,1.0,-3.0,success
3494,-2.2978103160858154,1.8850338459014893,-0.000270312768407166,0.033007629215717316,0.03300762549042702,1.0,-3.0,success
3495,-2.2968969345092773,1.8845031261444092,-0.0002704113721847534,0.03301173448562622,0.03301173448562622,1.0,-3.0,success
3496,-2.2959847450256348,1.8839702606201172,-0.0002705134975258261,0.03301330283284187,0.03301330283284187,1.0,-3.0,success
3497,-2.295073986053467,1.8834354877471924,-0.00027061838773079216,0.03300485014915466,0.033004846423864365,1.0,-3.0,success
3498,-2.2941641807556152,1.8828988075256348,-0.0002707254607230425,0.033009398728609085,0.03300939500331879,1.0,-3.0,success
3499,-2.29325532913208,1.8823601007461548,-0.00027083425084128976,0.03301597759127617,0.03301597759127617,1.0,-3.0,success
3500,-2.2923479080200195,1.881819486618042,-0.00027094437973573804,0.03300799801945686,0.03300799801945686,1.0,-3.0,success
3501,-2.2914416790008545,1.8812769651412964,-0.00027105555636808276,0.03300657495856285,0.03300657495856285,1.0,-3.0,success
3502,-2.290536403656006,1.8807324171066284,-0.0002711675188038498,0.03301360830664635,0.03301360830664635,1.0,-3.0,success
3503,-2.289632558822632,1.8801859617233276,-0.0002712801215238869,0.03300610929727554,0.033006105571985245,1.0,-3.0,success
3504,-2.288729667663574,1.8796374797821045,-0.00027139316080138087,0.033013444393873215,0.033013444393873215,1.0,-3.0,success
3505,-2.287827968597412,1.879087209701538,-0.00027150652022100985,0.033010683953762054,0.033010683953762054,1.0,-3.0,success
3506,-2.2869274616241455,1.8785349130630493,-0.00027162014157511294,0.03301195800304413,0.03301195800304413,1.0,-3.0,success
3507,-2.2860283851623535,1.8779807090759277,-0.0002717339084483683,0.03300509601831436,0.03300509601831436,1.0,-3.0,success
3508,-2.285130262374878,1.8774245977401733,-0.00027184776263311505,0.033011067658662796,0.033011067658662796,1.0,-3.0,success
3509,-2.284233331680298,1.8768664598464966,-0.0002719616750255227,0.03301281854510307,0.03301281854510307,1.0,-3.0,success
3510,-2.2833375930786133,1.8763065338134766,-0.0002720756165217608,0.033010780811309814,0.033010777086019516,1.0,-3.0,success
3511,-2.2824599742889404,1.875734806060791,-0.0002682484046090394,0.032732073217630386,0.03273185342550278,1.0,-3.0,success
3512,-2.2815663814544678,1.8751708269119263,-0.00026889576110988855,0.03302137181162834,0.03302136808633804,1.0,-3.0,success
3513,-2.2806742191314697,1.8746049404144287,-0.0002696807205211371,0.03301546722650528,0.03301545977592468,1.0,-3.0,success
3514,-2.279783010482788,1.8740371465682983,-0.0002703437930904329,0.03302229195833206,0.033022284507751465,1.0,-3.0,success
3515,-2.27889347076416,1.8734674453735352,-0.00027089743525721133,0.03301042318344116,0.033010419458150864,1.0,-3.0,success
3516,-2.2780048847198486,1.8728958368301392,-0.00027136289281770587,0.033017538487911224,0.033017534762620926,1.0,-3.0,success
3517,-2.2771177291870117,1.8723222017288208,-0.0002717578026931733,0.033014293760061264,0.033014290034770966,1.0,-3.0,success
3518,-2.2762317657470703,1.8717467784881592,-0.0002720962220337242,0.033013418316841125,0.033013418316841125,1.0,-3.0,success
3519,-2.2753469944000244,1.8711694478988647,-0.0002723894140217453,0.03301471844315529,0.03301471844315529,1.0,-3.0,success
3520,-2.274463653564453,1.8705902099609375,-0.00027264642994850874,0.033009935170412064,0.033009935170412064,1.0,-3.0,success
3521,-2.2735812664031982,1.8700090646743774,-0.0002728744875639677,0.03301776200532913,0.03301776200532913,1.0,-3.0,success
3522,-2.272700309753418,1.8694260120391846,-0.0002730793203227222,0.033013299107551575,0.033013299107551575,1.0,-3.0,success
3523,-2.2718207836151123,1.8688411712646484,-0.00027326555573381484,0.0330069363117218,0.0330069363117218,1.0,-3.0,success
3524,-2.270942211151123,1.86825430393219,-0.00027343686087988317,0.03301725909113884,0.03301725909113884,1.0,-3.0,success
3525,-2.2700650691986084,1.8676656484603882,-0.00027359623345546424,0.03301120176911354,0.03301120176911354,1.0,-3.0,success
3526,-2.2691891193389893,1.8670750856399536,-0.00027374603087082505,0.03301355615258217,0.03301355615258217,1.0,-3.0,success
3527,-2.2683145999908447,1.8664826154708862,-0.00027388808666728437,0.03300989791750908,0.03300989419221878,1.0,-3.0,success
3528,-2.2674412727355957,1.8658883571624756,-0.00027402397245168686,0.033010464161634445,0.03301046043634415,1.0,-3.0,success
3529,-2.266569137573242,1.8652920722961426,-0.0002741548523772508,0.033015377819538116,0.03301537409424782,1.0,-3.0,success
3530,-2.2656984329223633,1.8646941184997559,-0.0002742817159742117,0.03300797566771507,0.03300797566771507,1.0,-3.0,success
3531,-2.26482892036438,1.8640941381454468,-0.00027440531994216144,0.033013202250003815,0.033013202250003815,1.0,-3.0,success
3532,-2.263960599899292,1.8634923696517944,-0.0002745263045653701,0.033014342188835144,0.033014342188835144,1.0,-3.0,success
3533,-2.2630937099456787,1.8628886938095093,-0.0002746451355051249,0.03301163762807846,0.03301163762807846,1.0,-3.0,success
3534,-2.262228012084961,1.8622832298278809,-0.0002747622493188828,0.03301306813955307,0.03301306813955307,1.0,-3.0,success
3535,-2.2613637447357178,1.8616758584976196,-0.00027487793704494834,0.033010680228471756,0.033010680228471756,1.0,-3.0,success
3536,-2.26050066947937,1.8610666990280151,-0.00027499243151396513,0.03301239758729935,0.03301239758729935,1.0,-3.0,success
3537,-2.259639024734497,1.8604556322097778,-0.0002751059364527464,0.0330103300511837,0.0330103263258934,1.0,-3.0,success
3538,-2.2587785720825195,1.8598427772521973,-0.0002752186555881053,0.03301233425736427,0.03301233425736427,1.0,-3.0,success
3539,-2.2579193115234375,1.8592280149459839,-0.00027533070533536375,0.033016644418239594,0.033016644418239594,1.0,-3.0,success
3540,-2.25706148147583,1.8586114645004272,-0.0002754421439021826,0.03301288187503815,0.03301288187503815,1.0,-3.0,success
3541,-2.2562050819396973,1.8579930067062378,-0.0002755531168077141,0.03301145136356354,0.03301145136356354,1.0,-3.0,success
3542,-2.25534987449646,1.857372760772705,-0.0002756636531557888,0.03301403298974037,0.03301403298974037,1.0,-3.0,success
3543,-2.2544960975646973,1.8567506074905396,-0.00027577378205023706,0.03301292285323143,0.03301292285323143,1.0,-3.0,success
3544,-2.25364351272583,1.8561267852783203,-0.00027588361990638077,0.03301359340548515,0.03301359340548515,1.0,-3.0,success
3545,-2.2527923583984375,1.8555009365081787,-0.000275993108516559,0.03301500529050827,0.03301500156521797,1.0,-3.0,success
3546,-2.2519426345825195,1.8548734188079834,-0.0002761023642960936,0.033009957522153854,0.033009957522153854,1.0,-3.0,success
3547,-2.251094102859497,1.8542439937591553,-0.0002762113290373236,0.03301547095179558,0.03301547095179558,1.0,-3.0,success
3548,-2.250247001647949,1.8536127805709839,-0.0002763200900517404,0.033012934029102325,0.033012934029102325,1.0,-3.0,success
3549,-2.249401330947876,1.8529797792434692,-0.0002764285891316831,0.03301055729389191,0.03301055729389191,1.0,-3.0,success
3550,-2.2485568523406982,1.8523449897766113,-0.0002765368844848126,0.03301428630948067,0.03301428630948067,1.0,-3.0,success
3551,-2.247713804244995,1.8517082929611206,-0.0002766450052149594,0.0330144502222538,0.0330144502222538,1.0,-3.0,success
3552,-2.2468721866607666,1.8510699272155762,-0.0002767528931144625,0.03301027789711952,0.03301027789711952,1.0,-3.0,success
3553,-2.246030330657959,1.8504284620285034,-0.0002768517006188631,0.03307483345270157,0.03307483345270157,1.0,-3.0,success
3554,-2.2451910972595215,1.849776029586792,-0.0002769397397059947,0.03321892023086548,0.03321892023086548,1.0,-3.0,success
3555,-2.244352102279663,1.849119782447815,-0.00027704343665391207,0.03328635171055794,0.03328635171055794,1.0,-3.0,success
3556,-2.2435126304626465,1.8484615087509155,-0.0002771530707832426,0.03333713114261627,0.03333713114261627,1.0,-3.0,success
3557,-2.2426726818084717,1.8478012084960938,-0.00027726436383090913,0.033387959003448486,0.033387959003448486,1.0,-3.0,success
3558,-2.2418322563171387,1.8471388816833496,-0.0002773768501356244,0.03343883901834488,0.03343883529305458,1.0,-3.0,success
3559,-2.2409911155700684,1.846474528312683,-0.00027749018045142293,0.03349561244249344,0.03349561244249344,1.0,-3.0,success
3560,-2.240149736404419,1.8458081483840942,-0.0002776042092591524,0.033540744334459305,0.033540744334459305,1.0,-3.0,success
3561,-2.2393076419830322,1.845139741897583,-0.00027771873283199966,0.03359760344028473,0.03359760344028473,1.0,-3.0,success
3562,-2.2384653091430664,1.844469428062439,-0.0002778346242848784,0.03364052250981331,0.03364051878452301,1.0,-3.0,success
3563,-2.2376246452331543,1.8437970876693726,-0.0002779571805149317,0.033639244735240936,0.033639244735240936,1.0,-3.0,success
3564,-2.236785411834717,1.8431227207183838,-0.00027807868900708854,0.03364397957921028,0.03364397957921028,1.0,-3.0,success
3565,-2.235947608947754,1.8424465656280518,-0.00027820648392662406,0.033644210547208786,0.033644210547208786,1.0,3.0,success
3566,-2.23511004447937,1.8417729139328003,-0.00027828599559143186,0.033589329570531845,0.033589329570531845,1.0,3.0,success
3567,-2.2342729568481445,1.8411015272140503,-0.0002783278177957982,0.03353338688611984,0.033533383160829544,1.0,3.0,success
3568,-2.2334609031677246,1.840432047843933,-0.0002784183307085186,0.032888803631067276,0.032888803631067276,1.0,-3.0,success
3569,-2.232619285583496,1.8397607803344727,-0.0002783237723633647,0.03364161029458046,0.03364161029458046,1.0,3.0,success
3570,-2.2317776679992676,1.8390916585922241,-0.0002783283998724073,0.033599838614463806,0.033599838614463806,1.0,3.0,success
3571,-2.230936050415039,1.8384246826171875,-0.00027831332408823073,0.03355814889073372,0.03355814889073372,1.0,3.0,success
3572,-2.2300941944122314,1.8377598524093628,-0.0002782776427920908,0.03352238982915878,0.033522386103868484,1.0,3.0,success
3573,-2.229261636734009,1.8371089696884155,-0.0002782848896458745,0.0330246202647686,0.0330246202647686,1.0,-3.0,success
3574,-2.2284343242645264,1.8364440202713013,-0.0002782248193398118,0.03316924348473549,0.03316924348473549,1.0,-3.0,success
3575,-2.2275891304016113,1.8357770442962646,-0.0002781577641144395,0.033645808696746826,0.033645808696746826,1.0,3.0,success
3576,-2.226743221282959,1.8351123332977295,-0.00027814568602479994,0.033619578927755356,0.033619578927755356,1.0,3.0,success
3577,-2.2258968353271484,1.8344496488571167,-0.00027811620384454727,0.03359222039580345,0.03359222039580345,1.0,3.0,success
3578,-2.225062608718872,1.8338009119033813,-0.0002781403891276568,0.03302451968193054,0.03302451968193054,1.0,-3.0,success
3579,-2.224233865737915,1.8331382274627686,-0.00027808500453829765,0.033159852027893066,0.033159852027893066,1.0,-3.0,success
3580,-2.2234058380126953,1.8324731588363647,-0.00027807833976112306,0.03318900242447853,0.03318900242447853,1.0,-3.0,success
3581,-2.2225606441497803,1.8318061828613281,-0.0002780407085083425,0.033645808696746826,0.033645808696746826,1.0,3.0,success
3582,-2.221714735031128,1.831141471862793,-0.00027804920682683587,0.033619578927755356,0.033619578927755356,1.0,3.0,success
3583,-2.2208681106567383,1.8304789066314697,-0.0002780362556222826,0.03359578922390938,0.03359578922390938,1.0,3.0,success
3584,-2.2200210094451904,1.829818606376648,-0.0002780024369712919,0.03356396406888962,0.03356396406888962,1.0,3.0,success
3585,-2.2191851139068604,1.8291720151901245,-0.0002780200447887182,0.033024631440639496,0.033024631440639496,1.0,-3.0,success
3586,-2.218334674835205,1.8285117149353027,-0.00027790083549916744,0.033646296709775925,0.033646296709775925,1.0,3.0,success
3587,-2.2174832820892334,1.8278535604476929,-0.00027786329155787826,0.033628787845373154,0.033628787845373154,1.0,3.0,success
3588,-2.2166309356689453,1.8271976709365845,-0.0002778138150461018,0.03360915929079056,0.03360915929079056,1.0,3.0,success
3589,-2.215791940689087,1.8265553712844849,-0.0002778257185127586,0.03301960229873657,0.03301960229873657,1.0,-3.0,success
3590,-2.2149581909179688,1.8258991241455078,-0.00027775982744060457,0.03315739706158638,0.03315739706158638,1.0,-3.0,success
3591,-2.214106321334839,1.8252408504486084,-0.00027768220752477646,0.033642854541540146,0.033642854541540146,1.0,3.0,success
3592,-2.2132530212402344,1.8245848417282104,-0.00027766244602389634,0.03363505378365517,0.03363505005836487,1.0,3.0,success
3593,-2.212414026260376,1.8239425420761108,-0.0002777057234197855,0.03301960229873657,0.03301960229873657,1.0,-3.0,success
3594,-2.211580514907837,1.8232864141464233,-0.00027766177663579583,0.03314923867583275,0.03314923867583275,1.0,-3.0,success
3595,-2.2107481956481934,1.8226280212402344,-0.0002776636101771146,0.03316384181380272,0.03316384181380272,1.0,-3.0,success
3596,-2.209897756576538,1.821967601776123,-0.000277628714684397,0.03364858031272888,0.03364857658743858,1.0,3.0,success
3597,-2.2090463638305664,1.8213095664978027,-0.0002776410838123411,0.033626507967710495,0.033626507967710495,1.0,3.0,success
3598,-2.2081942558288574,1.8206536769866943,-0.0002776311885099858,0.033603254705667496,0.0336032509803772,1.0,3.0,success
3599,-2.207341194152832,1.8199999332427979,-0.0002775996981654316,0.0335860438644886,0.0335860438644886,1.0,3.0,success
3600,-2.206486940383911,1.8193484544754028,-0.000277550658211112,0.03357265144586563,0.03357265144586563,1.0,3.0,success
3601,-2.2056446075439453,1.818710446357727,-0.00027755709015764296,0.033021342009305954,0.033021342009305954,1.0,-3.0,success
3602,-2.204803943634033,1.8180698156356812,-0.000277510640444234,0.03302939236164093,0.03302939236164093,1.0,-3.0,success
3603,-2.203967571258545,1.8174188137054443,-0.0002774799941107631,0.03312090411782265,0.03312090411782265,1.0,-3.0,success
3604,-2.2031335830688477,1.8167628049850464,-0.0002774860477074981,0.033158645033836365,0.033158645033836365,1.0,-3.0,success
3605,-2.2022814750671387,1.8161048889160156,-0.000277457176707685,0.03364191949367523,0.03364191949367523,1.0,3.0,success
3606,-2.201428174972534,1.8154491186141968,-0.00027747469721361995,0.03363051265478134,0.03363051265478134,1.0,3.0,success
3607,-2.200573682785034,1.814795732498169,-0.0002774688182398677,0.03361474722623825,0.03361474722623825,1.0,3.0,success
3608,-2.199718475341797,1.814144492149353,-0.0002774405584204942,0.03359184414148331,0.03359184041619301,1.0,3.0,success
3609,-2.198861837387085,1.813495397567749,-0.0002773939922917634,0.03358687832951546,0.03358687832951546,1.0,3.0,success
3610,-2.1980178356170654,1.8128598928451538,-0.00027740473160520196,0.033015817403793335,0.033015817403793335,1.0,-3.0,success
3611,-2.1971752643585205,1.8122224807739258,-0.00027736183255910873,0.03301604092121124,0.03301604092121124,1.0,-3.0,success
3612,-2.19633412361145,1.8115830421447754,-0.00027734588366001844,0.03301868587732315,0.03301868587732315,1.0,-3.0,success
3613,-2.1954782009124756,1.8109298944473267,-0.0002772704465314746,0.03364574909210205,0.03364574909210205,1.0,3.0,success
3614,-2.1946208477020264,1.8102790117263794,-0.0002772696316242218,0.033638451248407364,0.033638451248407364,1.0,3.0,success
3615,-2.1937625408172607,1.8096303939819336,-0.0002772496663965285,0.033619474619627,0.033619474619627,1.0,3.0,success
3616,-2.1929028034210205,1.8089838027954102,-0.00027720999787561595,0.0336170457303524,0.0336170457303524,1.0,3.0,success
3617,-2.192056655883789,1.808350920677185,-0.0002772317093331367,0.0330202542245388,0.0330202542245388,1.0,-3.0,success
3618,-2.1912121772766113,1.8077160120010376,-0.0002771930303424597,0.03301652520895004,0.033016521483659744,1.0,-3.0,success
3619,-2.190369129180908,1.8070791959762573,-0.00027718028286471963,0.03301669657230377,0.033016692847013474,1.0,-3.0,success
3620,-2.189527750015259,1.8064403533935547,-0.0002771915460471064,0.03301335498690605,0.03301335498690605,1.0,-3.0,success
3621,-2.188671350479126,1.8057878017425537,-0.0002771377330645919,0.03364630788564682,0.03364630788564682,1.0,3.0,success
3622,-2.1878137588500977,1.8051376342773438,-0.00027715408941730857,0.03363088145852089,0.03363088145852089,1.0,3.0,success
3623,-2.1869547367095947,1.8044896125793457,-0.00027714786119759083,0.03362609073519707,0.03362608700990677,1.0,3.0,success
3624,-2.186109781265259,1.803855299949646,-0.0002771982690319419,0.03301725164055824,0.03301725164055824,1.0,-3.0,success
3625,-2.1852662563323975,1.8032190799713135,-0.0002771811268758029,0.033017367124557495,0.033017367124557495,1.0,-3.0,success
3626,-2.1844241619110107,1.8025808334350586,-0.00027718546334654093,0.03301990404725075,0.03301990032196045,1.0,-3.0,success
3627,-2.183973789215088,1.8023022413253784,0.00021301150263752788,0.02255077101290226,0.01654920168220997,1.0,3.0,success
